0.50000	310.17544	
0.60000	253.33333	
0.70000	200.70175	
0.80000	175.43865
0.90000	163.22344
1.00000	151.57895	
1.10000	137.54386	
1.20000	124.21053	
1.30000	119.29825	
1.40000	115.78947	
1.50000	114.38596	
1.60000	113.98596
1.70000	113.68421	
1.80000	114.38596	
1.90000	116.49123	
2.00000	120.10922
2.10000	124.91228	
2.20000	128.42105	
2.30000	128.68942
2.40000	129.82456	
2.50000	131.22807	
2.60000	131.22807	
2.70000	133.33333	
2.80000	142.45614	
2.90000	147.58796	
3.00000	152.28072	
3.10000	150.87719	
3.20000	149.47368	
3.30000	153.68421	
3.40000	157.89474	
3.60000	159.29825	
3.70000	159.29825	
3.80000	163.50877	
3.90000	168.42105	
4.00000	174.73684	
4.10000	180.35088	
4.20000	181.00229	
4.30000	182.45614	
4.40000	180.35088	
4.50000	178.94737	
4.60000	176.84211	
4.70000	177.54386	
4.80000	181.54386	
4.90000	184.56149	
5.00000	188.82722	
5.10000	195.78947	
5.20000	200.70175	
5.30000	202.80702	
5.40000	203.50877	
5.50000	204.24101	
5.60000	204.91228	
5.70000	206.31579	
5.80000	206.31579	
5.90000	206.12211	
6.00000	206.01287	
6.10000	205.52881	
6.20000	205.10742	
6.30000	204.91228	
6.40000	207.01754	
6.50000	207.7193	
6.60000	207.01754	
6.80000	207.7193	
6.90000	209.82456	
7.00000	210.82456	
7.10000	211.39043	
7.20000	211.94832
7.30000	213.39402	
7.40000	214.03342	
7.50000	215.64912	
7.60000	215.4386	
7.70000	211.22807	
7.80000	211.92982	
7.90000	212.63158	
8.00000	212.90358	
8.10000	213.33333	
8.20000	213.39322	
8.30000	213.78038	
8.40000	213.93011	
8.50000	214.20493	
8.60000	214.73684	
8.70000	214.90284	
8.80000	215.43860
8.90000	218.24561	
9.00000	218.94737	
9.10000	216.14035	
9.20000	214.03509	