Person 85
Starting Position = (288.4588521270074,128.61995512516538)
(291.13731297078857,130.58793272490186)
(293.38202354193606,132.22129464521626)
(295.6287043579924,133.83727332157022)
(298.3829717320151,135.77874204749662)
(300.946246634289,137.5707091579533)
(303.28374502432047,139.1983045733705)
(305.58267607082394,140.79242550270013)
(307.9064481839038,142.3966711897211)
(310.22191951278853,143.98905762021263)
(312.57686215079025,145.60251368722706)
(314.9218452647463,147.20422555604048)
(317.22314814453057,148.77239740621536)
(319.5451879523002,150.350903486785)
(321.83867268175806,151.9069341398354)
(324.2834645207172,153.56086143485274)
(326.60122985896146,155.12668924228024)
(328.9217354643461,156.69202967057663)
(331.22852694817766,158.2459520967938)
(333.5378243560558,159.79940133236448)
(336.32864283703015,161.66917158164193)
(338.9754013565071,163.4399509992649)
(341.4098441220369,165.068220601183)
(343.71352858815857,166.60869432183145)
(346.24951883871,168.3015542389164)
(348.6062045623811,169.87384204726928)
(350.8980849928478,171.40203525153524)
(353.20767105155204,172.94069348537496)
(355.58488357470696,174.5225053865163)
(358.2790637611829,176.31093309043558)
(360.56178348179475,177.82629379109903)
(362.8118440139659,179.319405506074)
(365.0627332592339,180.81205648372054)
(367.33130029162976,182.31512312403413)
(369.9000241024388,184.01364031213748)
(372.3715901889453,185.6462498186219)
(374.7782301371466,187.2347578266184)
(377.00344021348053,188.7030716163996)
(379.22928522295285,190.17087069567128)
(381.4727233172996,191.64901463703956)
(383.7007553647422,193.11575602727916)
(385.9299886814217,194.5819536271418)
(388.2436914911489,196.10187869960225)
(390.45912077451914,197.55609302805613)
(392.6423697027601,198.98803613123496)
(395.4951983454653,200.8532554274934)
(398.0338103859812,202.51163504154022)
(400.33987690928967,204.01753805150423)
(402.6633568301903,205.53357807764067)
(405.22236831282146,207.20050220288417)
(407.5325723702432,208.70431290616983)
(409.6264806909344,210.06680242643023)
(411.75439010065105,211.4502729993202)
(414.01733613944526,212.9195547212958)
(416.2653383276588,214.3773479917914)
(418.3306611775721,215.71568764828152)
(420.41369625180783,217.06417364919153)
(422.46446429124256,218.39044821569533)
(424.63399182339475,219.7915632422865)
(426.82217308807776,221.20278902212294)
(428.8440871760167,222.50561640302544)
(430.9007465732727,223.82933190673478)
(433.02618285072145,225.19545258343885)
(435.11972015343446,226.53940163726526)
(437.19802596642234,227.87194321932)
(439.31167562361753,229.225328516548)
(441.4440088235008,230.5888015146491)
(443.4430383629825,231.86572275165838)
(445.375796954709,233.09909474630823)
(447.3773960127558,234.37477892564286)
(449.24530441963594,235.56411299747091)
(451.131276345935,236.7636106628387)
(453.4258303132504,238.21974294693612)
(455.62160423877134,239.61103026407244)
(457.6496194070288,240.8946363735316)
(459.57711534621245,242.11344543064627)
(461.40386359401924,243.26753919809747)
(463.3507443021379,244.49595900712183)
(465.2312324060478,245.6811622810436)
(467.0450377545113,246.82317996430967)
(468.80899316774526,247.93273129636782)
(470.6082459836736,249.06322562511653)
(472.4772374532826,250.2360365112739)
(474.3479904019477,251.40850125768404)
(476.13494141191137,252.52729293173064)
(477.87192365548736,253.61375599374622)
(479.55879657730435,254.66792232544117)
(481.26393294185027,255.73244731038542)
(482.9532300708011,256.78605789960716)
(484.6266604199471,257.82877662492854)
(486.3185238789941,258.881925559763)
(488.01176715909895,259.93488499152534)
(489.65483008571186,260.95573323317444)
(491.31630818307343,261.9870580831429)
(492.97911668910166,263.01824972571575)
(494.6260446041392,264.03868669211573)
(496.3087690526555,265.0803159126636)
(497.97569273987824,266.11124843613686)
(499.62672370768877,267.13149306451913)
(501.2445063822006,268.13042054051056)
(502.8981052384425,269.15061232374114)
(504.50115211217206,270.1389027726156)
(506.08806371721397,271.11656841118685)
(507.6588037559862,272.08363064453215)
(509.2306789498551,273.05075570796106)
(510.80372502367953,274.01797815903444)
(512.360591293933,274.9746799492825)
(514.2145390943384,276.11272522741035)
(515.9488647809899,277.17661224744444)
(517.7895351749244,278.3048364370677)
(519.3803344356418,279.28179902069775)
(520.9155188799041,280.2255635889359)
(522.3624250300096,281.1154856318284)
(523.9643525868597,282.10050239564913)
(525.5150610993579,283.05363802346875)
(526.9800967996492,283.95374863079945)
(528.3767145456226,284.8114734170107)
(529.7742201518231,285.66930814685435)
(531.1728481017639,286.5273567113116)
(532.607511125259,287.4069598240039)
(534.0437078357314,288.28698251753696)
(535.4814428579313,289.16747067983187)
(536.9555940833174,290.06977063130154)
(538.2918026176245,290.88744370532675)
(539.6289309626411,291.70549518641025)
(540.9845113693035,292.5346548819907)
(542.3237058354838,293.353675281368)
(543.6464158098178,294.1625571311778)
(544.9525497266133,294.96130062510827)
(546.2595274335063,295.7605961498666)
(547.5323156829951,296.53908549822626)
(548.8057900247153,297.31813011026094)
(550.0799531236074,298.09776911022)
(551.3547934830738,298.87803584934574)
(552.6302895527958,299.6589592973345)
(553.8888579171697,300.4298216629015)
(555.112843411117,301.17984818522854)
(556.3493405849199,301.93895684201374)
(557.5650818754336,302.6863989317846)
(558.7612924546639,303.4226512691537)
(559.9736190947576,304.16945388034634)
(561.1506150880683,304.8949876955733)
(562.3100223006157,305.6100808464827)
(563.4868967357282,306.3362806636646)
(564.8384301804118,307.17046853218375)
(565.9821806909648,307.87674709784335)
(567.1262516721404,308.58355078587573)
(568.270745791997,309.29094993432614)
(569.3982801921629,309.98822116892893)
(570.543655662603,310.69690454695507)
(571.67204933005,311.3954947914998)
(572.8182262065424,312.10554731901794)
(573.9124046917449,312.78386911121106)
(575.3563964063895,313.6796260098353)
(576.5567939520606,314.42494521128566)
(577.862016946133,315.2361203806115)
(579.0974013405906,316.0046972912009)
(580.1927269349161,316.6868799842655)
(581.2697837384862,317.35842590797836)
(582.3285380160587,318.0193018440927)
(583.3863343496882,318.68033786543253)
(584.4257351282488,319.33063714040554)
(585.6377839985948,320.08990473011886)
(586.7273001730836,320.7732874927957)
(587.763389403279,321.42399306403667)
(588.7632750472453,322.0527668440771)
(589.76141632313,322.6812580134115)
(590.7404879245062,323.29854593921243)
(591.7347699457881,323.9262586353157)
(592.7097788321147,324.5426310235289)
(593.7338266393512,325.1909077580479)
(594.7553158983131,325.83849119412895)
(595.7909669075549,326.496026753212)
(596.7555461187886,327.1093533603243)
(597.7167124077897,327.72144428811276)
(598.640529131643,328.31066113751785)
(599.5437080262634,328.8876220865682)
(600.442762274815,329.4628742629894)
(601.3207831244055,330.02559286879494)
(602.1775937469457,330.57564005861485)
(603.0294036529147,331.12341881456865)
(603.8758068094564,331.6686841895474)
(604.7163510085604,332.21116198702924)
(605.5505424774016,332.75055112746526)
(606.3937479310823,333.2968252116228)
(607.213572773436,333.8290180485203)
(608.0253601354495,334.3570828724681)
(608.8285378741887,334.88065829425443)
(609.6377792877263,335.4093300105363)
(610.5274306419236,335.9917305718815)
(611.2861268243897,336.48958816979933)
(612.0048839364655,336.9623862506317)
(612.7131822380389,337.4294271174521)
(613.410776949701,337.8904975287953)
(614.097465190393,338.3453982207999)
(614.773102396896,338.7939501159002)
(615.4376220181535,339.2360013495128)
(616.1043725184409,339.68026567063356)
(616.746836937639,340.1089384260717)
(617.3786727147714,340.53088360426585)
(617.9876685185617,340.93771075534937)
(618.5873828531941,341.33812145474883)
(619.1786494572783,341.7322488436731)
(619.8116111916736,342.1524420232183)
(620.353070561269,342.51059543860663)
(620.9014075367087,342.8712771928866)
(621.457814745179,343.23440992680156)
(621.9996578027387,343.5847269952654)
(622.5399856900427,343.9300815920873)
(623.0919675199614,344.2779290899891)
(623.6329026739826,344.61351303370293)
(624.1755178971509,344.9442145110139)
(624.7085017237794,345.26291683297404)
(625.244387386327,345.5767161425099)
(625.7714510308348,345.87866566460036)
(626.3145172806549,346.1823034416692)
(626.8493951781072,346.4740085518896)
(627.4009938471918,346.7667986561398)
(627.9699203017462,347.0601314255269)
(628.7543402194863,347.44589502755156)
(629.4048993568936,347.7550345624857)
(630.1262931077487,348.0843642231211)
(630.6924356661881,348.3357779844436)
(631.2441367129346,348.57412358494815)
(631.793562876381,348.8048047366996)
(632.3528739907326,349.0324989816746)
(632.908422064625,349.2514307555002)
(633.4467151945497,349.4565804461757)
(633.9798195374972,349.6525022287224)
(634.4949415655581,349.8346348763279)
(634.9798661871006,349.99933481794216)
(635.4592752949899,350.15491349895797)
(636.0057566657364,350.3212081608582)
(636.511780215828,350.4651221849432)
(637.0853186549499,350.6133195505121)
(637.5848683073324,350.7307792281833)
(638.0696662438783,350.83307698373915)
(638.5873899697101,350.92783899640955)
(639.045435551135,351.0001476627068)
(639.4903194156573,351.0590720046645)
(639.9108672745582,351.10440152997256)
(640.3418676872161,351.1395719683018)
(640.7722746111342,351.16317516221596)
(641.2023038103571,351.1750430156614)
(641.6320748504489,351.1750228575771)
(642.0962773690809,351.1608423004705)
(642.5956396087714,351.128967885662)
(643.0492662670546,351.08639965906247)
(643.4908518080113,351.0320445807285)
(643.943139787516,350.96284544938464)
(644.3946958045196,350.88047987284006)
(644.8454654232422,350.7854073798705)
(645.2840356230816,350.68129834215125)
(645.7104014760461,350.5698032851942)
(646.124643553934,350.4525753623811)
(646.5382082948986,350.32763065753534)
(646.9400310759207,350.1997892181891)
(647.352829775471,350.0628926101343)
(647.7543575013335,349.92566056851336)
(648.1672642144421,349.7815912792655)
(648.5805266160207,349.63577513835025)
(648.9942163261859,349.48946377860585)
(649.385696977181,349.35164825098474)
(649.7773181720321,349.2153728164391)
(650.1690022742391,349.08152459102354)
(650.5606043900797,348.95091237266774)
(650.9631921348774,348.82079172296704)
(651.3539953330121,348.6988687835954)
(651.7550625621268,348.57888691138237)
(652.1436000075419,348.46771033076396)
(652.5302763298555,348.3622600162678)
(652.9145632369149,348.2626593298687)
(653.306777616465,348.16643359695047)
(653.6737146759649,348.0808902974536)
(654.0365938862808,348.00046158281737)
(654.384366968125,347.9268907235796)
(654.7375003402396,347.85551618341145)
(655.105135747895,347.7844507290753)
(655.5746679340585,347.69874205209777)
(655.907312206875,347.63925364970936)
(656.2326580026314,347.58175980197075)
(656.5413430987898,347.52737006358115)
(656.8339187036268,347.4755942134368)
(657.128599151978,347.4229752933194)
(657.4078546087085,347.37246100231613)
(657.6892869415309,347.3208225455864)
(657.964445073524,347.2700625261179)
(658.2257714589932,347.2215572527579)
(658.4900319935518,347.172290418928)
(658.7418443265892,347.12519837074984)
(658.9820564479893,347.08022882505)
(659.2189982211522,347.0359792293979)
(659.4530873463509,346.99254824239466)
(659.6846846942784,346.9500667185707)
(659.9140849223947,346.908701761764)
(660.1415116810889,346.86866090182855)
(660.3743899901822,346.82904366058773)
(660.598250257453,346.7925416336452)
(660.813235592879,346.75925492922676)
(661.0265517263273,346.72834634400857)
(661.2381459345911,346.70017773458)
(661.4479345536774,346.6751177883164)
(661.6488975636502,346.6540885489352)
(661.8547472461772,346.63611711529467)
(662.0583889095902,346.6221969892217)
(662.2596254556528,346.6125172646309)
(662.4582223565117,346.60716701680207)
(662.6539025608888,346.60611866922204)
(662.8463430348096,346.6092171815277)
(663.0413804572905,346.6165729601743)
(663.2260854793046,346.6271175537238)
(663.4004166750071,346.64000160859814)
(663.5701251500294,346.6550348447226)
(663.734813434154,346.67162722543287)
(663.8887832195818,346.68852615426556)
(664.0425882524066,346.7064256781261)
(664.2538051216296,346.73242913922)
(664.4030138585545,346.7508074002858)
(664.5413893743474,346.76759466294243)
(664.6829148926092,346.7844760066105)
(664.8152814816073,346.8001679185355)
(664.9401242409731,346.8152454419174)
(665.0590666433518,346.8303581827435)
(665.1861917107302,346.8481736451502)
(665.306631655964,346.8671023560017)
(665.4302399027727,346.8891835001777)
(665.5539014869909,346.9141752159698)
(665.6782602359582,346.94228398825084)
(665.8139294456636,346.9763956527662)
(665.9572021160542,347.0159600556282)
(666.097162588382,347.0576221077247)
(666.2443923684605,347.10441565361856)
(666.4053953760016,347.1587090404824)
(666.5678315723418,347.216256845115)
(666.7583030189375,347.28704741906813)
(666.9358845654343,347.3555563701838)
(667.1272607144833,347.4319559219951)
(667.3326637358751,347.516561124252)
(667.5679722884513,347.6164525042099)
(667.7777471205656,347.7076419958148)
(667.9998293779307,347.8063313097269)
(668.209172609197,347.90112361382063)
(668.4210888431652,347.99874273618065)
(668.6266966757328,348.09492061964255)
(668.8337334595791,348.19316008091)
(669.0418183479851,348.29323569204746)
(669.2421678006663,348.3908100925907)
(669.4512501241688,348.4939439102431)
(669.6604026098531,348.59845368346606)
(669.8609244428917,348.6999669798623)
(670.0692784883806,348.80697313652655)
(670.2768014048091,348.9152373518397)
(670.4831770624746,349.02478091059345)
(670.679904153652,349.13114314729046)
(670.8830356478977,349.2432935912828)
(671.076042141687,349.3522248750636)
(671.2588666622344,349.45778139327587)
(671.4625514878749,349.5785983822487)
(671.6628571299701,349.7008183329381)
(671.8519692325956,349.81949373056796)
(672.0518313887588,349.9487887545361)
(672.2257107615366,350.0643671402316)
(672.4025439313889,350.18517996905115)
(672.5681778908008,350.30124392345857)
(672.7361408906614,350.4218730977327)
(672.8931071535068,350.53708167119083)
(673.0576841216422,350.66052607463655)
(673.2050763429883,350.7730297168927)
(673.3365303839829,350.87475065548034)
(673.4701941993765,350.9793748353755)
(673.594820509431,351.077755409276)
(673.7218749459711,351.1786692885954)
(673.8407043015916,351.27339879781067)
(673.9571082698441,351.3663580821206)
(674.076477336839,351.4616957779221)
(674.1887984748922,351.5513274319191)
(674.299522697774,351.640084540376)
(674.4089530217316,351.72811906160337)
(674.5124892321295,351.81166809817734)
(674.6153663288211,351.8949337733838)
(674.7178331324559,351.97812938644154)
(674.820120889775,352.0614692835572)
(674.9224389446683,352.14515970045846)
(675.0249714539158,352.22939217083524)
(675.1278749908026,352.3143392665286)
(675.2312768703257,352.4001522476286)
(675.3352740393724,352.48696009680515)
(675.439932400349,352.57486939202875)
(675.5452864714235,352.6639645244189)
(675.6513393237498,352.7543078742827)
(675.7580627688022,352.84593969500577)
(675.8705062669153,352.9436065478091)
(675.9731727155848,353.03374006285486)
(676.0813802985438,353.12981840014817)
(676.1795112684468,353.2178609696895)
(676.2829485820959,353.3116984394853)
(676.3863858182368,353.40659903588835)
(676.4896627711393,353.5024462156823)
(676.5977265551188,353.60397914972646)
(676.7001250285608,353.70138122746687)
(676.7967628161857,353.79441830309554)
(676.8925892395525,353.88783208652734)
(676.9874301252486,353.98148797124367)
(677.0811067513313,354.0752442595944)
(677.173434970467,354.16895240684875)
(677.2642245544018,354.2624581905388)
(677.3532789030047,354.3556036181483)
(677.4403952680792,354.4482293995536)
(677.5253656326505,354.54017781954343)
(677.6079783598099,354.6312958532622)
(677.6880206833158,354.7214383734701)
(677.7652820584142,354.8104713045734)
(677.8395583304257,354.89827458673625)
(677.9106566160702,354.9847448260968)
(677.9784007339564,355.06979752556066)
(678.0426369713967,355.1533688152568)
(678.1032399389364,355.23541663188644)
(678.160118244479,355.3159213302987)
(678.2132197167656,355.39488574634885)
(678.2625359226594,355.4723347646251)
(678.3081057521314,355.54831447494473)
(678.3500178858429,355.6228910247112)
(678.3884120090484,355.6961492880388)
(678.4234786891278,355.7681914769335)
(678.4555796436414,355.83908664591996)
(678.4836050161025,355.9053289453821)
(678.5095207072105,355.97079662685115)
(678.5336364641387,356.03565260916474)
(678.5562917057212,356.10007484088527)
(678.5778513196515,356.16425591988417)
(678.5987009415711,356.22840311063106)
(678.6192417383583,356.29273854163796)
(678.6398847599307,356.35749935487735)
(678.6598421212223,356.4192275425699)
(678.6818794478828,356.485516892134)
(678.7052277737383,356.5530149786632)
(678.7302780131731,356.6220118137912)
(678.757401345314,356.6928061257295)
(678.7869440999577,356.76570191985576)
(678.8192233469093,356.84100428906635)
(678.8545233250217,356.91901455714316)
(678.8930928126772,357.00002487594276)
(678.9351435025163,357.08431242699356)
(678.9808494021612,357.1721333996754)
(679.0333368062988,357.2691010436326)
(679.0869868756557,357.36498853082566)
(679.1412115821372,357.4592255207442)
(679.1990460461353,357.5572642477815)
(679.2605316466668,357.65920471059127)
(679.3256957372731,357.76511713225057)
(679.3945514887625,357.8750384928414)
(679.4670982741012,357.9889702291182)
(679.5433224347149,358.1068770966607)
(679.6231982590564,358.22868717215084)
(679.7066890037189,358.3542929523304)
(679.7884139530664,358.4756910813387)
(679.8787635035156,358.60817600348963)
(679.9783144636989,358.7522275753527)
(680.0757050632615,358.89134084387115)
(680.1763804864505,359.03328116305704)
(680.2802435487558,359.1777985299879)
(680.3871833190198,359.3246351123773)
(680.4970726098994,359.4735293867335)
(680.6097650347064,359.6242194539994)
(680.725091747597,359.7764452743215)
(680.8428580010468,359.92994962760616)
(680.970032573386,360.0937016490702)
(681.0920822236474,360.2491053443983)
(681.2157773699142,360.4050008624221)
(681.3407841078154,360.56112401095334)
(681.4667269380682,360.71719847664303)
(681.5931866559818,360.87293020763707)
(681.7196987043995,361.0280016666338)
(681.8457520489999,361.1820663510151)
(681.970788664668,361.3347439857647)
(682.0942037699334,361.48561679363274)
(682.2153470105873,361.63422723900334)
(682.3335248675886,361.7800776288536)
(682.4480046385786,361.92263193495455)
(682.5580323669541,362.0613517160825)
(682.6569933157955,362.1879803502986)
(682.750706043544,362.310209241591)
(682.8385236061647,362.4275799617268)
(682.9378364975221,362.5661494832828)
(683.0467087750066,362.73145909114487)
(683.1118194856361,362.8378818412741)
(683.1636976696274,362.930892388859)
(683.2056154464399,363.016211871337)
(683.2373853528728,363.09378041226176)
(683.2589967281123,363.16368605476146)
(683.2706288792011,363.22617657806063)
(683.2726568691137,363.28166509868134)
(683.2646769205586,363.33326180496584)
(683.2474857335285,363.37858627058637)
(683.2203495682421,363.420681502448)
(683.185762835117,363.4584440527541)
(683.1477902315859,363.4916317520277)
(683.1085921175909,363.5217989964908)
(683.0648611370584,363.55376842425324)
(683.0205713374561,363.5873253754067)
(682.9819062115565,363.61927419740306)
(682.9450476279334,363.6542006101874)
(682.9110761814404,363.6929064883115)
(682.8794804074217,363.73919786418446)
(682.8546929535845,363.787928555691)
(682.8350182642359,363.8461897034014)
(682.8231761224284,363.90710357090177)
(682.81870081488,363.97435883208396)
(682.8221812344968,364.04809399511475)
(682.8328065627504,364.1228790842925)
(682.8511153005381,364.2032553426745)
(682.8773490568531,364.2890733481286)
(682.9145947594359,364.38659884166043)
(682.9576888178539,364.48292438638214)
(683.008972223739,364.5837881246756)
(683.0683902985242,364.68878130555754)
(683.1358244722168,364.79745176175527)
(683.2167235015468,364.91703125664)
(683.3001468488719,365.0317707328921)
(683.3974778889742,365.1565753109744)
(683.5171308508743,365.299252166932)
(683.654049366081,365.45135614331133)
(683.7600411719093,365.5635345394711)
(683.8790885662527,365.68337948432054)
(684.003150002856,365.8023750450731)
(684.1317370441127,365.9200444010047)
(684.2735157968696,366.043568489258)
(684.4099070303513,366.15716276631815)
(684.5492560154237,366.2681797722942)
(684.6910459979879,366.37629456346485)
(684.8250324845712,366.47440602768233)
(684.960258783663,366.5695302615318)
(685.1061381397419,366.66787082511087)
(685.2427049637577,366.7563836874538)
(685.3793030752892,366.8415414389432)
(685.5155645967395,366.92329411010803)
(685.6511374549968,367.001623601936)
(685.7856876183122,367.0765417682597)
(685.9189013384865,367.1480882936655)
(686.0504873558557,367.2163284682656)
(686.1801790040951,367.2813509455729)
(686.3077361358526,367.3432655458385)
(686.4329467809216,367.40220113753014)
(686.5556284476226,367.4583035979127)
(686.6756289858175,367.51173382394126)
(686.8010171620026,367.5661574064271)
(686.9151457309622,367.6146519813658)
(687.0263146258733,367.661039750727)
(687.1344929951929,367.7055209642257)
(687.2396766688089,367.7482997211658)
(687.3418860026953,367.7895813379605)
(687.4480666772387,367.83237265711057)
(687.544301956155,367.87122903676385)
(687.6507279227882,367.9145723926309)
(687.7537312966033,367.9571083275999)
(687.8471396897273,367.99636198106685)
(687.9375917107491,368.0352334139178)
(688.0196127227002,368.07136852075746)
(688.0994608956757,368.107588593728)
(688.1773873371822,368.1441303442034)
(688.253660482235,368.1812308277195)
(688.3285604318672,368.2191210921849)
(688.4076158355316,368.26092990730115)
(688.480620289955,368.301173154224)
(688.5531278428167,368.3428153744379)
(688.6306160257094,368.3892624544285)
(688.7029983421615,368.43428831528007)
(688.7809619243973,368.4846015873046)
(688.8542839905655,368.53337592292894)
(688.9283754361066,368.58398368698346)
(689.0089199268826,368.640337438202)
(689.0852384335042,368.69469937430074)
(689.1628497875854,368.7507489264602)
(689.2476895700523,368.8126570821767)
(689.3343372020138,368.87625495924726)
(689.4228855001712,368.9413490523884)
(689.5133968463264,369.00772177451256)
(689.6059030799287,369.07513543879446)
(689.7004054077063,369.1433360016842)
(689.7968743079197,369.2120564528004)
(689.8952494216871,369.281019764434)
(689.9954394380845,369.34994134007434)
(690.0973219931818,369.41853092783487)
(690.2007436157133,369.48649399111906)
(690.3055197635382,369.55353255568536)
(690.4114350052276,369.61934557968516)
(690.5182434097477,369.68362892119956)
(690.6184358848967,369.74201255548604)
(690.7261230202674,369.8024406482597)
(690.8338180758187,369.8604273308849)
(690.9411653274254,369.91565217442763)
(691.0477859427825,369.96778987883556)
(691.1532810913162,370.01651073808813)
(691.2572357310718,370.06148180197545)
(691.3592231029985,370.10236889310585)
(691.4588099397845,370.1388396012001)
(691.5555623674203,370.17056732498776)
(691.6490524429271,370.1972363660874)
(691.7388652316764,370.2185480017668)
(691.8246062838069,370.2342273789165)
(691.9059093238716,370.24403098624754)
(691.9824439246894,370.2477543834537)
(692.0539229001456,370.2452398034842)
(692.1201091277022,370.23638320554306)
(692.1808215048248,370.2211403488753)
(692.2326154556459,370.20139337304494)
(692.279489716569,370.1761927297338)
(692.3240639144739,370.14303682821804)
(692.3630579462887,370.10394064836413)
(692.3966049491268,370.05918403865553)
(692.424900241698,370.00910691170014)
(692.4481969865565,369.95410270029555)
(692.4668006537541,369.8946104892342)
(692.4810625794609,369.831106268626)
(692.4913729346384,369.76409379056906)
(692.4981534075657,369.6940954993892)
(692.5017874636317,369.62665852229185)
(692.503026958625,369.55244636868997)
(692.5022539885409,369.47748807184894)
(692.5002671842578,369.4075757288414)
(692.49733350487,369.3337278846748)
(692.4944734818914,369.2667956297043)
(692.491963565049,369.1986973969515)
(692.4906520405837,369.1394733591287)
(692.4908714049889,369.08571069128186)
(692.4930646614854,369.0384739342016)
(692.4981525618977,368.99653923354276)
(692.5055800688286,368.9657891879463)
(692.5159215771222,368.94411895330046)
(692.5293464714717,368.93206807562643)
(692.5474218724356,368.9307079497469)
(692.5675376019494,368.9396872478657)
(692.5909013745743,368.9590014321516)
(692.6174753480171,368.98860811187063)
(692.649570107572,369.0320141807685)
(692.6825547506436,369.082378292142)
(692.7212514457093,369.1472956996797)
(692.7631319730325,369.2226500670871)
(692.8048171260033,369.3015298472895)
(692.8522993381672,369.3953093614233)
(692.9024042586991,369.4976896817054)
(692.9549353664054,369.60798767605723)
(693.0096994159283,369.72551374945937)
(693.0665085406067,369.8495815749603)
(693.1211359715511,369.970465926622)
(693.1813685331191,370.105239483446)
(693.2458785470373,370.25278269721986)
(693.3095059957099,370.4003547673655)
(693.3762897354109,370.55665741077195)
(693.4459763148967,370.72061114156736)
(693.5183180891761,370.8911926808007)
(693.5930705993242,371.0674351583188)
(693.6699899413519,371.2484274328555)
(693.7488301904544,371.43331264343266)
(693.829340956892,371.6212861037649)
(693.91126515745,371.81159264872883)
(693.9943625675468,372.00369823019156)
(694.0783528911797,372.1969529160739)
(694.1629409529965,372.39075158469416)
(694.2478158706643,372.58453062598494)
(694.332650919026,372.7777645823545)
(694.4171041440769,372.96996283094376)
(694.5008197534007,373.1606664081019)
(694.5834302758122,373.34944507263486)
(694.664559449341,373.53589469606237)
(694.7438257659649,373.7196350555691)
(694.8208465758627,373.9003080889012)
(694.8952426348756,374.0775766509557)
(694.9666429670311,374.25112379037836)
(695.0346899092732,374.42065254245324)
(695.0990442071793,374.58588621324765)
(695.1593900372224,374.7465691106055)
(695.2154398415997,374.90246766115354)
(695.2669388744101,375.0533718397712)
(695.3136693717711,375.1990968294395)
(695.3554542724427,375.33948482522067)
(695.3921604290847,375.4744068961991)
(695.4237012632141,375.6037648231031)
(695.4500388292687,375.72749283625694)
(695.4711852650757,375.8455591873981)
(695.4872036176085,375.95796749834415)
(695.4982080441569,376.06475783792354)
(695.5043633995936,376.1660074843362)
(695.5058842295753,376.2618313316843)
(695.5030331961493,376.3523818957451)
(695.4961189649421,376.43784886481586)
(695.485493580361,376.51845812734723)
(695.4715493457687,376.59447019108364)
(695.4547152087227,376.6661778919899)
(695.4354526276135,376.7339032804756)
(695.4142508676649,376.7979935744807)
(695.3916216463555,376.85881609365043)
(695.3663484750796,376.92070259761596)
(695.3424381716839,376.9759923063507)
(695.3218141279737,377.04116435925124)
(695.304955897499,377.1153993321254)
(695.2922828446057,377.197913069707)
(695.2841495048852,377.2879565045044)
(695.2808420872565,377.38481553650286)
(695.2825761406759,377.48781088583866)
(695.2894953876012,377.5962978341151)
(695.3016717021364,377.70966577675637)
(695.3191061844014,377.8273375184689)
(695.3417312556514,377.94876825609646)
(695.3694136729537,378.0734442073487)
(695.4019583402344,378.2008808592685)
(695.4391127743329,378.33062082688554)
(695.4805720730573,378.4622313293867)
(695.525984228083,378.5953013080311)
(695.574955628923,378.7294382269557)
(695.6310342840916,378.8739154240642)
(695.686005499235,379.0090602189142)
(695.7431203763117,379.1441464067799)
(695.8062101593398,379.2883725738082)
(695.8705475901144,379.4316553055123)
(695.9310924930297,379.56421417412645)
(695.9959256253582,379.70444058910886)
(696.0558073116149,379.8333861043924)
(696.114517757227,379.96001753880074)
(696.1715203346911,380.0839445850863)
(696.2262874078671,380.2047698838476)
(696.2783041590591,380.32209218356564)
(696.3270727855434,380.43551109955024)
(696.3721172205755,380.54463344640976)
(696.4155830869303,380.65614638905726)
(696.4515357824706,380.7551738537601)
(696.4877887682156,380.8673795745325)
(696.5122791693894,380.9540869433414)
(696.5351936157494,381.05627817047304)
(696.5549471290649,381.1673402358261)
(696.5708233736067,381.2783699121984)
(696.5843790747335,381.3964473881202)
(696.5958904612748,381.52125497893655)
(696.605659974387,381.65248057222624)
(696.6140061011887,381.7898168080306)
(696.6217015995762,381.9436222833995)
(696.6285452137165,382.1037147990978)
(696.634525683891,382.2582962372715)
(696.6404727164372,382.41773839846695)
(696.6468071783321,382.5817372804864)
(696.6545781502836,382.76231173212494)
(696.6632095856111,382.9347553317006)
(696.6746430099729,383.12360659612807)
(696.6877795706849,383.30308037949163)
(696.7053054259565,383.4986256131557)
(696.7252268695404,383.6835798256296)
(696.7512594295108,383.88405898184)
(696.7801575112347,384.0727497032338)
(696.8169451121183,384.27616207456407)
(696.856807682444,384.4665940378094)
(696.9026001078505,384.6570731919488)
(696.9589157988601,384.8605170889443)
(697.0181392860763,385.0492311297656)
(697.0843361215891,385.23614085768173)
(697.1636238851797,385.4335152549384)
(697.2515894318757,385.62715922423814)
(697.3485128984644,385.8162148421262)
(697.4546366892375,385.9998280995439)
(697.5701599963188,386.1771700681461)
(697.6952303120464,386.34746110387744)
(697.8299321442323,386.5099969157342)
(697.9742736167058,386.6641748840345)
(698.1281721134046,386.8095186912763)
(698.2914405229562,386.9456992135999)
(698.4637758733631,387.07254976876874)
(698.6447521393936,387.1900742367576)
(698.8338187240483,387.29844721380323)
(699.0303055810394,387.39800613217585)
(699.2334352355147,387.48923604990796)
(699.4423411939833,387.5727484639975)
(699.6560915421361,387.6492559356955)
(699.8589344200843,387.715244289644)
(700.0792344377319,387.78049731395294)
