Person 24
Starting Position = (172.7087840012065,595.6699039153171)
(175.7906155821836,594.4200926446515)
(178.37636537029448,593.3789342883526)
(180.95978470342862,592.3452964771045)
(184.09764566099867,591.097994882919)
(187.01547160052627,589.9439411522873)
(189.6795720641577,588.8941376469218)
(192.30022297767673,587.864528845322)
(194.94741912598417,586.8270590727325)
(197.58336198210432,585.796104231533)
(200.26166519244435,584.7504030534507)
(202.92687636371,583.7113420236965)
(205.54165546445424,582.6932041908223)
(208.17863885737793,581.6675315648613)
(210.7824254298688,580.6557150935672)
(213.55475740923526,579.5793423766336)
(216.1830899129551,578.5596241458462)
(218.8140687759967,577.539543359669)
(221.42905540039047,576.5262473421624)
(224.04627111425333,575.5126111593984)
(227.20099681289858,574.291483476469)
(230.19224998780095,573.1342013991465)
(232.94550664217246,572.0694362384916)
(235.55264323706766,571.0615337966335)
(238.42056624999015,569.9531982796959)
(241.08652086931377,568.9232188373664)
(243.67981361688894,567.9215754686512)
(246.29296364219752,566.9125090998255)
(248.98158322547133,565.8745432381523)
(252.02413850085776,564.7002301459916)
(254.60403416824357,563.7046895501776)
(257.1478700792739,562.7232515734398)
(259.692714504717,561.741603580535)
(262.25711042644923,560.7525887139715)
(265.15718877853175,559.6343280052853)
(267.9468081445844,558.558858419199)
(270.6630348403613,557.5118696146297)
(273.17543764216737,556.5436039910923)
(275.6886293903113,555.5751917303197)
(278.22120522547795,554.5994705047212)
(280.73588820738064,553.6308022687145)
(283.2512759207065,552.6620242328125)
(285.86056068344124,551.6572595895885)
(288.3586753927306,550.6954688855559)
(290.82012354629063,549.747959353657)
(294.0284832021972,548.5132203350186)
(296.88326533734886,547.4147865170353)
(299.477500215598,546.4167988404228)
(302.09105293467417,545.4115851343125)
(304.9667172578112,544.3058172793299)
(307.56288698916967,543.3077393982034)
(309.9167256653051,542.4030091680487)
(312.30839372023075,541.4839384886759)
(314.8500423489693,540.5074686661139)
(317.373479184754,539.5382362023696)
(319.69169285219067,538.6480384928259)
(322.02898204967454,537.750737667856)
(324.3292272199293,536.867881575725)
(326.760757874293,535.9348957581518)
(329.21136349075977,534.9948625219605)
(331.4752077785813,534.1267085899391)
(333.7767756967871,533.2443440811116)
(336.1535017459614,532.3334484403381)
(338.49308824613456,531.437069682718)
(340.81423115594157,530.5480449548613)
(343.17308128504743,529.6448849230749)
(345.5509142318956,528.7347789215668)
(347.77918230023226,527.8822104067043)
(349.93274338911635,527.0585084528905)
(352.1614018809919,526.2063967895807)
(354.2403884854416,525.4117939206759)
(356.3382478215402,524.610276075432)
(358.8858397965035,523.6373868383708)
(361.32121176867224,522.7077799875972)
(363.5693912034333,521.8500013013303)
(365.70527991430134,521.0354170439047)
(367.728845398608,520.2639977517747)
(369.88365395389803,519.4429323041655)
(371.9635779186647,518.6507748090047)
(373.9685973104571,517.8875063937455)
(375.917431524806,517.1459786475815)
(377.9037555585236,516.3905645513628)
(379.96502667869436,515.60706820657)
(382.02627067134495,514.8240164020245)
(383.9937832090159,514.0769815199432)
(385.90503242095394,513.3517088860826)
(387.75701926483055,512.6539988677199)
(389.62579706036234,511.95324528274665)
(391.4747373267379,511.261996258023)
(393.30430551993254,510.57933712278833)
(395.1520986401962,509.8908386586625)
(396.99961259690707,509.20315308780783)
(398.79097260967103,508.5368972784548)
(400.6008749522043,507.8642073599983)
(402.41069206175945,507.19197058442927)
(404.20178549175296,506.52708452395507)
(406.0301337289876,505.84877942200774)
(407.83977072234006,505.1778261254563)
(409.63069815507333,504.5142253367774)
(411.3842607859754,503.86488535381744)
(413.1750724172156,503.20220653038257)
(414.9098590819238,502.56070772855804)
(416.6259253698762,501.92659244145005)
(418.3232668040118,501.2998700564095)
(420.0205290896511,500.6736741220587)
(421.71770484145196,500.04803169543635)
(423.3961384323201,499.4298331063981)
(425.3914691310395,498.6957065710791)
(427.25613962141654,498.01038234358384)
(429.2325459575349,497.28485235511164)
(430.94780637891665,496.65586984053675)
(432.6070226778218,496.04810417692016)
(434.1708588367372,495.47829976874453)
(435.9004094828439,494.85086199611806)
(437.57301614581877,494.24598697359295)
(439.1519849045453,493.67631172256614)
(440.65617049287226,493.13463474582005)
(442.1599826801334,492.5939887212417)
(443.6634905237073,492.05427038885875)
(445.2038490823268,491.50213147689016)
(446.7439649444448,490.950856413935)
(448.28385591890543,490.40042290358844)
(449.860626535292,489.83759900760356)
(451.2888130156855,489.32846286633526)
(452.7168154081355,488.8200476604233)
(454.1631694306483,488.30577729800603)
(455.5907849911939,487.798838178689)
(456.9996621143159,487.29921175758705)
(458.3898003230953,486.8068795476429)
(459.7477341078941,486.3250383610999)
(461.10907333515377,485.8415225388697)
(462.4727614736096,485.3570363159378)
(463.8380330862158,484.87209531779035)
(465.2043325619239,484.38707765682943)
(466.55177579430557,483.90945535247954)
(467.8616114831256,483.44583109390305)
(469.189946979822,482.97634902409436)
(470.49934971470174,482.5142322924125)
(471.7898175055669,482.0594548736372)
(473.09874204448903,481.5988504450662)
(474.3700280865514,481.15213069789917)
(475.62237612632174,480.71268687181714)
(476.8931557247366,480.2674148948633)
(478.35045718039595,479.75762657865533)
(479.58329071332696,479.32695893073475)
(480.81584473173126,478.8969845713573)
(482.04810597560174,478.46770495295664)
(483.2613988371734,478.0456044892472)
(484.493036039436,477.61770673618025)
(485.7056852824803,477.1969679216773)
(486.93663853862466,476.77045224701624)
(488.1113045479757,476.3639565650152)
(489.65827565177403,475.82951049669947)
(490.943878374216,475.3859609797202)
(492.3407439136575,474.9047200793886)
(493.6626208296428,474.44992371380334)
(494.8351567985416,474.04697836687643)
(495.98868464443507,473.65101143362233)
(497.12321112826703,473.2619902840325)
(498.25732883380556,472.87352363456165)
(499.37244649969165,472.4919567605243)
(500.6728450894025,472.04751157057035)
(501.84272725275804,471.6480813996112)
(502.95645768469194,471.26818144624633)
(504.03263969781057,470.9014142983069)
(505.10838743675885,470.5351100098515)
(506.1651583382729,470.17556171214903)
(507.240014074265,469.8101545888026)
(508.29588840437145,469.4514739807747)
(509.406826373566,469.07437966900375)
(510.51724273836,468.6977422640368)
(511.64561436451993,468.31529118068465)
(512.699502079698,467.9583155348095)
(513.7528874256515,467.6017290724553)
(514.7688350057749,467.2580094435336)
(515.765842676517,466.9208745195025)
(516.7623740218021,466.58406776275416)
(517.7399846061811,466.25380710292274)
(518.6986936342953,465.9300681274198)
(519.6569397799202,465.60661242140617)
(520.6147164029106,465.2834326558881)
(521.5720170654687,464.9605212591691)
(522.5288355284725,464.6378704435466)
(523.5035471179532,464.30927723278825)
(524.4593737771073,463.9871281298214)
(525.4147005296855,463.66521505522445)
(526.3695215797235,463.34352981935547)
(527.3421731334555,463.01588657517095)
(528.422719350905,462.6530964772673)
(529.3553600852024,462.34064400053495)
(530.2503075924114,462.041308177867)
(531.1442635812089,461.7426827075726)
(532.0373316605409,461.444640330591)
(532.9295956934664,461.14707540754387)
(533.8211232421106,460.8499002914519)
(534.7119683884996,460.55304232630954)
(535.6203281892997,460.2503936341578)
(536.5099157904525,459.9540040909734)
(537.3989242378373,459.6577799035949)
(538.2690625558675,459.36785707200454)
(539.1385308623587,459.07813536034587)
(540.0073782825152,458.7885683274306)
(540.9479496446313,458.47500661469286)
(541.7614297367948,458.203725992639)
(542.5925128783938,457.9264690823707)
(543.4411866447068,457.64322085022957)
(544.2713603160469,457.36601991309476)
(545.1010987608856,457.0888301717954)
(545.948424410912,456.80561990216836)
(546.7772899819687,456.52843740611763)
(547.6057197739096,456.2512567376082)
(548.415716296378,455.9801057314791)
(549.2252792882093,455.7089631026575)
(550.0164258621121,455.4438599712101)
(550.8250930614903,455.17275455819316)
(551.615334161771,454.90770498693536)
(552.4230403975957,454.63667552478677)
(553.2481572254183,454.359682740636)
(554.3592505740056,453.98648081520275)
(555.2724871715347,453.6796107486519)
(556.2743415527281,453.34282648061725)
(557.0609203048889,453.0783371716391)
(557.8290334044414,452.81999789226165)
(558.5965324908154,452.56181724482417)
(559.3812086405067,452.29782157323984)
(560.1651813282971,452.03404109220196)
(560.9306325274016,451.7764881372794)
(561.6953467689877,451.51919614956194)
(562.4415407738425,451.26816591189663)
(563.1508271966836,451.0300400506422)
(563.8588148733785,450.7927873807659)
(564.6713623119299,450.52102061482344)
(565.4295478181431,450.2678535803467)
(566.2918014668963,449.98044491408757)
(567.0471765932662,449.7290339070959)
(567.7837621552414,449.4842257051652)
(568.5715616835,449.22279845263284)
(569.2707177566385,448.99111299923146)
(569.9513088811088,448.765855528224)
(570.596009262566,448.55274559190065)
(571.257075418401,448.33453250756673)
(571.9170626115161,448.1170092955592)
(572.5759467125312,447.9002132335233)
(573.2337002601804,447.68418525713145)
(573.9420301583306,447.45204808412024)
(574.7005847529773,447.2040829098923)
(575.3888091813388,446.9796809313527)
(576.0584841009539,446.761917184961)
(576.74387196017,446.53971327911984)
(577.4277535604986,446.3187192027333)
(578.110078744195,446.09900351184706)
(578.7738166842681,445.88606304492924)
(579.4045189358934,445.68392373125516)
(580.0358231354556,445.48191794676313)
(580.6502910883477,445.2857215081987)
(581.2817455508564,445.08465898313653)
(581.8957709794215,444.8897791122687)
(582.5262031703106,444.6904645790964)
(583.1557358029187,444.4923096825257)
(583.7841415343288,444.29548293311717)
(584.3773863135744,444.1106239875644)
(584.9692795820961,443.92721638517276)
(585.5596770445333,443.7453742020265)
(586.1484478009118,443.5652026851429)
(586.7521945872002,443.38175271558237)
(587.3373169850837,443.2052547107891)
(587.9370967166831,443.02575925197357)
(588.5181833664692,442.8532521621964)
(589.0971654720344,442.68280473213696)
(589.6739808702134,442.51446423464347)
(590.2649284505052,442.34358216410834)
(590.8209084602562,442.1842417375769)
(591.3747179919532,442.02696416475294)
(591.9101688312849,441.8762608493736)
(592.4596267916902,441.7230559437307)
(593.0388998886583,441.5631396727741)
(593.7908792431148,441.3582310806001)
(594.3326153379627,441.21196006127974)
(594.8721016940711,441.0675999566599)
(595.3936024416453,440.9292335680712)
(595.8973101073652,440.796652112764)
(596.414644843348,440.66156446020346)
(596.914318401256,440.53205198739107)
(597.427499942232,440.4000066562887)
(597.9385786005748,440.2694104820015)
(598.4321962370791,440.1440722904626)
(598.9391432818833,440.0161369443102)
(599.4287593696049,439.8932585442852)
(599.9012276865527,439.7752745422297)
(600.3718473774684,439.6582966402899)
(600.840614883585,439.5422798789143)
(601.3075240097778,439.42718314082)
(601.7725654693279,439.31296954891496)
(602.235726441528,439.19960678842256)
(602.7118064848137,439.08346435769425)
(603.1710902309183,438.9717508888106)
(603.6129230547118,438.8638618159557)
(604.0522008403544,438.7562404892957)
(604.4889975567173,438.64893642843015)
(604.9233803597999,438.5420009201356)
(605.341084245197,438.439023184091)
(605.7708890116467,438.33296592574794)
(606.1984376904337,438.22743165972753)
(606.6237709618553,438.12246979783424)
(607.0469244558425,438.0181265350501)
(607.4679298397651,437.91444378425336)
(607.8868160525012,437.811458145906)
(608.3174317285037,437.7058162841385)
(608.7320937550866,437.60433594461733)
(609.1310312243852,437.50696304766973)
(609.5280907817247,437.4103328203409)
(609.9232988089035,437.314459721624)
(610.3031801936293,437.2226073591489)
(610.6948376641451,437.1282450189152)
(611.2583857533865,436.9931885870336)
(611.672417545212,436.89433895931853)
(612.0716397291675,436.80044137173275)
(612.4958497852773,436.7020798909621)
(612.9053066225648,436.60824879209497)
(613.3001814498439,436.5185926983781)
(613.6806340799534,436.43280017812526)
(614.0859085875834,436.3418734575333)
(614.4638150187337,436.25729601206126)
(614.8405116158455,436.1730200851277)
(615.2030957379915,436.09176995101745)
(615.5516848190769,436.0133969244132)
(615.9120523410132,435.9319634023252)
(616.2712732969816,435.8502455184445)
(616.6038297892833,435.774019099228)
(616.935360516607,435.69736256078187)
(617.2785111841655,435.6172107197023)
(617.6078771727077,435.5394471717704)
(617.9738760869488,435.4519091059044)
(618.3008822353291,435.3727158020582)
(618.6392194434227,435.2896516283777)
(618.988720313729,435.2025637536709)
(619.3739622445249,435.10491260496025)
(619.7081841234585,435.01886965713226)
(620.0533622222158,434.92852859579693)
(620.3726499098397,434.84365063723993)
(620.6906964596391,434.7577636665296)
(620.9953584027053,434.6742383830088)
(621.2988646109897,434.58977115985203)
(621.6012118424304,434.5043696082932)
(621.8903942063868,434.4215371735849)
(622.1904601813416,434.3343561476239)
(622.489356151319,434.24630799998954)
(622.7752129790393,434.16101706894125)
(623.0717979626286,434.07138511714857)
(623.3671909397286,433.98101750026706)
(623.6613798858544,433.8899726692915)
(623.9426777198148,433.8020057711444)
(624.2344590270278,433.7098307986587)
(624.5134051082894,433.62091615691355)
(624.7796341945016,433.5353844305017)
(625.0791518765476,433.4383772300278)
(625.3771813766427,433.3411627298491)
(625.6623197017767,433.24760396329054)
(625.9685393001986,433.1465892171115)
(626.2393109479447,433.05693237534524)
(626.5197638980322,432.96379446045944)
(626.7874687532958,432.8747242163574)
(627.0646113908541,432.7824270937427)
(627.3290337806314,432.69437778084773)
(627.6135167626451,432.5997659561384)
(627.8743865817246,432.51320414339614)
(628.1120307273213,432.43458934309126)
(628.3588225699262,432.35328561112067)
(628.593346678188,432.27640319650783)
(628.8368299252471,432.19707200353054)
(629.0681567261429,432.12221663708016)
(629.2979056005017,432.0484496520162)
(629.536371318451,431.97258044128125)
(629.7628958372678,431.901205670547)
(629.9878607711772,431.8310680413747)
(630.2112879280623,431.76220057304323)
(630.4231861922074,431.69764263203854)
(630.6337457192474,431.63427680789175)
(630.8430091306832,431.5721077553818)
(631.0510277079969,431.5111314495652)
(631.2578616766111,431.4513349273388)
(631.4635803252572,431.39269619334243)
(631.6682619299237,431.3351843022575)
(631.8719934570195,431.2787596234573)
(632.07487002743,431.2233742873887)
(632.2769941313215,431.168972806447)
(632.478474592462,431.1154928568424)
(632.6794252901415,431.06286620240445)
(632.8799636561447,431.01101973668233)
(633.0897299522981,430.95747609732564)
(633.2802750581216,430.9093617924487)
(633.4802919563369,430.8593843046282)
(633.6613074681699,430.8145447092093)
(633.8519913195472,430.7676994604741)
(634.0429034259325,430.72114220370247)
(634.2341232528665,430.67480918685595)
(634.4353211087509,430.62633986312113)
(634.6273797274343,430.5802823962593)
(634.8102778974541,430.53657437329497)
(634.9936498213432,430.4928725825051)
(635.1775159169487,430.4491412688669)
(635.3618853018195,430.40534942168625)
(635.5467554958858,430.361470871374)
(635.7321122791695,430.31748432491355)
(635.9179297085823,430.27337334336914)
(636.1041702958111,430.22912626527136)
(636.2907853460056,430.1847360801973)
(636.477715454542,430.1402002573283)
(636.6648911566336,430.09552053418423)
(636.8522337220602,430.0507026710747)
(637.0396560848927,430.0057561770333)
(637.2270638958635,429.9606940130862)
(637.4143566830483,429.9155322786269)
(637.6014291048243,429.87028988642305)
(637.7881722776767,429.8249882313831)
(637.9744751603466,429.779650857698)
(638.1602259750268,429.73430312839855)
(638.3453136457756,429.68897190080037)
(638.5296292340045,429.64368521080866)
(638.7130673507514,429.59847196868003)
(638.8955275254527,429.5533616686254)
(639.0769155110352,429.5083841145924)
(639.2571446784198,429.4635690888977)
(639.4267780726362,429.42128538430956)
(639.5952431470961,429.37919926497005)
(639.7624900965857,429.33733540342706)
(639.9284782743102,429.29571800885736)
(640.0931767474441,429.25437065644627)
(640.2565647094278,429.2133161346045)
(640.4186317277279,429.17257631029923)
(640.5793778122559,429.13217201061684)
(640.7300244922282,429.0943294808706)
(640.8882405395025,429.0546338278301)
(641.0451935677479,429.0153285117843)
(641.2009216892985,428.97642944809235)
(641.35547111942,428.93795089584097)
(641.5088952013756,428.8999052781248)
(641.6612533014994,428.8623029526284)
(641.8126095941017,428.8251519217383)
(641.9630317562793,428.7884574746237)
(642.1125895921622,428.75222175848256)
(642.2613536050189,428.71644328232577)
(642.4175755832691,428.6791799081503)
(642.5649229376943,428.64431755164037)
(642.7035594404406,428.6117696928883)
(642.8417204664861,428.57958109686604)
(642.9794503118372,428.54772830555885)
(643.1167872280441,428.51618242294984)
(643.2537625486352,428.4849087776826)
(643.3903998709037,428.4538666982999)
(643.5267142958896,428.42300943026794)
(643.6627117331574,428.3922842188627)
(643.7983882805775,428.3616325752401)
(643.9257869566054,428.3327928208088)
(644.0607898370874,428.30209677862723)
(644.2032925986656,428.26945411766667)
(644.337434567393,428.23841949871763)
(644.47107401796,428.2071027399123)
(644.6041412868782,428.17542678706474)
(644.7365559206363,428.1433155807193)
(644.8682271887221,428.11069544978574)
(644.9990547849903,428.0774965139218)
(645.1289297170374,428.04365405893554)
(645.2577353797974,428.00910985172226)
(645.3927812262197,427.9716901397628)
(645.5189964638904,427.93555280189156)
(645.6437524407825,427.898587411235)
(645.7669163909011,427.8607730906451)
(645.8883558389341,427.82210026331154)
(646.0079405732116,427.7825710915329)
(646.1255447179461,427.7421997228666)
(646.2410488871922,427.7010123382694)
(646.3543424009408,427.659046998976)
(646.4653255411188,427.61635329075244)
(646.573911821966,427.57299176595535)
(646.6800302453936,427.5290331857045)
(646.7836275076472,427.48455756659314)
(646.8846701191986,427.43965303887666)
(646.9774953410359,427.39708225580836)
(647.0680568378084,427.35428723712914)
(647.1563850905808,427.31135424121857)
(647.2633869660543,427.2576096024557)
(647.3969993399134,427.1879002652776)
(647.4871280346517,427.1398896328787)
(647.5703233300309,427.0948669364996)
(647.6518001165327,427.050249906069)
(647.7317944965995,427.0061144037487)
(647.8105695112454,426.9625253407692)
(647.8884130466398,426.91953508071214)
(647.9656350429468,426.87718215640535)
(648.0470710005454,426.8330790060136)
(648.1285883860484,426.789726101593)
(648.2151954941136,426.7447892207472)
(648.3028686715861,426.7006418916592)
(648.3873347420129,426.65947661857047)
(648.4687328444464,426.62113065451535)
(648.5571134743396,426.58105718898696)
(648.6480609014819,426.54143016043236)
(648.7312025811955,426.5064892643615)
(648.8168601897321,426.4717682190263)
(648.9052261816353,426.43720326506866)
(649.0023610320903,426.40058300236376)
(649.0968057621686,426.3661451672893)
(649.2006927720154,426.32952150784376)
(649.3016924577186,426.29496550151885)
(649.4059711443624,426.2602738185253)
(649.5135573147967,426.2254026783972)
(649.6173283808419,426.19251987931034)
(649.7239907970022,426.1594192418157)
(649.8335082146265,426.1260788111847)
(649.9535137787461,426.0902231775826)
(650.0687435680766,426.05633875670236)
(650.1866110821829,426.022177375044)
(650.3070151674434,425.9877367286009)
(650.4298415367018,425.95301938697224)
(650.5634687914703,425.9156810062721)
(650.6908931578622,425.88042040970817)
(650.8290901546842,425.84253741158517)
(650.9872043492386,425.79960915680647)
(651.1122097387571,425.7657394715263)
(651.2482600397873,425.72895801638873)
(651.3861955569198,425.6917536220362)
(651.5257843160274,425.65420034621553)
(651.6762965912791,425.61383504598047)
(651.8185783923091,425.5758081453626)
(651.9618121581308,425.5376795053411)
(652.1057795130257,425.4995326187731)
(652.2406050475802,425.4639853430272)
(652.3757240333977,425.42856055319373)
(652.5206548772803,425.390819288253)
(652.6559103846687,425.35584526137166)
(652.7910220232208,425.3211783283258)
(652.925872032682,425.2868691406993)
(653.0603564388268,425.2529621524127)
(653.1943857964743,425.2194948240568)
(653.3278856886999,425.1864969775887)
(653.4607969618601,425.15399033381874)
(653.5930756860732,425.1219882583358)
(653.7246928413202,425.09049573286893)
(653.8556337395826,425.05950955919525)
(653.9858972027417,425.02901879229705)
(654.1154945237676,424.9990053892839)
(654.2536098463843,424.9673684439109)
(654.381909663466,424.93826154127623)
(654.5096431673437,424.9095416149429)
(654.6368585859035,424.8811719265433)
(654.7636092967876,424.85311419715003)
(654.8899522579414,424.8253298677269)
(655.0249192659948,424.79583178683896)
(655.1506040295486,424.76849800224164)
(655.2939487958611,424.7374760429932)
(655.4370836835044,424.70662947745785)
(655.5711577352777,424.67783620476274)
(655.7051887124211,424.6491422602191)
(655.8302964589413,424.6224344621064)
(655.9554573423791,424.5957926700185)
(656.0807056646703,424.5692151641721)
(656.2060676926717,424.54270586498177)
(656.3315604230447,424.5162742629929)
(656.4661746458149,424.4880606099172)
(656.5919460323655,424.4618418716712)
(656.7178309953556,424.43576127199765)
(656.8528025566247,424.4080075387686)
(656.9788090225098,424.3823023438259)
(657.1137843031811,424.35502463594287)
(657.2396506351159,424.32983039713076)
(657.3653134005845,424.3049329594986)
(657.4995930967656,424.2786320854216)
(657.6244714017511,424.25444184466414)
(657.7487566211555,424.23063344120783)
(657.8810546892163,424.2055857571021)
(658.0122689389708,424.18101891057535)
(658.1421598801506,424.1569456495142)
(658.2704691950145,424.13337142693297)
(658.3969218769535,424.11029402489294)
(658.5212290679787,424.0877032958041)
(658.6430916482633,424.0655809818651)
(658.7622046030688,424.04390057001643)
(658.8782621555034,424.0226271417591)
(658.9909636088282,424.0017171847776)
(659.1000197916906,423.9811183461194)
(659.2051599470399,423.96076912365334)
(659.306138854766,423.94059851197704)
(659.402743934092,423.9205256386985)
(659.4889477922948,423.9017971818312)
(659.5766403847435,423.8816441452562)
(659.6595842680161,423.86129308874456)
(659.7377541870718,423.84062259303784)
(659.8111824331335,423.81950153701024)
(659.879960048225,423.7977899909226)
(659.9442363627672,423.7753404974321)
(660.0042168549145,423.7519997388265)
(660.0601594047297,423.72761056174124)
(660.1123690942063,423.7020143053379)
(660.1611917693691,423.67505335807226)
(660.2070066286669,423.64657385360573)
(660.25021813013,423.61642840909167)
(660.291247517998,423.5844788090891)
(660.3305242593964,423.5505985450232)
(660.3684776562925,423.5146751321424)
(660.4055288614591,423.4766121417032)
(660.4420834838375,423.4363309039541)
(660.4761025093127,423.3967512687)
(660.5103121222235,423.3551548964817)
(660.5474877563015,423.30825195451024)
(660.585476013977,423.25901325517435)
(660.6245271819926,423.2074594292302)
(660.6648492360181,423.1536318416578)
(660.7066061992446,423.0975921046937)
(660.7499172576499,423.0394213998117)
(660.7948565748584,422.9792196497613)
(660.8414537499688,422.91710457818215)
(660.8896948648154,422.8532106887446)
(660.9361031330527,422.7921582150468)
(660.9873278281949,422.72526859420134)
(661.0399233463576,422.65708021942874)
(661.0900874650329,422.5924595221503)
(661.1449006956248,422.5222804414192)
(661.1968180952199,422.45613177509114)
(661.2531217375042,422.3847001372395)
(661.3060700231334,422.3177227862945)
(661.3592292453677,422.2506049445806)
(661.4124042114754,422.18351572087016)
(661.46916389952,422.11186207736614)
(661.5217299007568,422.045367743847)
(661.5736747212771,421.97942561269156)
(661.6247848962064,421.91420346008647)
(661.6783427990318,421.84533710912774)
(661.7270548797784,421.78211664924066)
(661.7742850958463,421.72010232271623)
(661.8198340781096,421.6594361623709)
(661.8664892258151,421.5961338678047)
(661.9079743815852,421.5386550429269)
(661.949874964454,421.4790254281332)
(661.9890555981096,421.421449867279)
(662.0231303918107,421.3695652922731)
(662.0566727332113,421.31614337076195)
(662.087174724929,421.26490485413086)
(662.1146034614852,421.2158326511884)
(662.1389703369733,421.1688775248764)
(662.1603336263195,421.12395859485537)
(662.1777492935724,421.0837113746459)
(662.1936548175851,421.04238663043975)
(662.2070086881489,421.0026967005554)
(662.217482402953,420.96690599707665)
(662.2262130033668,420.9322004663982)
(662.2334824344548,420.8984002037472)
(662.2396033060253,420.8653176214104)
(662.2449136587552,420.8327615547324)
(662.2497711285894,420.80054116908707)
(662.2545466754013,420.7684695421482)
(662.2596180629209,420.7363668189589)
(662.2653632866018,420.7040628654449)
(662.2722459284702,420.6713700782733)
(662.2806515571854,420.6381288400186)
(662.2909774664992,420.60418131427235)
(662.3036189723313,420.56937685728633)
(662.3189569414385,420.5335762093342)
(662.3373469253655,420.4966544825299)
(662.3591101389746,420.4585030344952)
(662.3845263958093,420.419030365986)
(662.4138290019375,420.37816220682083)
(662.4472015207991,420.33584096183483)
(662.4847762555283,420.2920246817143)
(662.5266342512402,420.2466857071741)
(662.5728065952113,420.1998091132196)
(662.6232767843028,420.1513910565693)
(662.6779839327245,420.10143710617)
(662.7368266059163,420.04996061572604)
(662.7996670849619,419.99698117918786)
(662.8663358881242,419.9425231955521)
(662.9366363999102,419.88661455807954)
(663.0103494821032,419.82928547484886)
(663.0872379644347,419.77056742200546)
(663.1670509343018,419.71049222764077)
(663.249527764731,419.6490912824497)
(663.3344018374115,419.58639487268994)
(663.4214039329484,419.5224316310891)
(663.510265273573,419.4572281018571)
(663.6007202144393,419.3908084165771)
(663.6925085885016,419.3231940782586)
(663.7853777169696,419.25440385109334)
(663.8790841026363,419.1844537533901)
(663.9733948271589,419.11335715075535)
(664.0680886757989,419.0411249458751)
(664.1629570143346,418.96776586031154)
(664.2578044429921,418.89328680266505)
(664.3524492514205,418.8176933163828)
(664.4467236971084,418.74099009954404)
(664.5471307501497,418.6575391346093)
(664.6401707743237,418.57855165410444)
(664.7326999613781,418.4979707609167)
(664.8246217796197,418.41582132216814)
(664.915863496114,418.33212807603627)
(665.0063730017437,418.24691705755015)
(665.0961154118073,418.16021715490245)
(665.1850695011178,418.07206178101677)
(665.2732240374331,417.98249063515004)
(665.3605740799154,417.89155151986364)
(665.4471173105499,417.79930217024247)
(665.5328504633541,417.7058120450872)
(665.6177659137143,417.6111640240538)
(665.7018484857759,417.5154559502885)
(665.7850725299434,417.41880195477154)
(665.8673993168567,417.321333496028)
(665.9487747890348,417.22320004681455)
(666.0347888173704,417.11748647636296)
(666.1139483228831,417.0185242930361)
(666.1918766736111,416.9194700766375)
(666.2738076114808,416.81348742687777)
(666.3539874426862,416.707940450824)
(666.4271113320641,416.6100724740942)
(666.5032758733577,416.5062396867194)
(666.5722395805016,416.41049352300445)
(666.638860506562,416.31615931210786)
(666.7029102407301,416.2234736802374)
(666.7641559644624,416.13265541840667)
(666.8223656554749,416.0438980926119)
(666.8773140391208,415.957362455132)
(666.9287892065186,415.87316896312535)
(666.9797343414651,415.78573427968814)
(667.0234455388827,415.70656094704316)
(667.0706807147369,415.61394454378274)
(667.1055302143316,415.53991716844956)
(667.1381973912631,415.4629703463688)
(667.1665306370306,415.3879395232662)
(667.1893070511647,415.3192070498133)
(667.208594816657,415.25135474313424)
(667.2246514706503,415.18391153067483)
(667.2378098044029,415.11636692046903)
(667.2484724464516,415.04818733560774)
(667.2575653338534,414.9737886933716)
(667.2649690111056,414.8973855168754)
(667.2710141921765,414.82378678949016)
(667.276787611886,414.74743266303415)
(667.2828985243455,414.6679045572998)
(667.2905372079849,414.5786357065628)
(667.2992674458952,414.49145958725484)
(667.3111309239582,414.3933599131137)
(667.324986122865,414.2975324057639)
(667.3436184572728,414.18984950428944)
(667.3648130046255,414.08494745330813)
(667.392369872752,413.96753916787696)
(667.4227028235459,413.8536869710774)
(667.4608489002815,413.726962443322)
(667.5016342254735,413.60476128230727)
(667.5477893753833,413.4788667764094)
(667.6035565322841,413.34004685947446)
(667.6611871896657,413.2073762789922)
(667.7244218472232,413.0719242506169)
(667.7985768750741,412.9239991918123)
(667.8790449242588,412.77372055414634)
(667.9656810632555,412.6215470224562)
(668.0582909301153,412.4679462594994)
(668.1566355309935,412.3133900241982)
(668.2604358132733,412.1583497971978)
(668.3693769409138,412.0032928881912)
(668.4831122341427,411.84867898847784)
(668.601266765368,411.69495712434406)
(668.7234406279792,411.54256296183405)
(668.8492119148408,411.39191641114655)
(668.9781394593241,411.2434194791632)
(669.1097654042557,411.09745432144285)
(669.2436176735657,410.9543814503384)
(669.3792124277938,410.814538063574)
(669.5160565877142,410.6782364674043)
(669.6536505096594,410.54576257997337)
(669.782285590941,410.4256814202039)
(669.9198872130422,410.3013238792657)
(670.0569148078771,410.18135430935666)
(670.1929453813011,410.06591146780096)
(670.3276403256995,409.9550705286126)
(670.4607428994195,409.8488464682075)
(670.5920741873095,409.74719809641323)
(670.721527717097,409.65003262789037)
(670.8490629630527,409.55721066837265)
(670.9746980091192,409.46855147895684)
(671.0985016657015,409.3838383802617)
(671.2205853370298,409.30282416583174)
(671.3410949208421,409.2252364090716)
(671.4602029921028,409.15078256812126)
(671.5781014815946,409.0791548160836)
(671.694995012911,409.01003454763924)
(671.8110950118862,408.94309653539176)
(671.9266146544738,408.87801272879534)
(672.0417646753564,408.81445570425274)
(672.1490935075665,408.75618740736417)
(672.2641069080028,408.6946649987033)
(672.3793257844459,408.63374176711494)
(672.4949261333325,408.5731202560135)
(672.6110720401047,408.5125163946746)
(672.7279154819586,408.4516614169573)
(672.8455964872566,408.39030360606654)
(672.9562726325739,408.3323980286786)
(673.075929742251,408.2694212855932)
(673.1967703432117,408.2053162885421)
(673.3188927453609,408.1399121905948)
(673.442386213296,408.07306143746)
(673.5673314588532,408.0046405218667)
(673.6938009677732,407.9345505418066)
(673.8132225498659,407.8676164194751)
(673.9340732175275,407.79912472039376)
(674.0563922490069,407.72905361747314)
(674.1891713933342,407.6521597702913)
(674.3237040136772,407.57346853289215)
(674.4600096650983,407.49302375541805)
(674.5980957666205,407.4108919436412)
(674.737956219202,407.32716112375437)
(674.8795700189411,407.24193947460594)
(675.0153320304195,407.16042817704613)
(675.1645818350273,407.07108921926874)
(675.3172652813646,406.9800281433217)
(675.4730191663957,406.8875359942311)
(675.6207437207627,406.80021996983805)
(675.7705132010079,406.7121602767848)
(675.9220085001513,406.6236073495431)
(676.0748993224272,406.5348147993399)
(676.2288430272397,406.4460383294728)
(676.3834838637432,406.3575344772539)
(676.5384527333456,406.26955920024625)
(676.6933676177568,406.18236633394224)
(676.8588247560778,406.09013659217004)
(677.0123710288336,406.0053495264224)
(677.1753930967243,405.91626926016954)
(677.3364161306567,405.8292306545342)
(677.4949381078342,405.74449738431366)
(677.650471146955,405.66231541323003)
(677.8025516276892,405.5829100691063)
(677.9411229238119,405.5113907722247)
(678.0760103742098,405.44260812553745)
(678.2069434917925,405.376683350593)
(678.3337022377667,405.3137119223277)
(678.4561238074326,405.25376090475834)
(678.5741082612656,405.19686643772764)
(678.6876226711092,405.1430315490766)
(678.7967035115913,405.0922244873772)
(678.9014571097752,405.04437777192055)
(679.0020580660861,404.99938813603643)
(679.0987456690882,404.9571174971758)
(679.1981936850495,404.914738079827)
(679.2877775928769,404.87751577752937)
(679.3805118875093,404.840033748905)
(679.470534025089,404.8046446850948)
(679.5584099723287,404.771024971484)
(679.650247569616,404.7419899119344)
(679.751230296335,404.7148521829532)
(679.8606869068974,404.6891609093929)
(679.9779517896266,404.66446824620857)
(680.1023668456985,404.64033673924104)
(680.2332833018608,404.6163461222771)
(680.3700634698481,404.59209952194783)
(680.5226335543491,404.5653894481126)
(680.6696153871758,404.53948073099383)
(680.8205872767559,404.5122996410738)
(680.9749739970221,404.4835949661115)
(681.1322196618994,404.45316002254674)
(681.291789199845,404.42083453033797)
(681.4648410022022,404.3838835115603)
(681.6276423386471,404.3473272807051)
(681.791267310748,404.3086874487981)
(681.9552791573617,404.2679942090966)
(682.130986790182,404.22210178593474)
(682.2945484021153,404.1774138465047)
(682.4689018594294,404.1275569151243)
(682.6419689320744,404.0759507036448)
(682.8260112147359,404.01585494118024)
(683.0203752359399,403.9480565570768)
(683.2244922544841,403.8733701276643)
(683.4378701607092,403.7926227984578)
(683.6600854787575,403.70663925530465)
(683.8907755610734,403.61622706411583)
(684.1296310670784,403.5221626841883)
(684.3763888143611,403.4251784415463)
(684.6133855144676,403.3327037099697)
(684.8748101686489,403.2319515070282)
(685.1435698486644,403.13006729798775)
(685.4195230719438,403.02750986705036)
(685.7025471653601,402.9246516790921)
(685.9925346647528,402.8217759663747)
(686.2691737314728,402.7259082958576)
(686.5517274067113,402.63027926454237)
(686.8401326380905,402.5349128352556)
(687.1343320584552,402.43977154871527)
(687.4561358747342,402.3379904510044)
(687.7844728340784,402.2361825700649)
(688.1192931426297,402.13410839482196)
(688.4605545127391,402.031482942154)
(688.8082224350776,401.9279881307332)
(689.162270262876,401.82328605480234)
(689.5226789448432,401.7170329440302)
(689.8894362603168,401.6088935939776)
(690.2625354403247,401.49855604599776)
(690.641973101661,401.3857462832176)
(691.0277464767162,401.2702426897595)
(691.4198499869497,401.1518899948373)
(691.7913187033009,401.0388683458686)
(692.1956158187519,400.9148616090351)
(692.6061700803655,400.78805334056426)
(693.0229242383584,400.65866413922816)
(693.4457977384184,400.5270313231701)
(693.8746835961314,400.39361335703524)
(694.2800974885754,400.2680269718641)
(694.7201916830732,400.13292124888244)
(695.1658136361646,399.9980852681071)
(695.6167377987398,399.86445723191275)
(696.0727061068178,399.73309374321383)
(696.5334238476357,399.6051722947244)
(696.9672654313154,399.48990154907455)
(697.4361214433081,399.372511020014)
(697.8767697008179,399.2696992589266)
(698.3198722545598,399.1752131413746)
(698.7645127918729,399.0909389593926)
(699.2408888790386,399.01502141609814)
(699.6823898335824,398.9594858055678)
(700.1159204550147,398.9213032473327)
