Person 49
Starting Position = (303.5905676832795,431.3977669235119)
(307.1937850131862,431.17181609013085)
(310.19223815383253,430.98314805592486)
(313.16604856930934,430.7952984997945)
(316.7506829111914,430.56764462053525)
(320.0645379171647,430.3562032725597)
(323.0770003791239,430.163193501545)
(326.0297113138085,429.9732192065135)
(329.0032630303266,429.7810767800059)
(331.95656573833895,429.5894215601575)
(334.9505846326496,429.39427145780434)
(337.9241642255371,429.19961945091666)
(340.8365573495772,429.0081822614032)
(343.76923347297475,428.8146026690875)
(346.66110063684533,428.6229361423023)
(349.73619819114003,428.418204682142)
(352.6483220546466,428.2235473551951)
(355.56040727411204,428.0281054206778)
(358.45209998467305,427.8332528336281)
(361.34377641774324,427.63761439379044)
(364.8261237770018,427.4006622470003)
(368.12526412933164,427.17516604606124)
(371.1597021307122,426.9669867513949)
(374.031253571155,426.7692804366471)
(377.1880600835814,426.550913870252)
(380.12089857432,426.3472579071472)
(382.97233358369334,426.1485021140318)
(385.8442255715031,425.9475088082464)
(388.79772017764344,425.7398899955133)
(392.13856046075,425.50365207717624)
(394.97017130284803,425.30275035470856)
(397.76113030405907,425.10399779571884)
(400.55221017953664,424.9044351047741)
(403.36380891606353,424.7025396676646)
(406.54253690726676,424.47289509814726)
(409.599239127304,424.2509807487946)
(412.57462096210355,424.0339733425909)
(415.32590459169165,423.83253533189736)
(418.0773180084734,423.63020329743426)
(420.8492771715835,423.42537549691633)
(423.6010055817504,423.22103379178634)
(426.3528874896577,423.01561453028967)
(429.20692863419634,422.8012837005287)
(431.93873898692675,422.59501625692656)
(434.6298397301397,422.3906713643141)
(438.1377314141682,422.12106182246055)
(441.25810658452104,421.8795407176108)
(444.09269859005786,421.6587729465403)
(446.94757030607377,421.4346813873606)
(450.08820966696743,421.1853902383002)
(452.92254456765147,420.95834556623254)
(455.491231090293,420.7507731124193)
(458.1002350452034,420.5376665485767)
(460.8719597839296,420.3081797561786)
(463.62273780680187,420.0770800749924)
(466.1484954084532,419.8618834801075)
(468.6937317339914,419.64151775855686)
(471.1972315290971,419.4209584638929)
(473.84215390379745,419.18306314682985)
(476.5061079655513,418.93795439794644)
(478.9650868446627,418.7066080926239)
(481.4630097500832,418.46570857441606)
(484.0402961778997,418.2101898003137)
(486.5748641566603,417.9515390941174)
(489.0868321928713,417.6873155032012)
(491.63680706924464,417.41031582657894)
(494.20430573778776,417.12189968022386)
(496.60728965759597,416.8431338665617)
(498.92679833026597,416.56543132349054)
(501.31506654922424,416.26551256261536)
(503.5361320421629,415.97634396164807)
(505.7726368714499,415.6759926793666)
(508.48473822228163,415.3006187068266)
(511.0746225154698,414.93334914109795)
(513.4635208407102,414.5880626949392)
(515.7319140073329,414.2553716866844)
(517.8804247045546,413.93689081686284)
(520.16865877839,413.59607192637276)
(522.3782437603384,413.26672572165535)
(524.5096347848015,412.95015615228453)
(526.5832242399188,412.6446815325404)
(528.6995627201943,412.33771733763115)
(530.8998283818217,412.02648311170844)
(533.1049360127248,411.7244385861769)
(535.2147386795386,411.44526234551194)
(537.269486943189,411.18381086911774)
(539.2692192921754,410.9401063383633)
(541.2952719736093,410.70582238670437)
(543.3074493390465,410.4861835728737)
(545.3058477580837,410.28120150570567)
(547.3315942029442,410.08754600235983)
(549.3644098687347,409.9072893476261)
(551.3421876158527,409.743884357896)
(553.3473076085608,409.59071477286614)
(555.3590813868352,409.4490823140686)
(557.3564613794013,409.319356067941)
(559.4020003664472,409.1982950424196)
(561.4328200256053,409.08849163286675)
(563.4437815914478,408.9959486934183)
(565.4149375789286,408.9169086627081)
(567.431227829722,408.84703467301404)
(569.3879126092909,408.78615232553165)
(571.3273524786688,408.7313940123965)
(573.2498457855077,408.6822713536799)
(575.1769076743318,408.63882376960703)
(577.1087955808752,408.6016467555149)
(579.0240564753119,408.57083459247906)
(581.3111058845154,408.55713451226893)
(583.4541488086031,408.55143134396667)
(585.7327559212991,408.5556297425522)
(587.7105226436396,408.55274317461794)
(589.6224732007541,408.54422123708713)
(591.4235011358427,408.53098636999977)
(593.4155972306881,408.52154343496005)
(595.3378448500018,408.51466859725093)
(597.1442340254479,408.5065375873401)
(598.8542515566086,408.4956770791378)
(600.5517718104369,408.48334905497063)
(602.2354884201847,408.4704916869796)
(603.9463019880535,408.45818514528173)
(605.6411935915149,408.44497231492664)
(607.3189602539259,408.42848576833865)
(609.0200316486014,408.4072549645555)
(610.5386719037557,408.3766513108415)
(612.0355442275711,408.3363553900002)
(613.5313073685808,408.28887235007755)
(614.9878463702514,408.23691676955974)
(616.4071906284873,408.181723435334)
(617.792485588455,408.123877930311)
(619.1670787939407,408.06321228267046)
(620.4965156406565,407.999932513063)
(621.8218652551082,407.9325436192923)
(623.1462078834544,407.8611570926684)
(624.4709351553174,407.7861053155484)
(625.7956851295602,407.70812513942974)
(627.098857543203,407.6288668073076)
(628.3572769049048,407.5500720947353)
(629.6246447477047,407.47147136290675)
(630.8612357998711,407.3966083235331)
(632.0641137821959,407.3264409949867)
(633.2682743206294,407.2609750938417)
(634.4181912493458,407.20202709623135)
(635.5303567421159,407.14834686725794)
(636.6401909726254,407.09945260656457)
(637.9117579571054,407.0587232791987)
(638.9653841813725,407.02413720952836)
(640.0017725773314,406.98897739002814)
(641.0260179932094,406.9533049363475)
(642.0256582743881,406.9177273179963)
(643.0368586775919,406.8833124871537)
(644.0300651992343,406.8532783474781)
(645.040360361441,406.8322813039611)
(646.0029997091298,406.8275650013884)
(647.320257941963,406.8808139304511)
(648.4118669893826,406.9697398507131)
(649.594431816425,407.13111170142577)
(650.6502744237798,407.31464996431646)
(651.5387794029966,407.4887871764597)
(652.3821344409555,407.65997500494393)
(653.2010978550366,407.81580147420743)
(654.0292089945065,407.948339968598)
(654.8647035936536,408.048516707614)
(655.8955776936425,408.1242499535559)
(656.8491815491824,408.1552278214722)
(657.7698634765654,408.15411467973524)
(658.6613577744524,408.13089530194304)
(659.5455650345557,408.0941281788016)
(660.3973721028292,408.0529977412604)
(661.2395999774914,408.01370967768304)
(662.0377983706912,407.9807427565529)
(662.8486927581944,407.9519387876997)
(663.6405567218678,407.91901229742575)
(664.4463436566743,407.8692777053765)
(665.2054522735873,407.80327342196017)
(665.9624941163968,407.72245203681314)
(666.668624955666,407.6390694274092)
(667.312493380656,407.5584361324055)
(667.8867981443525,407.4780215926745)
(668.3944714118496,407.3831353973754)
(668.8641916530364,407.2551063144459)
(669.3458008453497,407.0798618035193)
(669.8750767673348,406.8567824977264)
(670.4718215686701,406.5935360292478)
(671.1388666106991,406.3004921843899)
(671.8836648636053,405.98049551888954)
(672.6615174434348,405.65191915617254)
(673.4719655776871,405.31053855424267)
(674.3020147238178,404.95367896812223)
(675.1951840284734,404.57020565365656)
(676.2146881213645,404.1042044128528)
(677.1348313082103,403.6580257665319)
(678.0370376508113,403.20745286625527)
(678.943828207122,402.76931627364087)
(679.8459408622673,402.3945954834467)
(680.7412862695147,402.1378767397404)
(681.6387339102514,402.0323300532457)
(682.5554042867693,402.0659689061979)
(683.5221160925146,402.1846329160149)
(684.4850177758409,402.2988976204531)
(685.4162556060401,402.3428705136621)
(686.316967539569,402.198796733079)
(687.1448109258142,401.89311261279386)
(687.8637081672528,401.49395329931116)
(688.8895289646848,401.371270011154)
(689.9174589909258,401.4694094151372)
(691.0898206895414,401.7232926440014)
(692.4047545477896,402.05745844688784)
(693.8116600631175,402.37071265394303)
(695.3621918991979,402.600048687446)
(697.1304237936713,402.7072655820103)
(699.0574470120579,402.6935332711594)
(701.1418781394343,402.5766454520155)
