Person 40
Starting Position = (314.45633361822,126.16519487008215)
(318.8406692350927,128.70731135686194)
(322.3055236197707,130.77473102629807)
(325.5236160589367,132.74058102846843)
(328.74854167472193,134.75018498416387)
(331.89441976893517,136.7417197047489)
(334.9703103203337,138.71368879445876)
(337.9835830296298,140.66547303459967)
(340.9925325191113,142.6314455239756)
(343.9655853098311,144.588244916322)
(346.99291509079507,146.59367658889366)
(349.88511121600436,148.51991061162244)
(352.80086103550315,150.4712112586543)
(355.6722023105202,152.4009606755947)
(358.5521353336935,154.34392104506597)
(361.54441176303726,156.36994609368676)
(364.4093771134073,158.3158330585414)
(367.4902208458417,160.4147400013443)
(371.26374755094594,162.99405939347835)
(374.16134298288347,164.97920220069986)
(377.00325089651,166.93035325423236)
(380.19742584555877,169.1282474222455)
(382.99688372677787,171.05816150586168)
(385.74191291616756,172.95385929387047)
(388.44981448173104,174.82698657079487)
(391.1377813714212,176.68920953152096)
(394.19436828228606,178.81022711769586)
(397.1634155896452,180.87359731136468)
(399.8936367080775,182.7735486884565)
(402.5709157946128,184.6390068470038)
(405.21232117430174,186.48166846312455)
(407.8516611662335,188.32499682107002)
(410.48904471005176,190.16898347798167)
(413.1245705069933,192.0136182876839)
(415.75833047052345,193.8588912130269)
(418.39041077010137,195.70479293550417)
(420.98736716813676,197.52777227792512)
(423.58282020213227,199.3513436650711)
(426.1600993633612,201.16372407493665)
(429.08757986438945,203.2241665005352)
(431.79609418325936,205.1321369377049)
(434.36947801037286,206.94638570084442)
(436.8914989493125,208.72578735185024)
(439.6797835924111,210.69451928356952)
(442.18299246278787,212.46327958277217)
(444.6350590626754,214.1971132262091)
(447.069478029768,215.9196185232298)
(449.4863248937547,217.6307946991925)
(451.88565824750344,219.33063523431272)
(454.3008770622255,221.04277162024337)
(456.7153518192375,222.755400029979)
(459.14578245805984,224.4803499445448)
(461.475574307851,226.13482269834824)
(463.80470338443337,227.78973633363964)
(466.1332263193017,229.44510563162186)
(468.4944828250072,231.12462166153676)
(470.7553446879614,232.7335658181119)
(473.04895600713354,234.36662943225454)
(475.3088212153581,235.97645589005467)
(477.5515972489489,237.57487491345125)
(479.760684511177,239.1500241582017)
(481.9693671640857,240.72560451082904)
(484.16105631689015,242.28976291186225)
(486.41890548865115,243.90183561289712)
(489.0756959772372,245.79947693976902)
(491.33331142098297,247.4127984632725)
(493.44092204819316,248.91962482331604)
(495.54813218434674,250.42681049039328)
(497.8711028479818,252.0889600213759)
(500.1441307069367,253.71604508107626)
(502.2674432016813,255.23660909391685)
(504.3240473660908,256.71000666494757)
(506.33058622224735,258.14810570476277)
(508.3203065036563,259.574694456263)
(510.32646436934834,261.0135986273636)
(512.4321614167877,262.52442897769487)
(514.4049904003167,263.94046203012306)
(516.3776749083962,265.3569083609534)
(518.3502626857205,266.7737925322173)
(520.3061797330681,268.17920264022246)
(522.2288294843645,269.5611997007044)
(524.1348077872786,270.9316938209798)
(526.0573334277398,272.31456126534954)
(527.8968396594304,273.6381780372798)
(529.7362632244029,274.96218730353576)
(531.5756453319426,276.28661216984733)
(533.3984117060502,277.59951375859356)
(535.3373861910374,278.99656442703355)
(537.2266758724055,280.35827903378043)
(539.0329864584753,281.66064033987004)
(540.7894469124509,282.92749600593976)
(542.5292432772461,284.1827551355735)
(544.2855958598265,285.45037611113975)
(546.1747898268834,286.8143004249281)
(548.3134403244345,288.35877971519614)
(550.070405232717,289.6281041085703)
(551.7939611157913,290.8737449984391)
(553.5339761578049,292.1317169473748)
(555.2407235182021,293.36606014799975)
(557.2298007954607,294.8050234089222)
(558.896257078023,296.0014464422057)
(560.5605573284715,297.1914476953443)
(562.2331350149476,298.38498533793455)
(563.8927795827492,299.56847751523384)
(565.5197861269571,300.7288006569705)
(567.1126537220905,301.86538484363774)
(568.7219417260284,303.0146010442914)
(570.3128139802225,304.1516416197609)
(571.8850047219631,305.2763899571487)
(573.4383834792143,306.3887585055815)
(575.0070009034645,307.51313724831505)
(576.5396486850769,308.6127626388346)
(578.0193499108419,309.6753287265122)
(579.5141537500037,310.7496298294565)
(580.9747520518616,311.7944269710025)
(582.4801241428119,312.86836536397306)
(584.0256687870253,313.9695458319661)
(585.5555693548307,315.05922298717337)
(587.0325335366026,316.1114388511737)
(588.4898354013765,317.15017975361565)
(589.9783806676064,318.2118747952498)
(591.4798240694978,319.28348424312463)
(592.9761057668693,320.35205201581846)
(594.483685718883,321.4291870136472)
(595.9336147869975,322.4654299652229)
(597.3089292019861,323.44844107025904)
(598.6774242579107,324.42640836722745)
(600.1561644256459,325.48244278994207)
(601.5259796154805,326.4597890390591)
(603.6700985145873,327.98322880717006)
(605.4176384739116,329.22024222177714)
(606.7251749368031,330.14292845837)
(607.9573688161055,331.00889103115)
(609.1481964413591,331.8413544970447)
(610.3468715994375,332.6734536955654)
(611.5698771291073,333.5147468631051)
(612.9768541295018,334.4693552163991)
(614.1393269674205,335.248165523654)
(615.2478931809168,335.98041552639785)
(616.4753371552611,336.77591566573744)
(617.556461081099,337.4635666619882)
(618.6313949917894,338.1328171014131)
(619.6849238866936,338.7733727402007)
(620.7478435611289,339.40243935519175)
(621.7744472317479,339.9926568612206)
(622.7952086356776,340.56105222833105)
(623.8101995905056,341.1067724282718)
(624.7894934449682,341.61416636159294)
(625.7630720704971,342.0987685179693)
(626.7310194134069,342.56017955554745)
(627.6933785649329,342.99812094952745)
(628.6501569897431,343.41243559173756)
(629.5867522420194,343.7973609824417)
(630.5032041282986,344.1538948494648)
(631.3996159684689,344.4831363618078)
(632.2761636484187,344.786266048993)
(633.1473124555877,345.0689443867485)
(633.9992166198477,345.32756765087595)
(634.846334711581,345.56730297562245)
(635.7031592768118,345.79240094876303)
(637.2951880859794,346.18109807604014)
(638.1454723154014,346.36777389145664)
(638.9748956938761,346.5318220210227)
(639.7992937709943,346.6800991324626)
(640.6199320124564,346.8163428352307)
(641.4095671268918,346.9391418924582)
(642.1815342610603,347.053041948729)
(642.9621508184031,347.1635738202261)
(643.7361879809494,347.2692823399599)
(644.5281568412269,347.3739290468319)
(645.3217272130387,347.4748447501342)
(646.0496313586251,347.56223699313745)
(646.774788336789,347.6433774519176)
(647.4955373637689,347.71722866839116)
(648.1990553864533,347.781807753863)
(648.8742943258446,347.8360892576409)
(649.5461005260714,347.88264688689935)
(650.1821572514426,347.92000109018016)
(650.8071905418517,347.95081457348306)
(651.4119695585526,347.9753959880355)
(651.997976501605,347.99429843028554)
(652.7404632378717,348.01421192804395)
(653.5113470510146,348.02801798275317)
(654.2004587145617,348.02981731551733)
(654.8389554775218,348.01964794412567)
(655.3860199466178,348.00007470490146)
(655.9350606802457,347.96962618276774)
(656.4564589565368,347.930835904906)
(656.9606293121352,347.88428450143283)
(657.4573370820682,347.82991969477627)
(657.9460650456874,347.76814380802665)
(658.4446961558243,347.69646002380125)
(659.0163696025695,347.60447168080805)
(659.5136449479522,347.51476685838276)
(660.0370308788199,347.41197833574523)
(660.4924198265121,347.31653326918627)
(660.9270860140862,347.22249080929237)
(661.344422851193,347.1322463266158)
(661.7559111970451,347.04608814705995)
(662.1816932012731,346.9627360823231)
(662.605249381541,346.88659377467377)
(663.0349255019049,346.8163476725719)
(663.4684974583921,346.75124607267963)
(663.9109935544583,346.68812204836473)
(664.417882605979,346.61493965710264)
(664.8297811420298,346.5464858171697)
(665.2199199800617,346.4653024387615)
(665.5897110090573,346.3626080566634)
(665.9277638383973,346.23374133082336)
(666.2288077852827,346.0775473784559)
(666.5089342808349,345.88402997865296)
(666.7640777248354,345.6612923416161)
(667.0031248688698,345.413122144697)
(667.2339021621079,345.14487080386283)
(667.4570550340279,344.86936239978525)
(667.6922569777469,344.5734458451266)
(667.9431215408252,344.26298570145906)
(668.2243846187239,343.9319232344931)
(668.4937453849833,343.63391243975593)
(668.7797741950897,343.34187124543496)
(669.1225207952862,343.0307031045605)
(669.4466948648254,342.7681670030697)
(669.7475444252083,342.5495515975273)
(670.0357554369806,342.3615342184255)
(670.3230508012664,342.19417101789065)
(670.6079936843756,342.04646607141984)
(670.8697288018092,341.9242407098123)
(671.1337108632521,341.81320530741147)
(671.3926838434817,341.7142664154654)
(671.6400169416855,341.62698499405485)
(671.8875804231732,341.5450207919164)
(672.1288788125855,341.4681946728349)
(672.3636658422766,341.39421174567696)
(672.5917232319969,341.32089184074255)
(672.8180624821993,341.24439623825504)
(673.0216868148132,341.17038604655295)
(673.2185117772334,341.09210230504164)
(673.4129121518777,341.0062460118412)
(673.5949641818956,340.9164671943926)
(673.7733668281235,340.8175872247488)
(673.9389169259314,340.71465251306387)
(674.0993631756188,340.60254005594226)
(674.2569308598563,340.4783884180737)
(674.3998123995361,340.3522443182826)
(674.5342599216244,340.2193858688716)
(674.6486043556453,340.09455734007145)
(674.7549033608777,339.9672017658366)
(674.8440055781515,339.85160655094313)
(674.9261331142102,339.7367673725135)
(674.9994581943198,339.6274006378031)
(675.0647857397038,339.5250535103289)
(675.1204029400978,339.4357079667435)
(675.1707330009355,339.3551271677909)
(675.216835281921,339.2842989390046)
(675.2597767361558,339.2239614705164)
(675.3005606738539,339.1745142961345)
(675.3400595340146,339.1359462520308)
(675.3789590912316,339.1077961837433)
(675.4188038616705,339.0889432064003)
(675.4686281870875,339.0792656181724)
(675.5140902956459,339.07853515394186)
(675.5568490868285,339.0823278597052)
(675.5984329545279,339.0880562063458)
(675.6353041803604,339.0930890674609)
(675.6683696102693,339.0964536485444)
(675.6985907256523,339.0977990668299)
(675.7277076747322,339.0969824407697)
(675.755107314217,339.09424292199475)
(675.7820606186664,339.090128139808)
(675.8101506214964,339.08560547680605)
(675.8376740143553,339.08262509985417)
(675.864825008347,339.0822794485478)
(675.8960555689534,339.08573156640523)
(675.9306602572306,339.0938593262583)
(675.9707398851219,339.1078271027412)
(676.0256673468257,339.1329203358986)
(676.0929216693127,339.1696382089953)
(676.1656011096657,339.2137254987742)
(676.2419653123646,339.26312701907443)
(676.391248210363,339.36616075794313)
(676.4915260400043,339.4368864635812)
(676.5982454529618,339.5131395955525)
(676.7184687935444,339.5996766721623)
(676.8440418403386,339.6902962029849)
(676.9828348639434,339.79036273659165)
(677.1300512385246,339.89608888913455)
(677.2797088727662,340.00290309039787)
(677.4323288956944,340.1099523848534)
(677.5913771163973,340.21954744374733)
(677.755430772217,340.3305318827018)
(677.9230457923313,340.4417513187279)
(678.0927993414783,340.55208105305985)
(678.2633334420211,340.66045823801056)
(678.4333971448314,340.76591774575274)
(678.596321600511,340.86436729795923)
(678.7514743998939,340.9556155235756)
(678.9092110454148,341.0456427005331)
(679.0582926855861,341.12819212920215)
(679.2089444184332,341.20899527637914)
(679.3556960185193,341.28531463492993)
(679.4937568261646,341.3552054849309)
(679.6329762267137,341.4240765951673)
(679.768645777742,341.49014746440247)
(679.9010496838794,341.55422296438314)
(680.0305001849033,341.61714436871586)
(680.1530208404838,341.67758750267024)
(680.2775374163461,341.74058349480765)
(680.39989472426,341.804613117553)
(680.5120687645656,341.8655429650341)
(680.6225493200053,341.9280354363022)
(680.7313175196048,341.99218405311126)
(680.8421768760975,342.0604182885283)
(680.9471121582883,342.1275660001072)
(681.049868464399,342.19568011893404)
(681.1501866832868,342.26423673241425)
(681.2477789736632,342.3325912750103)
(681.3423482743057,342.4000035083579)
(681.4336103683441,342.46566769184614)
(681.5213166534337,342.5287453109542)
(681.6023020747738,342.5863176167527)
(681.6768713430738,342.6380976229288)
(681.7508380643445,342.6874734071618)
(681.8264327083425,342.73484357805785)
(681.893338591883,342.7734049898229)
(681.9549117495804,342.80524866921235)
(682.0163497694302,342.8326272565494)
(682.0734803000365,342.85372389937993)
(682.1313373887456,342.87023228269675)
(682.1882615151345,342.88168220514143)
(682.2449207353792,342.8885927288812)
(682.2975862751907,342.8916297560633)
(682.3534325726336,342.89175649768623)
(682.408509149443,342.88968415866606)
(682.4655521498055,342.8860035631253)
(682.5276075004305,342.88104809656585)
(682.5900399683131,342.8758315519673)
(682.6585604794442,342.87045610023745)
(682.7278558272702,342.8658412421326)
(682.8040932001724,342.8620852123608)
(682.8811728724706,342.85983701185967)
(682.9657682150703,342.8593138724984)
(683.0509444263004,342.8607605700989)
(683.1400088397701,342.86435735472793)
(683.2408831657368,342.8709388198561)
(683.3333267459578,342.8789301207236)
(683.428726192527,342.8890926150224)
(683.5311614983707,342.9020002610872)
(683.6316151104799,342.91636645791874)
(683.7339705965522,342.93256444452817)
(683.8378177599134,342.9503861421608)
(683.9473420715589,342.97048804215586)
(684.0575418095264,342.9917971558201)
(684.1633358854492,343.0130501773051)
(684.2735082834489,343.03586049970784)
(684.3785190560327,343.0580743723043)
(684.4871444366411,343.08145401054287)
(684.5901157294364,343.10393075457466)
(684.6961411937024,343.1274210641047)
(684.792030294579,343.14902940455033)
(684.8865809795768,343.17081854528084)
(684.9798123725207,343.1929585273082)
(685.0717975321572,343.21567940855925)
(685.1626588690527,343.2392639917157)
(685.2525619516099,343.2640385055889)
(685.3417081008336,343.290361854156)
(685.4303262377158,343.31861411799804)
(685.5226666485215,343.35068455432594)
(685.6109850707799,343.3840868995319)
(685.6995584672729,343.42059135771865)
(685.78864483651,343.46055298461454)
(685.8784920746433,343.50429880788886)
(685.969333096292,343.552122121382)
(686.0613820259424,343.6042782821266)
(686.1548314132233,343.6609819042829)
(686.2498503845169,343.7224053024459)
(686.3465836181302,343.78867801761436)
(686.4451510179649,343.85988725744306)
(686.5456479581912,343.93607909301915)
(686.6529001338912,344.0211873212096)
(686.7526955734087,344.10341115839765)
(686.8543839114581,344.19009574250424)
(686.9579716992117,344.281160163125)
(687.0579628183928,344.3719774828129)
(687.1541757348484,344.4618550895656)
(687.256819168034,344.56036313054193)
(687.3608390561578,344.66267852884044)
(687.4609035587157,344.76323180977477)
(687.5784337489769,344.88405395642036)
(687.725160723496,345.0387699720188)
(687.8630996519279,345.1873556015793)
(687.991701607811,345.3284265874854)
(688.1219214790542,345.4737492494516)
(688.2420797362673,345.6098864032677)
(688.3692379790774,345.7562083483874)
(688.4916585963822,345.8991783633688)
(688.632752037022,346.06679854206556)
(688.7450457531078,346.20209376837016)
(688.8637664258649,346.3473449555329)
(688.9768689162611,346.4878566117626)
(689.0961079308511,346.63852439803406)
(689.2038277626765,346.7766479419556)
(689.3177722440486,346.9252032591386)
(689.4317273488058,347.07646486860875)
(689.5394840825638,347.22215008505106)
(689.6468390639616,347.3701799596428)
(689.7594858387591,347.52900256858373)
(689.8653882970665,347.68173078950076)
(689.9702775775472,347.8366853064705)
(690.0796499796229,348.00268587815845)
(690.1874586532958,348.17107758867064)
(690.2880016927421,348.3327102194776)
(690.3921698655095,348.50562061866157)
(690.4889307267466,348.67144827633695)
(690.5836233139162,348.83925004003464)
(690.6811278155546,349.01852306653103)
(690.7711829595155,349.19023903524817)
(690.863550818009,349.37353210917126)
(690.9667717859843,349.588413932076)
(691.0704947974054,349.8158413812184)
(691.1658156576208,350.03580144595753)
(691.2532454049768,350.24785358218793)
(691.3371417218241,350.4618749459119)
(691.4138938176716,350.667369252106)
(691.4840403080368,350.863975379485)
(691.5549150784194,351.0723310137848)
(691.6164189185225,351.26090446064205)
(691.6725761346867,351.4398565855584)
(691.7269182779211,351.61958141331166)
(691.7795734425316,351.7999903013842)
(691.8306824399856,351.9809844388727)
(691.880398088728,352.1624511852109)
(691.9288844914798,352.3442605837235)
(691.9763162876845,352.5262620832836)
(692.0255625142219,352.7189894862772)
(692.0740639148486,352.9114965767083)
(692.1194212964091,353.09286552451)
(692.1645381815921,353.2735270510216)
(692.2096288760549,353.45318468549726)
(692.2549113701743,353.6315088110409)
(692.3006053391555,353.8081366372314)
(692.3469296609763,353.98267308773285)
(692.3940993684641,354.154692731695)
(692.4423219532906,354.3237428950213)
(692.4947806659408,354.4988748046841)
(692.5457610628399,354.6603095118618)
(692.5983315390234,354.81727390754094)
(692.6526163290662,354.9692671118064)
(692.7053033718516,355.1074807494243)
(692.7596236650944,355.2404635403807)
(692.8155745024038,355.3678497248647)
(692.8694190591602,355.4820650087858)
(692.9283467162312,355.597696534477)
(692.9886188636099,355.7068929131237)
(693.0500306675411,355.8094767584556)
(693.112320796502,355.90533650928654)
(693.1751726645033,355.9944309133204)
(693.2382177013822,356.07679154286467)
(693.3010406813853,356.1525231724591)
(693.3631870164022,356.2218019716165)
(693.4241717981199,356.28487159343473)
(693.4834902661664,356.3420373594797)
(693.5406292969353,356.39365884195087)
(693.5922310502799,356.43786875562756)
(693.641443811489,356.4781720412046)
(693.6936102810022,356.5192375353252)
(693.7363694832301,356.5522816582574)
(693.7731007869303,356.5806672532784)
(693.8084885049285,356.608617327581)
(693.8396082464054,356.63449249592503)
(693.8662098904413,356.6586791138003)
(693.888099522565,356.68155528279567)
(693.9086709573816,356.71037246877603)
(693.9191825901423,356.7314996435469)
(693.9247904059146,356.7524573961532)
(693.9255704643206,356.77353561569925)
(693.92165965863,356.7949959521565)
(693.9140928103194,356.8155609980353)
(693.901716937446,356.8383997710049)
(693.885366238965,356.8622181574248)
(693.8653779487196,356.8871620943983)
(693.842126890607,356.91334970951)
(693.8160192174727,356.94087272031186)
(693.7895391117888,356.96778250940395)
(693.7591589729625,356.9980592448988)
(693.7272308124668,357.0298049207935)
(693.6942210351726,357.0630245137157)
(693.6605956336961,357.09770584447125)
(693.6268141960418,357.13382153236734)
(693.5933242215779,357.1713308820043)
(693.5605557971867,357.210181678312)
(693.5309557043918,357.24756749691613)
(693.5026479927856,357.28602805657556)
(693.4759175372375,357.3255115142313)
(693.4510229985378,357.36596645541806)
(693.4281947144498,357.4073439586183)
(693.4063378862159,357.4526854367163)
(693.3883840428931,357.4958424943552)
(693.373010721889,357.53980952717086)
(693.3603200654263,357.58456835436175)
(693.3503817898771,357.630112308931)
(693.3432337047778,357.67644722850497)
(693.3388826371528,357.7235920852952)
(693.3373057319949,357.77157924453525)
(693.338452094243,357.82045435584314)
(693.3422447332674,357.87027589560347)
(693.3485827676898,357.92111439011364)
(693.3573438462719,357.9730513585479)
(693.3683867395218,358.0261780215533)
(693.3815540564985,358.080593825468)
(693.3979049771019,358.14049792738325)
(693.4149237147577,358.1979237594261)
(693.4335109452078,358.2569794129506)
(693.4534725741752,358.3177807058233)
(693.4746124951906,358.3804431290197)
(693.4967351687661,358.4450802513294)
(693.5196555580585,358.51184903820024)
(693.5449113518257,358.5859674754678)
(693.5688938597766,358.6575271197063)
(693.593111779669,358.7315953578823)
(693.6174006545474,358.808296463612)
(693.6416084183145,358.8877495877895)
(693.66559691315,358.97006615538857)
(693.6892430965021,359.0553478455641)
(693.7124399398895,359.14368509450895)
(693.7350970253835,359.2351560560529)
(693.7571408488251,359.32982595385505)
(693.7785148416039,359.42774676050703)
(693.7991791232266,359.52895714187304)
(693.819109994007,359.6334826090428)
(693.8382991875877,359.7413358278216)
(693.8567529052209,359.85251704158816)
(693.8744906547837,359.9670145690639)
(693.8915439183484,360.0848053440387)
(693.9079546728087,360.20585546923877)
(693.923773788621,360.3301207612167)
(693.9390593321727,360.45754726735066)
(693.9538747976634,360.5880717397556)
(693.9682872946636,360.72162205415725)
(693.9823657177236,360.8581175646053)
(693.9961789244974,360.9974693873533)
(694.0097939488272,361.13958060937955)
(694.0232742750572,361.2843464189223)
(694.0376300737847,361.4423701642752)
(694.0519616339144,361.60316182453965)
(694.0653620392518,361.75550614326585)
(694.078819589933,361.9099847341946)
(694.0923566134679,362.0664513454825)
(694.1069646388856,362.2361977614317)
(694.1206874911734,362.396283612114)
(694.1344849393356,362.5578510020001)
(694.1483304585105,362.7207156184929)
(694.1621852543547,362.8846826867975)
(694.1769824502134,363.0613901661705)
(694.1916554879261,363.2388572546055)
(694.2061140486467,363.41679930662764)
(694.2202560749823,363.5949152814574)
(694.2339697464914,363.7728871911405)
(694.2471357454906,363.9503796420719)
(694.2596297714377,364.12703949914464)
(694.2713252560123,364.30249570431243)
(694.2820962258372,364.47635928402747)
(694.2918202556666,364.64822358269)
(694.3003814518793,364.8176647617852)
(694.3072654410344,364.97331779642025)
(694.3129656808416,365.12610971204947)
(694.3174161136121,365.2756610207849)
(694.3209766876528,365.58877980982544)
(694.3212421839595,365.72565295241225)
(694.3199829960706,365.86662337961843)
(694.3171996565212,366.00141181699456)
(694.3129360655037,366.1295209778079)
(694.3077255379072,366.24285125954435)
(694.3013581775953,366.3495611531395)
(694.2939268119283,366.449286595643)
(694.2855420936828,366.5416870493736)
(694.2763315139608,366.6264514006827)
(694.2664380866846,366.70330422010227)
(694.2560187066484,366.77201228006794)
(694.2452421853368,366.832391186435)
(694.2334924236726,366.8873688965273)
(694.2217684978941,366.9325560065886)
(694.2103049011487,366.9679654598068)
(694.1993368432132,366.99370641796645)
(694.1890955062581,367.00998908675325)
(694.1798031157401,367.0171272616964)
(694.172137992064,367.0161890557696)
(694.1656352962906,367.0080637512801)
(694.1604322022956,366.993236637813)
(694.1564830553773,366.97028889156667)
(694.1542733902271,366.94103693592996)
(694.1538295107702,366.9064830201538)
(694.155013108354,366.87047880442225)
(694.1581487737112,366.828692582128)
(694.1631519785873,366.7850167365464)
(694.1699837829747,366.7408437479018)
(694.177886494816,366.7004060026684)
(694.1880015957228,366.6592611671964)
(694.1987538469243,366.623891168475)
(694.2106809088708,366.59252577167337)
(694.2236294243197,366.56604671441306)
(694.2374334266214,366.5452360974036)
(694.2519183905903,366.530772424843)
(694.2669051438862,366.5232303658198)
(694.2822135548053,366.5230833460286)
(694.2976659415282,366.53070817518295)
(694.3130901692242,366.54639103405873)
(694.3283224165751,366.5703342686271)
(694.3432096039088,366.6026635559817)
(694.3576114826072,366.64343511143153)
(694.3714023908522,366.6926426954943)
(694.3844726848315,366.7502242532094)
(694.3983607445009,366.8268097265517)
(694.4110911098442,366.9139328820892)
(694.4212733186201,366.99801275452023)
(694.43046663746,367.0897017481239)
(694.4386578297039,367.1887323306722)
(694.445852209905,367.29481072769755)
(694.4524520716853,367.41618207934744)
(694.4576830646232,367.5358288258981)
(694.4620440049357,367.6614841414498)
(694.4656094846899,367.7927728140555)
(694.4686300247158,367.9394439338459)
(694.4708536439731,368.081145006364)
(694.472597783035,368.22723586713175)
(694.4740738698597,368.38829181016797)
(694.4757603951009,368.5445118230999)
(694.4780658118582,368.7178675528863)
(694.4810160343305,368.89637057650987)
(694.4844525477814,369.0667572882903)
(694.4886995891575,369.24026312150767)
(694.4938868119306,369.4162274949524)
(694.500685127863,369.6068077206341)
(694.5082386871724,369.7857902330651)
(694.5171278132059,369.9652399162767)
(694.5274751446204,370.1445269722971)
(694.5393968024822,370.3230350791755)
(694.5530002324191,370.5001645950663)
(694.5683819989209,370.67533608738)
(694.5870043558549,370.8601126172807)
(694.6063181003682,371.0294945188612)
(694.6276146959,371.19530695779446)
(694.650925123856,371.35709275939786)
(694.676259878077,371.5144346574067)
(694.705713344672,371.67746999685914)
(694.7351774694567,371.82447245603026)
(694.7665568191941,371.96603762888026)
(694.7997683634385,372.1019447540187)
(694.8347045974725,372.2320279501373)
(694.8712331579478,372.3561779723781)
(694.9120106192287,372.48232601926304)
(694.9513055884436,372.5940921852948)
(694.9945749115103,372.7070727100612)
(695.0357282260187,372.8067597142406)
(695.0773849258155,372.90087156647616)
(695.1222476603056,372.99559691126666)
(695.1639913670671,373.0789818606618)
(695.2052663364826,373.1576734378934)
(695.2485183964031,373.237047413912)
(695.2876527103332,373.3072304407797)
(695.3276958452896,373.3784609004693)
(695.3630250895786,373.4419181312694)
(695.3980551739738,373.50696360546345)
(695.4279093012965,373.5655271237837)
(695.454563014412,373.6223497162818)
(695.4790332486808,373.6817093507129)
(695.4980237958686,373.7361333884809)
(695.5129134738532,373.7899027077962)
(695.5238928236673,373.84712963486686)
(695.529680072137,373.9004524768167)
(695.530919061737,373.9539114814429)
(695.5275826714335,374.0077028736772)
(695.5197066683692,374.06199723988544)
(695.5073906085726,374.11694320343867)
(695.4907977793771,374.1726710402304)
(695.4701541762336,374.2292957410056)
(695.4457464550219,374.2869190975504)
(695.4179187708147,374.34563055897866)
(695.3884145961122,374.4116522411809)
(695.3577350828624,374.48465442023075)
(695.3241112873967,374.57046381172637)
(695.2926692169552,374.6567255351529)
(695.2617221161789,374.74872135405)
(695.2318258412563,374.84598435839877)
(695.203529892112,374.94802331442776)
(695.1773703640008,375.0543265829933)
(695.1538631822282,375.16436631405963)
(695.1334975671923,375.2776029716381)
(695.1158144048003,375.4019548436639)
(695.1027803810163,375.52865647861506)
(695.0950503870778,375.6483905635036)
(695.0922286006978,375.77774340576804)
(695.0946132913781,375.8988666931109)
(695.1031549890424,376.0285064174818)
(695.1164583502207,376.1489088047505)
(695.1368907231184,376.27671309241407)
(695.163456052531,376.40284039940167)
(695.1934601048422,376.5187487782569)
(695.2313690849583,376.64049026934276)
(695.2714705333182,376.7517337422844)
(695.3159445235145,376.8603877419942)
(695.3643759065613,376.966288887908)
(695.4202590763196,377.0764354493425)
(695.4753212923306,377.17628059441546)
(695.5327077375009,377.27312276394326)
(695.5918027810352,377.36694771959014)
(695.6519660939717,377.4577667499938)
(695.7125437009917,377.5456115556121)
(695.7728792182463,377.63052910657063)
(695.8364911154325,377.7182020959984)
(695.8942991858944,377.79722963514826)
(695.94994788219,377.87352067433864)
(696.0028803628401,377.94713654495365)
(696.0525874014495,378.01813266596315)
(696.0986142884266,378.08655599144566)
(696.1405664080224,378.1524430732512)
(696.1781134199204,378.215818726705)
(696.2109920142672,378.27669527161214)
(696.2390072483867,378.3350723105716)
(696.2626812511138,378.3950860805138)
(696.2820172338587,378.45674038010924)
(696.297097035855,378.52001388684846)
(696.3080758650037,378.584862444462)
(696.3151758463856,378.6512215202807)
(696.3186433253709,378.72395895353253)
(696.3186448253238,378.79316956913743)
(696.3157894200972,378.86359205635796)
(696.3099111637301,378.9402969447151)
(696.3017515685548,379.01809790162713)
(696.2918651302429,379.0968345539893)
(696.2808103896563,379.17634631049447)
(696.2699643388551,379.2510965580321)
(696.2590205744925,379.32626425628473)
(696.2483877392232,379.40173555515594)
(696.2384462360936,379.47740683206683)
(696.2295428665464,379.5531867117602)
(696.2215363466812,379.6344168276522)
(696.2153901717297,379.7156097420753)
(696.211521797734,379.7913089954641)
(696.2096945080967,379.8669019424714)
(696.2102117905547,379.94776818182197)
(696.2133034571201,380.02852345240717)
(696.2184809740287,380.1038270005421)
(696.2259426395152,380.1791112311896)
(696.2356419173674,380.25444179420947)
(696.2474965688161,380.3299004219279)
(696.2613919902351,380.405583925881)
(696.2771847626487,380.4816030732962)
(696.2960767487207,380.56359049784896)
(696.3152331982365,380.64071660727654)
(696.337254398981,380.72422630607144)
(696.360497009918,380.8088023441818)
(696.3830144948846,380.88883079565386)
(696.4077956049662,380.9760380836206)
(696.4312445501733,381.05887699124554)
(696.4547667272017,381.1433380755202)
(696.4781169491148,381.2295998225455)
(696.5026434538718,381.3243165464677)
(696.5248708005699,381.4148882550745)
(696.5462075638803,381.50780432825206)
(696.5664372047182,381.6032354490683)
(696.5853548892164,381.7013464135686)
(696.6027690876828,381.80229440848547)
(696.6185030646562,381.90622719714963)
(696.6323962681388,382.0132812061725)
(696.6443059011301,382.1235795055202)
(696.6541314513688,382.2372296748647)
(696.661831747414,382.3543216104713)
(696.6676251937582,382.48383678790356)
(696.6710657636901,382.6174671265107)
(696.672336672933,382.7552351973438)
(696.6716964048312,382.8971268331818)
(696.6694729417948,383.04308713902685)
(696.6664027800368,383.1827518988954)
(696.662693443317,383.3257343150726)
(696.6587338659928,383.4718757091832)
(696.6549395301649,383.6209723125308)
(696.6517458309324,383.77277115667374)
(696.6494732293438,383.9381815837725)
(696.6489169693548,384.10590559798936)
(696.6504373355413,384.263982125462)
(696.6548760612408,384.4345474369568)
(696.662677813625,384.6055982716666)
(696.6743775767178,384.77632613166924)
(696.6904849479263,384.94582395191514)
(696.7114764987783,385.11308626380026)
(696.7377871371918,385.2770124099198)
(696.7698000271425,385.4364136185453)
(696.8078347122607,385.5900247664587)
(696.8521332605324,385.7365215971293)
(696.8990892537274,385.8658703808567)
(696.9516891558955,385.986727152325)
(697.0098695983413,386.09800132980894)
(697.0734582109128,386.1986508357306)
(697.1421623584871,386.28771336989183)
(697.2155600784422,386.36433892621574)
(697.2930943147591,386.42782180600216)
(697.3740714508106,386.47763012207724)
(697.4576649098184,386.5134307203395)
(697.5429242352733,386.5351076124523)
(697.6287896256227,386.542772422328)
(697.7141114406788,386.5367659606457)
(697.8035189688617,386.51527661232774)
(697.8893665684576,386.479696115616)
(697.9700907268599,386.43122466944294)
(698.039616610461,386.37597753540007)
(698.1021320934691,386.3119715315371)
(698.1598031515255,386.2348576148607)
(698.206911642468,386.150910063011)
(698.2423622369804,386.061851272763)
(698.265241093651,385.96938502935126)
(698.2748360499985,385.87516347350925)
(698.2717641929347,385.78707486845013)
(698.2564436691684,385.7000374358488)
(698.2259543904156,385.60925281273137)
(698.185381810971,385.5277691224485)
(698.133047326505,385.45044069890434)
(698.0694955716093,385.37806807616414)
(697.995457729386,385.3113438302707)
(697.9141802362147,385.26931185037967)
(697.827075631392,385.25052754829636)
(697.7357556931016,385.2535665666805)
(697.641981331032,385.27702064102414)
(697.547610242953,385.31949541351247)
(697.4545445380882,385.37961028832177)
(697.3646802294987,385.4560003267258)
(697.2742067343069,385.5549535337909)
(697.1916864880924,385.66938710710986)
(697.123297528406,385.7883275795773)
(697.0615726709059,385.9282333977795)
(697.0153324356321,386.0684260657229)
(696.9814730517463,386.21709757168543)
(696.9607867391379,386.37317514993316)
(696.9543848473727,386.5477128161366)
(696.962517886789,386.71601579758885)
(696.9875542811743,386.90151711746955)
(697.0250818881896,387.0783474845777)
(697.0765248390849,387.2581508189572)
(697.141489326903,387.4402638173834)
(697.2194568002695,387.6240762843142)
(697.3098086386098,387.8090239681315)
(697.4118503643951,387.99458110164886)
(697.5248345197637,388.1802530531841)
(697.6479815347325,388.3655694315316)
(697.7906568263769,388.56315681012603)
(697.9323380265283,388.746296491417)
(698.093008913838,388.9405189268184)
(698.2499054994307,389.1196351482685)
(698.4130254587559,389.296171206439)
(698.5816935010389,389.4697071039582)
(698.7552756430744,389.6398249920636)
(698.9462129938786,389.81764840105564)
(699.1414322674121,389.9905251934836)
(699.3268270686037,390.14718140256446)
(699.5285945242119,390.30913884540274)
(699.7191768967778,390.4548106044521)
(699.9116321485183,390.5946330669296)
(700.1055966159356,390.72826578866756)
