Person 64
Starting Position = (499.1313448005274,632.5089356716006)
(501.85179108262207,629.7318981640608)
(504.1260945507223,627.408151103243)
(506.38909792385675,625.0877315255619)
(508.5002727226704,622.9175716448716)
(510.6133029709245,620.738631352207)
(512.6845825666754,618.5969744928296)
(514.6999266201312,616.5087370100109)
(516.7268125648652,614.4038840822452)
(518.7246962779788,612.3255914094556)
(520.7342379110139,610.2317086628681)
(522.742022188115,608.1368118541991)
(524.734780756533,606.0555513675292)
(526.6992982548561,604.0025711462125)
(528.6626476213104,601.9497221121167)
(530.7454385928327,599.7688646000312)
(532.7060584565425,597.7166415850397)
(534.6792897718037,595.6512520081411)
(536.6247667843608,593.6154353755986)
(538.5827189159897,591.5666852857627)
(540.8061265496563,589.2341415334927)
(542.85401200471,587.0878960090243)
(544.8209812566472,585.0290844486061)
(546.7337892424948,583.0291963715715)
(548.8185185859662,580.8466154682992)
(550.847766326448,578.7222070701694)
(552.808791370349,576.6705503170115)
(554.7150955926521,574.6774758184661)
(556.5799326989104,572.7286334415711)
(558.4561758715421,570.7671706634527)
(560.3168520766442,568.8209758573871)
(562.1750123115879,566.8757173827448)
(564.0303765945785,564.9311340749186)
(565.8695459459999,563.0011510035446)
(567.7186807978082,561.0572678933748)
(569.5380820536673,559.1416469708489)
(571.3540005357685,557.2258879226894)
(573.1661691929604,555.3096492041421)
(574.9613522077749,553.4068468061496)
(576.7525049597876,551.5031010947268)
(578.5523758583865,549.5838367476894)
(580.3606323605776,547.6486090398477)
(582.1383567204052,545.7399557542393)
(583.8858069781919,543.8580219660754)
(585.6288229422258,541.974161132821)
(587.5587561563383,539.8717530887916)
(589.3674795448956,537.8944234222296)
(591.1585867427397,535.9289450717882)
(592.8559369261137,534.0617793789849)
(594.637798726327,532.0912546287817)
(596.3765639553263,530.1603784779641)
(598.072813421257,528.269867232186)
(599.7269601741624,526.4200891300766)
(601.3267725931928,524.6257974912345)
(602.9103303577269,522.8437306784634)
(604.5027199192815,521.0445172952753)
(606.078817066696,519.2569016343963)
(607.6512982107571,517.4664679734669)
(609.2451498226966,515.6439174101795)
(610.7981429693207,513.8622933781102)
(612.2983284159732,512.1370458792538)
(613.8081623119676,510.3955535520965)
(615.3028510516534,508.6668488125498)
(616.807332390799,506.92181780293714)
(618.2846264127271,505.20453434719207)
(619.7473935625956,503.50087679320046)
(621.1958673336414,501.8111530273984)
(622.6179736010976,500.15037670224336)
(624.0386383339663,498.48963414636586)
(625.4703947887186,496.8144177927746)
(626.8642895506401,495.18367032470354)
(628.2453361664053,493.568883591002)
(629.6385231291589,491.9412784365506)
(631.081244082995,490.25741983196735)
(632.6235059779215,488.45922381663553)
(634.0317642928832,486.8252171338076)
(635.4549042077015,485.1832177140694)
(636.8318225614498,483.6064356861166)
(638.1880548036876,482.0674412026567)
(639.7250771133298,480.3401024157143)
(641.1443365985853,478.7684475811112)
(642.5469607145952,477.242571714843)
(643.8956425543648,475.8058795876482)
(645.255092048424,474.3920939704994)
(646.5877266654498,473.04387849286337)
(647.9334361512613,471.72455721436904)
(649.2935288181235,470.43807135408053)
(650.6556249175112,469.2006187506284)
(652.00641205408,468.02664878993)
(653.3729826330647,466.8944843965402)
(654.7693403101856,465.7950754084349)
(656.15337624991,464.76071256483084)
(657.5524540206161,463.7659330047111)
(658.9081676319628,462.8420821692826)
(660.2896960140388,461.92792186721937)
(661.7517083938694,460.9712554357267)
(663.1433125661101,460.06031500379834)
(664.500120131249,459.1630200954626)
(665.8411964361457,458.26050071290547)
(667.1568883588164,457.3558284773916)
(668.4136220939155,456.4729157429677)
(669.7021466578295,455.54518052214354)
(670.8909867529546,454.67649141359254)
(672.049108750736,453.8254167610901)
(673.1555651076482,453.019446290037)
(674.2396002605648,452.25139190188895)
(675.2939284839712,451.54470419825157)
(676.3419768570175,450.9071904114356)
(677.4693287055743,450.3311759708483)
(678.6815889583238,449.85517605538)
(679.7520920557819,449.53119471699745)
(680.7836358779726,449.2807227298629)
(681.7344372639778,449.0781774993746)
(682.5595855101228,448.9101040400519)
(683.2933569222864,448.75766203448046)
(684.0245136042121,448.55695984953394)
(684.7169711377609,448.2964269459665)
(685.3553821255897,448.0035347429228)
(685.9860262079033,447.6850475746848)
(686.5855363379635,447.39115658468756)
(687.143723192339,447.1621517924123)
(687.6539210662633,447.01881613858393)
(688.081840051058,446.98951975919414)
(688.406977414805,447.11934826488005)
(688.6086025137697,447.4979478727197)
(688.7222472417623,448.1618358356407)
(688.8675856091942,449.04230373687915)
(689.1526944480636,449.97122502814415)
(689.564964685805,450.7339508478977)
(690.0733247910717,451.28015713603213)
(690.5999903126857,451.56586111094924)
(691.0962027396113,451.61834406769947)
(691.5372793718373,451.4863107100097)
(691.9598940669339,451.2389303090798)
(692.3424560025741,450.9245500825576)
(692.6754814547662,450.5743203508043)
(692.9500051259198,450.2151893714857)
(693.1638124354986,449.8624225282196)
(693.319450637655,449.53069526514867)
(693.4289357426682,449.2223620974045)
(693.5030646170998,448.95475883461376)
(693.5590392386728,448.7161168202237)
(693.6066440325815,448.51575565758003)
(693.6611252224308,448.3345599026188)
(693.7162163595887,448.2071109249174)
(693.7787160873479,448.1118759303023)
(693.8443093898399,448.04724437910966)
(693.9059294715992,448.01019304850996)
(693.9503264819342,447.99942662906057)
(693.9599996456735,448.01326415860575)
(693.9166052822995,448.048855809467)
(693.8070575678566,448.0963751778066)
(693.6361645240333,448.1423168936475)
(693.4150903873605,448.1779760624696)
(693.0844603438682,448.2000208469599)
(692.8220285766165,448.2099805746725)
(692.6100996803249,448.22366475991737)
(692.4748530817525,448.256879359212)
(692.4344075875323,448.32303517522195)
(692.4882070969234,448.4296835774967)
(692.6220725787243,448.57703569537006)
(692.8082481688202,448.7562608673846)
(693.0306675210215,448.969843535908)
(693.3004757673841,449.2542205279074)
(693.5224509521674,449.53802056823025)
(693.6843639356917,449.8139960698591)
(693.7903735475168,450.09477030209933)
(693.837604483948,450.3562531641998)
(693.8368589621274,450.59434778628446)
(693.8071838075542,450.78657206646085)
(693.7636489751586,450.943362390991)
(693.7255933970349,451.0534836765125)
(693.7034362304308,451.12600109974295)
(693.7054219601184,451.1640231665558)
(693.7331704191831,451.1784257358603)
(693.7859134130422,451.17717567846915)
(693.8551304841294,451.16901350696037)
(693.9351753519059,451.1612016626942)
(694.0143700778696,451.1601810892451)
(694.0869425096404,451.1700104070271)
(694.146949095893,451.19186990642055)
(694.1925201210805,451.2247651850591)
(694.2243842818618,451.26857367006)
(694.2421966281967,451.31971643533797)
(694.247837346927,451.37815190419946)
(694.2424956462379,451.4459458176457)
(694.2272741291438,451.52409998771316)
(694.2022922057636,451.61460827071795)
(694.1679311265559,451.7152259146206)
(694.1205708188146,451.83132018762245)
(694.0560336121099,451.9646177568481)
(693.9687318385771,452.1159913481175)
(693.8557670190858,452.2811242939474)
(693.7141073244588,452.4567893523785)
(693.538262016488,452.6425726568987)
(693.3267921461916,452.83365706894176)
(693.0804107333649,453.0244310027786)
(692.8020007891942,453.2089058216386)
(692.4897304212298,453.38425309809907)
(692.1559791908624,453.540583029265)
(691.8299482456598,453.6655599595804)
(691.4927043968092,453.7650601339384)
(691.1668285413175,453.8313439829708)
(690.8548938349863,453.86348670288925)
(690.5615936177192,453.85968766232713)
(690.3088562008348,453.8225736533267)
(690.0971170968404,453.75467714199704)
(689.9453165796156,453.66377656315285)
(689.8523392618605,453.55305909630266)
(689.8186736371324,453.4276092801001)
(689.8440214425996,453.28941671529867)
(689.9275182585933,453.14323129931347)
(690.065780440609,452.9936412307116)
(690.2532096086205,452.8446847246138)
(690.4824472042129,452.6996754757223)
(690.7787828610906,452.54661331708627)
(691.0679135077896,452.41776320388567)
(691.3698604411148,452.2995078055883)
(691.675152747932,452.19324886142016)
(692.0213167489183,452.087803600527)
(692.3303182054865,452.0008117466908)
(692.6024459208112,451.9278062578915)
(692.8396233787472,451.86433177022445)
(693.0438828432242,451.80578578176977)
(693.2136586904717,451.74860123908553)
(693.3497589450635,451.68938792236276)
(693.4517698716495,451.6283906022153)
(693.5285592752695,451.56341057235664)
(693.5863807517411,451.49490165399203)
(693.6320502775437,451.4224492911496)
(693.670476776938,451.34788107505983)
(693.7059649975428,451.2733579712798)
(693.7455148149693,451.1941784439702)
(693.7869134471287,451.12114867079805)
(693.8313937735472,451.0535086953951)
(693.876672715986,450.9922470493618)
(693.9207731117475,450.935633440338)
(693.9618065933863,450.8812486473106)
(693.9994193247537,450.82493900522553)
(694.0311317572754,450.76659890043794)
(694.0587173397687,450.7004831936821)
(694.0820668666075,450.62580354495293)
(694.1028267335109,450.5382844927512)
(694.122196309214,450.4355579191184)
(694.141426351183,450.3155754602684)
(694.160932166462,450.18077031933575)
(694.1916883703653,449.9742684678418)
(694.2179518882076,449.7894231817983)
(694.2459193445707,449.58437366303826)
(694.2733366746675,449.3727615390714)
(694.3019774144286,449.13906885026944)
(694.3293669751996,448.8985863231439)
(694.3560425988269,448.6412532720737)
(694.3793378290253,448.3849653809517)
(694.3991743493228,448.12030285875034)
(694.4131164271079,447.8661429363066)
(694.4203250023752,447.6137058928335)
(694.4191018176148,447.38055878838367)
(694.4078024258454,447.15828966018313)
(694.3861542924698,446.9611965770731)
(694.3531358733252,446.78554759672534)
(694.3069158025772,446.62927601697004)
(694.2523203912774,446.50359130061014)
(694.1873458763139,446.3997883195892)
(694.1124738965261,446.31570118886583)
(694.0307787050873,446.248540322069)
(693.9376533648251,446.1888012552773)
(693.8360106184583,446.13042807770285)
(693.7268374004742,446.0647175751818)
(693.6117095405809,445.98336014360433)
(693.489392997968,445.87602416257874)
(693.3732014354215,445.7462434664054)
(693.262993475116,445.59002889792663)
(693.1589590012806,445.41537664831685)
(693.0669285401908,445.2266124724057)
(692.9871744950282,445.01878595971345)
(692.9231615546108,444.79385589273954)
(692.8782577991342,444.55525239642014)
(692.8554774563867,444.3074692630081)
(692.8572103658928,444.05561834960287)
(692.8849632452886,443.8049934434567)
(692.9391473918195,443.560673891999)
(693.0189498613227,443.3271864841859)
(693.1223169495391,443.10823697246803)
(693.2593008673842,442.8900947018865)
(693.4006517583504,442.7088902186154)
(693.5481456948459,442.5509365895975)
(693.7015755890176,442.40985445628615)
(693.8565152638356,442.28387296832636)
(694.00886307065,442.17056668715514)
(694.1507015297433,442.0700540990568)
(694.2882416924228,441.973362185047)
(694.4149491295711,441.8809787849433)
(694.5265706429228,441.7932806814698)
(694.6298845037312,441.7029446956819)
(694.7221343462826,441.6116448784649)
(694.8049631673709,441.5189477891513)
(694.8784286022145,441.42802806944684)
(694.9496784856549,441.33399462386757)
(695.0191518641878,441.24132264425305)
(695.0872281320458,441.15460118193926)
(695.1606885321576,441.0705813312914)
(695.2362983862558,440.99625988233356)
(695.3142085188947,440.9326056554513)
(695.396659185904,440.8789183476992)
(695.4855460853207,440.83596176117584)
(695.5728011379574,440.8073446187643)
(695.6610732417217,440.79285200443485)
(695.7408829639327,440.7932606260021)
(695.8127638474101,440.8090030202572)
(695.8680095048893,440.8373753069412)
(695.9052435803584,440.87867737952115)
(695.9193160217477,440.92674420077935)
(695.9076053396526,440.9807713764853)
(695.870903829446,441.03209715553476)
(695.8092239127773,441.07523377575336)
(695.7124196133764,441.10374034466)
(695.5774521407428,441.09950963056264)
(695.433351055422,441.0540759140224)
(695.2921316568684,440.9676539465037)
(695.1536562541527,440.83202270882066)
(695.0292641894933,440.6515097430857)
(694.9230954617645,440.4299724734927)
(694.8318120932965,440.1515519881011)
(694.7601670830398,439.82651237500437)
(694.7072341916506,439.4596805037443)
(694.6696538086401,439.04347311219544)
(694.6452239551782,438.6138712641071)
(694.6290378014347,438.1976206675762)
(694.6161220504456,437.7759777720108)
(694.6040793417355,437.37282564706425)
(694.5912621838178,436.9959582322792)
(694.5754472108462,436.612962259305)
(694.5599953864879,436.29292605420113)
(694.543847176865,435.9889185813693)
(694.5300691256692,435.7237544513179)
(694.5193017775463,435.436268594334)
(694.5183975644665,435.2054134061441)
(694.5289216049576,435.00685749322025)
(694.5579018846512,434.811047893674)
(694.6026214787536,434.64499816647367)
(694.6606983509702,434.5023822277867)
(694.7389331598188,434.3641573435154)
(694.8344910720252,434.2330224120977)
(694.9457011189191,434.1068565362408)
(695.0700090807866,433.9839587039271)
(695.2041510736385,433.86300147187984)
(695.339157516375,433.74737579578283)
(695.4814138849264,433.62773170718265)
(695.6169929745361,433.5121394145505)
(695.7429826713828,433.4003048475745)
(695.8574701779678,433.29200741100163)
(695.9671932200067,433.17813704489595)
(696.0624723996463,433.06739749347196)
(696.1464584519673,432.95535599357765)
(696.2185508102292,432.84209755165966)
(696.2856365360443,432.6930659148671)
(696.3453653939622,432.5213416763568)
(696.4026886175084,432.315979134259)
(696.4535333063423,432.0989520601876)
(696.500546260271,431.8663863656672)
(696.5423720617025,431.6331772188426)
(696.5826885454483,431.38254558973193)
(696.619688738024,431.1285729868462)
(696.6531341462309,430.87489012628095)
(696.6827483021857,430.62280753164714)
(696.7068310604844,430.38531220180397)
(696.725579907614,430.15390341198446)
(696.737723357058,429.93002392621975)
(696.7419940365551,429.72352747629054)
(696.7370420263119,429.5162218116151)
(696.7213130073391,429.3171146793885)
(696.693683054162,429.1252755571584)
(696.6533977856998,428.9393323165382)
(696.6001774223611,428.757628987295)
(696.534275285088,428.5784217999852)
(696.460351375816,428.40780851747036)
(696.3723398373912,428.2290855575613)
(696.2751726829938,428.049245684807)
(696.1754386048956,427.87608997539843)
(696.0033590050344,427.59888268828695)
(695.8866761914277,427.41823730871926)
(695.7671841267037,427.2404800492734)
(695.6451706314925,427.0667422677811)
(695.5260211770734,426.9046827384655)
(695.3984231078883,426.7393188672585)
(695.2674154626909,426.5761719754399)
(695.1388808197173,426.4193510675556)
(695.0135910195612,426.26569185462614)
(694.8803821162348,426.0965095978238)
(694.7528101969465,425.92381175993887)
(694.6205979095303,425.7270834611493)
(694.5104595782984,425.4557813897376)
(694.4258392833702,425.1372341939846)
(694.3636925849207,424.7872070280974)
(694.3195564535889,424.3975352292804)
(694.2924063419943,423.9522332704492)
(694.2831833311546,423.5021951615909)
(694.2909986723046,423.00789544407985)
(694.3153597726736,422.498535557908)
(694.3526550831708,422.00538021926803)
(694.406367653198,421.48429060174175)
(694.4696984286984,420.9899251291017)
(694.5484679675949,420.47787488264527)
(694.6334204570502,420.00085337206883)
(694.7321712772068,419.51602216187973)
(694.8361376987607,419.0612832102048)
(694.9490555633272,418.6163496167225)
(695.06346608307,418.20480339321693)
(695.1906867471566,417.7862991257899)
(695.3166182131995,417.4038975607913)
(695.4539488538313,417.0201153724431)
(695.5883278104137,416.6739037496816)
(695.726472563935,416.3473027942832)
(695.8760356256691,416.02641573745234)
(696.0220972602866,415.742974359892)
(696.1804527362159,415.4690045177652)
(696.3354019860531,415.23103795428113)
(696.5037826380714,415.00556667306466)
(696.668880002584,414.81394597904807)
(696.8486963375673,414.63738904405807)
(697.0253446334793,414.49221760501945)
(697.2181608398633,414.3645241671964)
(697.4078916922064,414.2656828574806)
(697.6152974848233,414.18665238300485)
(697.8194542441832,414.1337824364315)
(698.0424460253417,414.10263491576)
(698.261324656459,414.0943687551278)
(698.4867865056885,414.10659797572333)
(698.730636224675,414.14111387317945)
(698.9795445676825,414.1954047074559)
(699.2186911411623,414.26254400787315)
(699.4712794847629,414.34814557894146)
(699.7094685518155,414.44010789878257)
(699.9556201272624,414.5459589421527)
(700.1826571354391,414.6517639093011)
