Person 37
Starting Position = (291.5913065589581,515.0331209950104)
(294.7289190057334,513.8097592347749)
(297.35587287707773,512.810281360435)
(299.97813400708077,511.8412765253226)
(303.16636350197825,510.7170414536166)
(306.1283133949734,509.69804624278765)
(308.8297041225608,508.7829604017191)
(311.4852931289892,507.89702030491816)
(314.16692870970394,507.01627709292893)
(316.8365982547367,506.15188947661846)
(319.5489341399162,505.2860106989975)
(322.24771919987984,504.43517314955955)
(324.8950359248702,503.60945937413885)
(327.5646198770412,502.78582015218956)
(330.20031241496594,501.9805118556036)
(333.0068457045908,501.1337694875427)
(335.66713780509406,500.33765246669003)
(338.3297590630284,499.5475692087922)
(340.9758475761915,498.7687655231294)
(343.62386616291167,497.9957064798119)
(346.8168105247824,497.08064546568534)
(349.8434983022997,496.2204927601326)
(352.6280659567309,495.43205029349434)
(355.2637000743718,494.6881222237302)
(358.1624731805393,493.8777432695768)
(360.85605647160213,493.1278538208209)
(363.47522610585537,492.40153846896396)
(366.11357537609626,491.6736706165318)
(368.82731428672304,490.92991208049193)
(371.89782997177383,490.09893151946284)
(374.49980188666257,489.3943827540713)
(377.06402613608384,488.7010986484223)
(379.6280420395501,488.0099031452066)
(382.2105977601118,487.3163700826555)
(385.13035053362665,486.5402647597329)
(387.93735217469805,485.7970964905516)
(390.66879973243425,485.0754898026419)
(393.19352832929195,484.4079295727695)
(395.7175022476364,483.74134595312466)
(398.25950224792354,483.07162116770314)
(400.78210379166103,482.40852847598086)
(403.3039774544704,481.74728106575117)
(405.91860306895194,481.06462939210934)
(408.4202163233511,480.4122664261337)
(410.88351425218536,479.77061760297164)
(414.0940051143056,478.94926771520636)
(416.94798798682723,478.21871553366276)
(419.53878136136433,477.5528589144204)
(422.14660417274206,476.8823471342643)
(425.0142820922466,476.14966490721116)
(427.60066511875465,475.4875525889596)
(429.94314322655646,474.8853777599205)
(432.32117813869087,474.2737954496018)
(434.8465759633236,473.6267656177837)
(437.3518976524085,472.98650822216297)
(439.65118092790715,472.3980117198172)
(441.96733831365356,471.8056115898042)
(444.24478147935605,471.22362189671236)
(446.65046774039075,470.6115274452881)
(449.0730940462271,469.9975211333293)
(451.3087103886787,469.4306921198328)
(453.5794270335333,468.856071252626)
(455.9222859993977,468.26562375418104)
(458.2262881881132,467.6866947898795)
(460.50979285550517,467.1145823867352)
(462.8281009474269,466.53620151019396)
(465.16267669284616,465.95648656102514)
(467.34759200674296,465.41469394392226)
(469.4565098037693,464.89251291875865)
(471.6365699677085,464.35549145361233)
(473.6675163617482,463.85644393745105)
(475.7144215791591,463.35593477956314)
(478.1992195359059,462.7594838536701)
(480.5716356960439,462.1958476880456)
(482.7578638553089,461.67886745432105)
(484.8310854146472,461.19048791542815)
(486.7916243207926,460.7302398439825)
(488.87626177649554,460.2455035677013)
(490.8850882130815,459.7820616743131)
(492.8181045323127,459.3392076134121)
(494.69352771221145,458.91252228968546)
(496.601826237438,458.4824719066897)
(498.5790829655415,458.04237049053586)
(500.5529847655281,457.60825171071787)
(502.4333379956654,457.1983944804227)
(504.25607875776006,456.80432785413126)
(506.0213382617586,456.42559007457504)
(507.80075176115366,456.0473575773813)
(509.55867631140006,455.67715235970235)
(511.2951327034111,455.31481677271745)
(513.0456748024392,454.953207418627)
(514.7925290802555,454.5959544276077)
(516.4825560019227,454.2531800500318)
(518.1864345136089,453.9107166529948)
(519.8865565784895,453.5720485696287)
(521.5653248707376,453.2403742610723)
(523.2754096975737,452.90553812608977)
(524.964229118281,452.5774871136714)
(526.6317564053294,452.2558844202143)
(528.2605779665453,451.94356861873763)
(529.9204287202625,451.6273180929886)
(531.5245800601065,451.3231565873112)
(533.1077729219347,451.02432142000833)
(534.6701548688651,450.7306813866791)
(536.2291051757024,450.438984650438)
(537.7847287347049,450.149224134491)
(539.3198990587389,449.86451901431326)
(541.1441021741987,449.5287069300015)
(542.8454316712747,449.2171092553015)
(544.6458532725758,448.8890696372719)
(546.2032305309496,448.60640598190923)
(547.7048602595181,448.33490509025705)
(549.1172998831414,448.0804978332666)
(550.6773164233065,447.80059447960656)
(552.1826276396578,447.5315604889808)
(553.5994794022718,447.2793551793992)
(554.9447559943953,447.0408460707494)
(556.2852856355418,446.8040105541499)
(557.6210778762961,446.568692578402)
(558.985105953327,446.328811901285)
(560.344101675812,446.09000477829125)
(561.6977633545151,445.8520414364374)
(563.0784903486556,445.6086864426412)
(564.3231197928246,445.38908053490826)
(565.5616901170099,445.1697982378254)
(566.8103165537117,444.9473310442516)
(568.0368209927299,444.7269886670578)
(569.2412508072073,444.5083668484953)
(570.4237033293932,444.2910567144944)
(571.6001032863401,444.0715643098096)
(572.7391135708408,443.85556858686624)
(573.8722807848802,443.63660484959354)
(574.9997729513149,443.414106349447)
(576.1217610988543,443.1875581770816)
(577.2384260992357,442.95650592377035)
(578.3345954101774,442.7240197844236)
(579.3952319922553,442.4936223640566)
(580.4663567996737,442.25495806677304)
(581.5178973031532,442.01480308754725)
(582.5501097127704,441.77339955731617)
(583.5933939121555,441.5234761354844)
(584.6029450853706,441.2763308982612)
(585.593880196578,441.0288060478302)
(586.5962203783295,440.7734509691985)
(587.7447641840082,440.4737003032888)
(588.7123924048542,440.2175085964131)
(589.676091252997,439.9589442908377)
(590.6360319141213,439.69825679192104)
(591.5776083788168,439.43986626795964)
(592.5299950656943,439.17595222959835)
(593.4639872478745,438.9149851497475)
(594.3944184312834,438.6475455073416)
(595.2692215312967,438.39092931399637)
(596.4142484697392,438.0475678631434)
(597.3581854249654,437.7616488885743)
(598.3799340857516,437.44980002444913)
(599.3429071230548,437.1547980277952)
(600.1921471807309,436.89454731031003)
(601.023029959476,436.640239391925)
(601.8356546351032,436.3921119259623)
(602.643375752169,436.1461959277234)
(603.4326825661237,435.9065805215546)
(604.3498786935692,435.6283594728903)
(605.1693874432019,435.379892290572)
(605.9436387953288,435.1449001964469)
(606.6860929828102,434.91887455279027)
(607.4231739928601,434.6932201580547)
(608.1427565183034,434.4711846814605)
(608.8710937736204,434.24406131043526)
(609.5835521011493,434.0191811637455)
(610.3315853341817,433.7795420795121)
(611.078114667065,433.53661568811214)
(611.8361417155796,433.2859078561605)
(612.5424011793405,433.04899712683715)
(613.2467726389659,432.80952203947413)
(613.9241036630933,432.5765558475045)
(614.5866512862502,432.346406020279)
(615.2467872003486,432.11518681034823)
(615.8920954121002,431.8877702999991)
(616.5225052468555,431.6647325037823)
(617.1503421464436,431.4421978083007)
(617.7757886567213,431.2205953764541)
(618.3990699685868,431.0003526673329)
(619.0204490985192,430.78188549968417)
(619.652421795935,430.56133192247484)
(620.271028735186,430.34754112696334)
(620.8883835281857,430.13671171663344)
(621.5045471959897,429.9291812456414)
(622.1315417549827,429.7212542857515)
(622.8302227611853,429.49351582460514)
(623.4309290650723,429.3009995269432)
(624.0040161648518,429.1202959836102)
(624.572640588302,428.9436869841262)
(625.1363837398711,428.77092566393395)
(625.694881692325,428.60171559310294)
(626.247895751212,428.43575162708885)
(626.7953712283438,428.27276642567614)
(627.3487640569034,428.1092291365747)
(627.886054042935,427.95171009619503)
(628.4189387224923,427.7969815337556)
(628.937141923451,427.6483375684101)
(629.4524420374946,427.50278140960523)
(629.965766582711,427.3604743769393)
(630.5234554068043,427.2096943324917)
(631.005256266985,427.0824159662046)
(631.4979421705253,426.9551591238111)
(632.0026458270379,426.82730655082713)
(632.4983234597713,426.70342372786575)
(632.9967698622585,426.57956850248985)
(633.5106324705908,426.4514195898781)
(634.0188281472056,426.32308138212437)
(634.5336107046419,426.19034371830224)
(635.0445730456598,426.0556638792401)
(635.5637590301758,425.9150189386111)
(636.0791851093627,425.77113943616695)
(636.6146629206802,425.61671487862776)
(637.144838291326,425.4587756293247)
(637.6928171344389,425.2900053515282)
(638.2570779544626,425.11021260456886)
(639.0315542804925,424.85223313758144)
(639.6654089945645,424.6327141789246)
(640.3570580057036,424.38250509031667)
(640.8912432685249,424.1819571038545)
(641.4048525683414,423.9820753871041)
(641.9117339787565,423.77808894526305)
(642.4261662385749,423.56495869305854)
(642.9388197436178,423.3479097543203)
(643.439762648441,423.13317485250997)
(643.9421744520148,422.91749682500637)
(644.4345885787096,422.70827011143945)
(644.904333725973,422.51294682809396)
(645.3742262087262,422.32450317804916)
(645.9154029167834,422.1214709225462)
(646.4179023346508,421.9483934311861)
(646.9842457619725,421.779151425606)
(647.4701430233524,421.6561954704122)
(647.9304411326034,421.56317048829754)
(648.404342391347,421.49649420372)
(648.806436122415,421.4623540435103)
(649.1784282750212,421.4510951899806)
(649.512148622872,421.45737339006666)
(649.83483756909,421.4782373615439)
(650.1384386706436,421.5091394545966)
(650.4250200955516,421.54540172765513)
(650.697770704574,421.58247218423844)
(650.9816821423253,421.61914650631957)
(651.2825825287965,421.650640949311)
(651.5583139843204,421.6697038227944)
(651.8343776966157,421.67860763377826)
(652.1303034390614,421.6789433074083)
(652.4427500675341,421.6732694274321)
(652.7739779898651,421.6657036343402)
(653.1151327829631,421.6611985376776)
(653.4639167294341,421.6643556034798)
(653.8172585037105,421.6790874433918)
(654.1821028299289,421.7096419506954)
(654.5450959334861,421.75727851759933)
(654.9238479408841,421.8271339637924)
(655.294507909392,421.9146103657888)
(655.6751003550983,422.0230912482067)
(656.0528696520454,422.1456026796834)
(656.4261178877639,422.27582978302775)
(656.7744569245323,422.3988711597483)
(657.1187329042723,422.51573423693435)
(657.4604701925681,422.62125375211906)
(657.8017901307943,422.7117137443815)
(658.1552578287456,422.78705603473946)
(658.5032756622496,422.8430168872977)
(658.8683243114709,422.8839113868319)
(659.2312709262737,422.9098216089491)
(659.60335331408,422.9243225248736)
(659.9851271874647,422.92946669342246)
(660.3882411669555,422.92625208053727)
(660.7775198638291,422.9148547773262)
(661.1742617482898,422.8936850339997)
(661.5641731594288,422.8617829462063)
(661.9680161480512,422.8145076669854)
(662.3931004098847,422.74567892946175)
(662.9335596635791,422.62071524054215)
(663.3061101250943,422.5097061163333)
(663.6539441399516,422.37825108333135)
(663.9635599049716,422.232424345282)
(664.2344509880999,422.07552392712586)
(664.4813226833263,421.89966140519755)
(664.6906306612387,421.71831129816275)
(664.8769815201141,421.52230379048024)
(665.0381120218905,421.31921993032967)
(665.1786057236807,421.11534844901803)
(665.3160413865992,420.8963953856011)
(665.4514392970871,420.6738511305039)
(665.5923189154828,420.4467009776423)
(665.7493215961821,420.20629310692374)
(665.927071459118,419.95136543218774)
(666.1282782404407,419.6811587314088)
(666.3538923915527,419.3954041223161)
(666.6034567533601,419.0942859987327)
(666.885211351224,418.76773125340765)
(667.1786949924281,418.4377287284667)
(667.4809310831981,418.1065016900215)
(667.8003823598364,417.76503798120916)
(668.1364925777037,417.41541065484427)
(668.4891101670352,417.0601586833625)
(668.8454105837284,416.71417146240555)
(669.2309768180979,416.35673321284605)
(669.6338148448748,416.0031413322721)
(670.0540322280052,415.65664999905783)
(670.4913808241274,415.32017507262356)
(670.9451037817245,414.9961082097094)
(671.4138139147002,414.68620412897485)
(671.9121099980828,414.3823712784077)
(672.410061873532,414.10274393846095)
(672.9018482867205,413.8446700730631)
(673.4003739332112,413.5963181714516)
(673.9025220074168,413.3541658212557)
(674.3883930488923,413.122295905585)
(674.891325476329,412.8804570695791)
(675.621087066427,412.5221104173356)
(676.1574416940018,412.24644945154165)
(676.6750735758751,411.9655177605892)
(677.2277279807732,411.647795390003)
(677.766255500007,411.3214220728066)
(678.2924636714557,410.9876096513744)
(678.8067784934456,410.6483860681124)
(679.3630304313009,410.2680803719573)
(679.8870587558689,409.8982506031527)
(680.447813467348,409.50263130341915)
(681.0097692818823,409.1021718532101)
(681.5581570632633,408.7039235334114)
(682.1206530111104,408.28404885857765)
(682.662953056013,407.86472953600213)
(683.1370229555158,407.4832436189589)
(683.5703438246784,407.11764637223376)
(683.9645462419475,406.76393605413557)
(684.2827256137031,406.45454678792163)
(684.5530583989492,406.1523881421763)
(684.7264548319843,405.9169116100427)
(684.8385902794536,405.706140086136)
(684.89762500432,405.5166398949768)
(684.9226944336965,405.3324909281683)
(684.9372953691328,405.19038441006177)
(685.0383204316801,405.0232290862473)
(685.2042787182985,404.86290984841446)
(685.4382353354366,404.7056291524169)
(685.7198448642506,404.562178071987)
(686.0506770985478,404.42896334656257)
(686.4222384520848,404.30637604902506)
(686.8081160797526,404.1972750521816)
(687.2335062749116,404.0903864842222)
(687.6743184892154,403.9867614006562)
(688.105355361873,403.8867760330043)
(688.5580631975171,403.77843769297573)
(689.0111107526772,403.6626428725625)
(689.4629719390725,403.5368719611969)
(689.8956567347357,403.4054705979978)
(690.3466827114697,403.2561786648624)
(690.8731650669099,403.2075554706754)
(691.4527294673928,403.23426252209373)
(692.190262115865,403.3384706026938)
(692.9939202478406,403.4937379482504)
(693.8134601118134,403.67018038273386)
(694.7393561107667,403.8714435371571)
(695.5835470506601,404.0443419468552)
(696.4773923929971,404.20553821330685)
(697.3411548938028,404.3338071072121)
(698.2400258093106,404.4312121712306)
(699.09503217194,404.4874602461315)
(700.0050227811968,404.50244897913865)
