Person 6
Starting Position = (363.37729549892913,135.98993125758133)
(366.4968924978769,138.4325749653867)
(369.105267564906,140.47399142005585)
(371.7047693756964,142.50774125764715)
(374.1325137114257,144.40665483728796)
(376.5660804798656,146.30978337586853)
(378.95477689190534,148.1775831908235)
(381.28153622974054,149.99678315221018)
(383.62449056692606,151.8285123238883)
(385.93627128567084,153.63576665397977)
(388.26398225259834,155.45538789518338)
(390.5918657614378,157.27506999702464)
(392.9041781731496,159.0825161704282)
(395.18517966053423,160.86543153294915)
(397.46632895300826,162.64841067856054)
(399.88923364511567,164.5421335612602)
(402.17068902861587,166.32525622442478)
(404.46803090805207,168.12075257816062)
(406.7340519002901,169.89173054382587)
(409.0159622444326,171.67508858547032)
(411.612819166202,173.70453686261754)
(414.00524852145196,175.57418842638737)
(416.30340184350206,177.37013301365886)
(418.53874681305354,179.11696616786656)
(420.97892203406616,181.0238337333926)
(423.356303980072,182.88160340521088)
(425.65513409655756,184.6779654320867)
(427.89114442460334,186.42521696141176)
(430.08007144557683,188.13565763277697)
(432.2849058603352,189.85851031139532)
(434.47415006076864,191.56916451766048)
(436.6635539901911,193.27992883101302)
(438.8531187467783,194.99080579067962)
(441.02709079391497,196.68948783343836)
(443.2169790558937,198.4005968252625)
(445.37551712979024,200.08720227188567)
(447.5342148436171,201.77392666914596)
(449.69307271164325,203.46077217056612)
(451.83633070568004,205.13542633710247)
(453.9797471136316,206.81020382166292)
(456.13908473530375,208.49742283189977)
(458.31434703779337,210.19708800700772)
(460.45824201415263,211.87224904361585)
(462.5707622249064,213.52290168848327)
(464.68343470193133,215.17368174230072)
(467.03278730947807,217.0094092788786)
(469.2403973747257,218.73439624599453)
(471.43239976960473,220.44720315013444)
(473.51415693708515,222.07388137477713)
(475.7064666134282,223.78696419142238)
(477.8516072492779,225.4632091852666)
(479.94956635123503,227.1026070325965)
(482.000331495505,228.70514822602127)
(483.9881134242625,230.25849411528213)
(485.9602309756922,231.79962219210907)
(487.9482348389334,233.3531895966935)
(489.9205643067881,234.8945337551887)
(491.8929927357703,236.43598245883655)
(493.8970773000151,238.00219983284745)
(495.8539091465556,239.5315179984961)
(497.7476947890947,241.01159243612022)
(499.6573353054054,242.50408821977052)
(501.5512601611543,243.98433175629162)
(503.4610293722588,245.4769905549836)
(505.33928578768155,246.94505047208048)
(507.201805151553,248.40084125177117)
(509.0485799736691,249.84435635106283)
(510.86381782684293,251.26325027778694)
(512.6790809138375,252.68219284424055)
(514.5101476140168,254.11351718266343)
(516.2938701459664,255.50785883815246)
(518.0618115187991,256.88988779766476)
(519.8455349433161,258.284275341125)
(521.6923877336397,259.7280325455286)
(523.6655033195951,261.27051446827744)
(525.4649618910404,262.67725067892485)
(527.2801736499126,264.0963064262711)
(529.032210117228,265.4659713412895)
(530.7526341695477,266.81091209981435)
(532.6939633050097,268.3285192845237)
(534.4773966860898,269.72265741140654)
(536.2291952226273,271.09201617480403)
(537.9020126862828,272.39957489555053)
(539.5747507191439,273.7069919562222)
(541.2000641951751,274.9772465755941)
(542.8252868646277,276.2473121259095)
(544.4504110109273,277.5171558770048)
(546.059653496135,278.774417432391)
(547.6372360644127,280.0067442963082)
(549.2147064182196,281.2387457107589)
(550.8078313807283,282.48268564340265)
(552.3692895124817,283.7015724084743)
(553.9306242421178,284.91997854039346)
(555.4287588013882,286.08865112859326)
(556.9425430177681,287.26904071454464)
(558.5350367163333,288.51017421731547)
(560.0485766563617,289.6891082110351)
(561.5304762357894,290.84265925953997)
(563.0122732836501,291.9952824107868)
(564.4939760341392,293.1468579778645)
(565.9440738769513,294.2727995138718)
(567.4729084365225,295.4585172934111)
(568.9228920667879,296.5816734944325)
(570.3728534926473,297.70320947885733)
(571.7913002139863,298.7986213636086)
(573.2097921209893,299.8920701648382)
(574.6126166460436,300.9712036797056)
(576.0155937171533,302.0478983628287)
(577.510468584409,303.19255433666507)
(579.0980832491829,304.40444319844306)
(580.5122482283997,305.4802298142108)
(581.926342222734,306.5516613707002)
(583.3249953703389,307.6065852080762)
(584.6612720798728,308.6095084022331)
(585.9982125617756,309.60740753044394)
(587.461955360411,310.6926217501607)
(588.9110774201504,311.75899878412696)
(590.2667867980864,312.74890252226163)
(591.6236690627104,313.73121134834525)
(592.9659600465166,314.6939783779093)
(594.27779775491,315.6256503649632)
(595.574885920095,316.5371573924078)
(596.8253647966133,317.4062777005526)
(598.0607069046606,318.254974600086)
(599.3123977834916,319.10424795805034)
(600.5484731312574,319.9320743553994)
(601.784431168872,320.7485402013377)
(603.0356682821146,321.5631176848717)
(604.2364665878581,322.3336830227764)
(605.450013404092,323.10056506631156)
(606.6445348108654,323.8435406364998)
(607.8220464591044,324.5656482218231)
(608.9814018487592,325.2660380765937)
(610.152734725302,325.9622940252532)
(611.2882690912163,326.62608145827585)
(612.4028638001166,327.2663938703106)
(613.5112319895071,327.8915837767081)
(614.6126707395242,328.50103185863406)
(615.706672543855,329.0942582210355)
(616.7779956124936,329.663156268077)
(617.8418439938495,330.21580841696675)
(618.8541485688077,330.7302111827685)
(619.8750075370261,331.2369662771069)
(620.8755749568332,331.72186346681457)
(621.9879771672319,332.2461458086463)
(622.9797522759974,332.7017242099207)
(623.968992484008,333.1443867480399)
(624.9421404837407,333.56864634092193)
(625.9145336661783,333.9816830411752)
(626.8868085705899,334.3841830907876)
(627.8594038324557,334.77682276374765)
(628.8325231153672,335.1602425433704)
(629.8061127209551,335.53502368692415)
(630.7507861093057,335.8909591919199)
(631.6805582464028,336.23434931833765)
(632.8555926806962,336.6580396673715)
(633.8255084048751,337.0013209995035)
(634.7781979636503,337.3325945041287)
(635.727304705353,337.65694248664676)
(636.6577423181307,337.96949962371093)
(637.5689213164013,338.27031099790565)
(638.4602761368028,338.55932472137664)
(639.3172566217893,338.8320143971165)
(640.1810378253688,339.10119327138733)
(641.1864492174687,339.40611685282767)
(642.1112106432413,339.6786786677074)
(642.9694034048931,339.92418299094)
(643.8262768684597,340.1613558131025)
(644.6403498063868,340.379104042134)
(645.4349869931423,340.58415714027484)
(646.1591867244074,340.7646916357888)
(646.8720223260697,340.9361964248854)
(647.5252603391677,341.0882122081009)
(648.1628811854928,341.2317849522173)
(648.7416128596532,341.35834608826536)
(649.2936052493627,341.47595638884445)
(649.8279617895583,341.58739666288767)
(650.3272990698389,341.69010497359955)
(650.811804537751,341.78922236063636)
(651.2683292304828,341.8829266606928)
(651.7101071863726,341.97451092324917)
(652.1345286983947,342.06363960340764)
(652.5466418584696,342.15121923728583)
(652.9659378807528,342.2410325231559)
(653.3799215839033,342.32976784831)
(653.798106021425,342.4186688093314)
(654.2289898426161,342.5085505291607)
(654.6637975530812,342.59647556867)
(655.1004384435208,342.68091975743124)
(655.5198866375521,342.75753105806297)
(655.9353293780713,342.82813840479304)
(656.3438325430985,342.891729302158)
(656.7429531152659,342.9477157752117)
(657.1238777786737,342.9952289194209)
(657.4868131919158,343.0350526677753)
(657.8398250821599,343.06877844409996)
(658.1843871892465,343.0972286525745)
(658.522533617969,343.1212049906679)
(658.856391872519,343.1413227362827)
(659.1942321967753,343.1581613113399)
(659.5302518303293,343.1713128750294)
(659.8445773455551,343.18017665042197)
(660.1619998229821,343.1852142393348)
(660.4673061943557,343.1859790039217)
(660.764198290595,343.1823785100214)
(661.0556661040498,343.17415135705585)
(661.3280366670098,343.16198170578144)
(661.5918434628205,343.1458396597012)
(661.8333233394118,343.12776987270536)
(662.0619945332771,343.1086041681061)
(662.2832173392762,343.08950825907084)
(662.507864673911,343.0711401018333)
(662.742347058345,343.05450616402567)
(662.9928349796293,343.04047548465434)
(663.264580858609,343.0297605843916)
(663.5614382055905,343.02294213184507)
(663.9250352585777,343.0207878120399)
(664.280369388022,343.0237285599575)
(664.6629850410625,343.0319649661153)
(665.0709532507918,343.0459155693111)
(665.5726501185628,343.0702115981881)
(666.0681393337982,343.1008450833285)
(666.5605853909499,343.1377097024954)
(667.0555430901572,343.18130220685686)
(667.5601511419968,343.23280323116165)
(668.0711985022867,343.29266319636685)
(668.5856408703632,343.3613255916058)
(669.078201009991,343.43537120096266)
(669.5577496368049,343.51585620082386)
(670.0223631698001,343.60213729410793)
(670.4812476343724,343.695775753512)
(670.9325049278144,343.79620739819865)
(671.3742861721821,343.9026136104972)
(671.8446666552366,344.02509543088865)
(672.2899174228343,344.14910434845297)
(672.7185197347925,344.2757015137024)
(673.1202412285433,344.4003032972261)
(673.4951453549172,344.5212012845785)
(673.8436651451017,344.6368024842791)
(674.1740148261191,344.74816311724527)
(674.4720015895249,344.84865190654114)
(674.7534902096409,344.9417826277075)
(675.0126730505998,345.0237061498609)
(675.2572513282068,345.09471212206614)
(675.4881339922961,345.1525320210171)
(675.7064388485306,345.19466118577736)
(675.9084145235491,345.2182265894684)
(676.1530903194034,345.21509777099493)
(676.3398115665332,345.1874024149123)
(676.5199489184719,345.1315041473794)
(676.686099722791,345.0506275787475)
(676.8527387773182,344.93612795270997)
(677.0120177139557,344.79343465078813)
(677.1731514553758,344.613479538547)
(677.3282525405717,344.40736930089975)
(677.4860559722217,344.16544535601525)
(677.6385048824428,343.9050953648791)
(677.7937675694659,343.6169586863558)
(677.9433159278688,343.3229605835908)
(678.0943535479594,343.0135298507308)
(678.2377168128821,342.7113012549495)
(678.3757461782085,342.41317070963584)
(678.5098695494568,342.1152188919591)
(678.6281280257955,341.842452552249)
(678.7358493425118,341.5798659632985)
(678.8315753024782,341.3269885029589)
(678.9123186086778,341.0890265031043)
(678.9818103373624,340.8507582020603)
(679.0377690033283,340.6168194224977)
(679.0807766994495,340.38514652732977)
(679.1119125103683,340.15408518092806)
(679.1329326240241,339.9161995578527)
(679.1447080276865,339.69065741244196)
(679.1501558955867,339.4717002216464)
(679.1512890880539,339.25419363789706)
(679.1499530324623,339.0462811275616)
(679.1477814045656,338.8437726488234)
(679.1463828902799,338.6491575550618)
(679.1473555369301,338.4650516946144)
(679.1522606858388,338.29404726169815)
(679.1625895675922,338.1385760468169)
(679.1797263756371,338.0007934365238)
(679.2049131823372,337.882488747162)
(679.2392214733447,337.7850247564763)
(679.2835332810954,337.7093062994931)
(679.3445927281496,337.6531091364412)
(679.4117768104348,337.6237544136182)
(679.4877500693412,337.6157208907342)
(679.5746798345007,337.6274172949246)
(679.6725775501158,337.6578865777482)
(679.7813526407879,337.70596593429804)
(679.8967707539986,337.7678286684193)
(680.0263730495376,337.84658648060395)
(680.1661248475948,337.93872338058327)
(680.3106910369805,338.039062613652)
(680.4693057863918,338.15290681624265)
(680.6368488469639,338.2754206185386)
(680.8128241512482,338.4050215498122)
(680.9907142497268,338.53576805136663)
(681.1816976272373,338.6748129443108)
(681.379438727892,338.8164841978652)
(681.5767539100035,338.9548870366046)
(681.7859325228343,339.09771090143647)
(681.9931005444168,339.2348691788904)
(682.1972395214916,339.36550582840204)
(682.4044622833189,339.49319298221326)
(682.6212766631527,339.62117585379264)
(682.8330272386565,339.74064096185487)
(683.0533097096493,339.85881391467314)
(683.2673157056606,339.96778021768336)
(683.4887989237615,340.07426440176806)
(683.7029645671773,340.1713555364219)
(683.9236111396399,340.2651892257906)
(684.1361072765799,340.34988823616305)
(684.3542020113991,340.4309578737035)
(684.5635531913497,340.50352806364214)
(684.7709295981582,340.570456324733)
(684.9963973311359,340.63763994066255)
(685.238969565178,340.7039319283465)
(685.464907250009,340.76110289853534)
(685.6747194137997,340.8108766742737)
(685.8817139668665,340.8574392827476)
(686.0796525766683,340.90037842318253)
(686.2688588960998,340.9407129412769)
(686.4619582766063,340.9819529073687)
(686.6527478660474,341.0236566943619)
(686.8413296409328,341.06670883642994)
(687.0337397362282,341.11348213486406)
(687.2180983881777,341.16178022330325)
(687.3888224848904,341.21016827278436)
(687.5578902639749,341.2623844036643)
(687.7196484282712,341.31688433495606)
(687.8743048107596,341.3736710129176)
(688.0389317583401,341.43998246701744)
(688.1853583446242,341.5040336930311)
(688.336158694338,341.5757604001119)
(688.4801930294398,341.64984597979026)
(688.6556288094731,341.7487991476239)
(688.8130334557621,341.8449182617785)
(688.9634466264656,341.94368656722605)
(689.1279317346164,342.0601948216577)
(689.2798740903504,342.17519289740346)
(689.4195357979013,342.28718173206966)
(689.5622938099822,342.4082609411209)
(689.7028240230085,342.5338489371484)
(689.8409702571122,342.6634461277175)
(689.9765741746214,342.7964902786444)
(690.1094775963977,342.9323589383711)
(690.2349783952764,343.06536819111886)
(690.3621238064553,343.2047397085579)
(690.4817984161064,343.33972966149105)
(690.594226547672,343.4696551502471)
(690.6996495360171,343.59394347477104)
(690.8063182057857,343.7218987160622)
(690.9060779071215,343.8431138125557)
(691.0029811249676,343.9618948632319)
(691.0969830073402,344.0775905383029)
(691.185225454047,344.1844521989408)
(691.274821343161,344.2904558381902)
(691.3585413777331,344.386564936147)
(691.4398249752011,344.4762602186713)
(691.5153545495306,344.5556114483369)
(691.5914613096245,344.63047092849035)
(691.6647365857746,344.6966266187156)
(691.7350689168168,344.7533688193203)
(691.8023615290989,344.80007785228526)
(691.8639938050919,344.83509841341134)
(691.9226859500887,344.8600994906221)
(691.9783543621319,344.87497137627815)
(692.0287565661629,344.88000570053725)
(692.0782492895347,344.8754967929521)
(692.1244360657629,344.86172291929495)
(692.1671965848249,344.8394082056556)
(692.206394001664,344.8094769665408)
(692.2418762051306,344.77302436925095)
(692.273480671543,344.73127683956545)
(692.3000127136153,344.6876994993265)
(692.323559500488,344.639438877446)
(692.3427821764941,344.589809725902)
(692.357125365321,344.5422540211335)
(692.3696043152372,344.4689923472743)
(692.3734351753966,344.42347988203613)
(692.3730247368267,344.3814103234216)
(692.3685794250174,344.3434206906891)
(692.3608961401045,344.31123531275085)
(692.3494521397921,344.2824014867116)
(692.3350205402772,344.25850566567914)
(692.3189413550456,344.24035937839534)
(692.3019344715572,344.2273390324766)
(692.2827580955452,344.2183642035931)
(692.2636765994189,344.2139241115109)
(692.2433268874508,344.2135966219765)
(692.2231371431986,344.2172991460337)
(692.2044738457874,344.2241721381031)
(692.1876326054477,344.2334132683846)
(692.1720618723496,344.24500162474845)
(692.1574500844465,344.25934822174133)
(692.1453894845886,344.27458247888757)
(692.1350139740969,344.29188215187855)
(692.1271212507231,344.310041320336)
(692.121972739694,344.32772830414797)
(692.1192361995364,344.3463518109304)
(692.1190421235914,344.36380332792095)
(692.1214233425536,344.3815023191343)
(692.1259019266429,344.3975356222477)
(692.1328422960302,344.41323960980407)
(692.1412372649261,344.4270008455267)
(692.1511435951576,344.4394617610247)
(692.1616382216922,344.45006298851473)
(692.1735660958097,344.45982153019065)
(692.1853691027287,344.46782995672964)
(692.1979654531382,344.47488962881744)
(692.2097497580257,344.4804073780123)
(692.2210359546655,344.4847957051831)
(692.2320252282661,344.4882400952589)
(692.2413554045959,344.49053024696514)
(692.2496505193975,344.4919361814933)
(692.2558998720508,344.4924408570337)
(692.2604385499204,344.4921240201992)
(692.262725282094,344.49111606728223)
(692.2627352414081,344.48932000900214)
(692.2604768811799,344.4869803271321)
(692.2555198479124,344.48382986970614)
(692.2484612734374,344.4802105155928)
(692.2384475559835,344.47568090155676)
(692.226661985213,344.4706828469114)
(692.2118381289397,344.46458416032544)
(692.1957042836265,344.4579497906571)
(692.1776720861119,344.45037807912234)
(692.1567851984654,344.4412452134527)
(692.1342291006256,344.4308022906297)
(692.1115277776539,344.4195549635085)
(692.0864810251799,344.40608772810253)
(692.0619070067152,344.3916712481418)
(692.0354528917169,344.3745401828398)
(692.0100576036606,344.35635818328774)
(691.9846464552879,344.3361469728326)
(691.9607746069388,344.315085155107)
(691.9360187227193,344.29064284355167)
(691.9131564665398,344.2654539291424)
(691.8910535850255,344.2382104575156)
(691.8687385878249,344.2071707426254)
(691.8486509309917,344.1757545071033)
(691.8297294206295,344.14239429235494)
(691.8111587492191,344.1051218396728)
(691.7948971544682,344.06809757606044)
(691.7800140586605,344.02951384665954)
(691.7658672432705,343.98724852102237)
(691.7474307917671,343.91727483659355)
(691.7372569985935,343.8721111368095)
(691.7289119644214,343.8288211791823)
(691.7217899126529,343.78527758511007)
(691.7155381634252,343.7393143616446)
(691.7106435056766,343.6960379167083)
(691.7066624278078,343.6532780541072)
(691.7033390420702,343.60898776313644)
(691.7008851749778,343.5681166806799)
(691.6990444731205,343.53068934453523)
(691.6975442954464,343.4946151223687)
(691.6961843860258,343.4581251549589)
(691.6948914965816,343.42352830628465)
(691.6935892025809,343.3926954031924)
(691.6920771945676,343.363836277718)
(691.690102909697,343.33562675900095)
(691.6879445039664,343.31252603565633)
(691.6852904119237,343.2914895812345)
(691.6818128189013,343.2715632377004)
(691.6778705803349,343.25503859565816)
(691.6731834109448,343.24081204066147)
(691.667283040427,343.2283590644416)
(691.6608456053334,343.2190534959132)
(691.65346490659,343.2122079173043)
(691.6420604797938,343.20752679196437)
(691.6281076901456,343.207427660408)
(691.6136762243132,343.21136735940445)
(691.5992191912391,343.2182126433499)
(691.5812972823537,343.22992420689536)
(691.5636346251163,343.24381473006815)
(691.5455755350165,343.25993776815795)
(691.5261400848159,343.2790769182427)
(691.5053411576733,343.30124096868116)
(691.4832037904563,343.32643544321087)
(691.4597657420742,343.3546622512797)
(691.4335479525602,343.3879465241897)
(691.407606262816,343.4224041074213)
(691.3805635365924,343.4598712811698)
(691.3525134983493,343.5003284919631)
(691.3218054092997,343.54648710715225)
(691.29023595905,343.5959238039225)
(691.2597988479577,343.6454881978993)
(691.2288925261792,343.6978688956221)
(691.1958280816315,343.7564096164489)
(691.1626371021621,343.81792910908774)
(691.1332147840948,343.8748737981093)
(691.10223507342,343.9378240612566)
(691.0717497531228,344.0030927759055)
(691.0454087080496,344.06238544359456)
(691.0181226214341,344.127454152538)
(690.9934237108877,344.1899446059929)
(690.9682627874156,344.258167728996)
(690.945885825809,344.3233792203514)
(690.9248777120948,344.3897231274245)
(690.9042018445649,344.4616392099977)
(690.886500251577,344.529938463908)
(690.8715677231688,344.5943422793054)
(690.8575176527877,344.66398878858746)
(690.8462105327726,344.72944903863447)
(690.8362754197046,344.80000376002494)
(690.8286213167346,344.87086963200454)
(690.8227261976873,344.96097158200774)
(690.8206771524505,345.04647119535656)
(690.8217161863347,345.1224760995153)
(690.825652787095,345.1984074563215)
(690.8325014704365,345.27420122582714)
(690.8430561763494,345.35452158346175)
(690.854890414474,345.4251980317657)
(690.8703321904179,345.5003475287981)
(690.8872197429671,345.5705866466792)
(690.9064402665489,345.6406192177656)
(690.9279006995814,345.7104620280059)
(690.9514938968873,345.78014087636757)
(690.9789500316391,345.85431704538024)
(691.0065611639878,345.9237718380275)
(691.0359010478219,345.9931891279004)
(691.0668189738677,346.0626219559226)
(691.1014142625345,346.13676645725633)
(691.1350930263266,346.2064148417973)
(691.1992108625158,346.332433258511)
(691.2355900766859,346.40277160090614)
(691.275066295888,346.47824871617945)
(691.3099683695445,346.54469692406747)
(691.3476274886667,346.61641696860795)
(691.3853950177598,346.6887245818222)
(691.4206093690525,346.75677514045594)
(691.4581667387095,346.83038544973084)
(691.4929543368295,346.89974296637575)
(691.5298062268163,346.97485107290737)
(691.5637360247536,347.0456840690968)
(691.5994592710313,347.12245347171887)
(691.6321722315429,347.1948983196293)
(691.6641913759572,347.26815961316834)
(691.6976371464104,347.34761212638944)
(691.7280545991827,347.42261650638363)
(691.7576368595755,347.49848060962336)
(691.7883423638139,347.58075650398143)
(691.8180367031727,347.6640267443708)
(691.8467101068134,347.74828796603805)
(691.8743639280063,347.83353239252926)
(691.9010100409276,347.9197483395314)
(691.9266701460386,348.0069208257758)
(691.9513749999545,348.09503226650344)
(691.9751635848794,348.18406322489994)
(691.9980822317817,348.2739931970344)
(692.0201837105296,348.36480140628186)
(692.0401506798145,348.4503031208271)
(692.0595072591966,348.53653665583397)
(692.0796205569183,348.62986297665464)
(692.0979004153561,348.71780456602994)
(692.115736781944,348.80662265496915)
(692.133178902664,348.89637079891)
(692.1502762878185,348.9871136791682)
(692.1670787344516,349.0789242764238)
(692.1848002274314,349.17860871690175)
(692.2023025028743,349.2797103992502)
(692.2185008995859,349.37539556208674)
(692.2357562778475,349.4795280045029)
(692.2529724141317,349.5853691577714)
(692.2702089246044,349.6930085641656)
(692.2875237270167,349.80252734164844)
(692.3049724973139,349.9139966128147)
(692.3226081090351,350.027476221966)
(692.3404800718451,350.1430137167505)
(692.358633985042,350.2606435705252)
(692.3771110210438,350.38038662268485)
(692.3959474527559,350.5022497163088)
(692.4151742373884,350.62622551527625)
(692.4348166677717,350.7522924861662)
(692.4548941005233,350.88041503351036)
(692.4754197685645,351.01054378005483)
(692.4964006834642,351.1426159864268)
(692.5178376309483,351.27655610684553)
(692.5397252606393,351.412276479168)
(692.5620522687555,351.5496781485377)
(692.5848016701227,351.68865182416334)
(692.6079511535181,351.82907896823014)
(692.6314735121305,351.97083301460987)
(692.6553371388843,352.11378071286083)
(692.6795065746194,352.25778359001487)
(692.7039430957475,352.40269951891844)
(692.7286053271177,352.5483843775721)
(692.7534498654962,352.6946937792328)
(692.7784318993591,352.841484848292)
(692.8035058116377,352.9886180124654)
(692.8269482267335,353.1261231428621)
(692.8520686864308,353.273538240927)
(692.8771478794476,353.42092153952865)
(692.9021538926282,353.56825650295764)
(692.927045288772,353.71549835129815)
(692.9517827348689,353.86263790619824)
(692.9763292639168,354.0096980459149)
(693.0006505724574,354.15672987950603)
(693.0231269886867,354.2940005522156)
(693.0469262070502,354.44121256809933)
(693.0704182093871,354.5886726714871)
(693.0935823962672,354.73650549661255)
(693.116402397014,354.88484456956894)
(693.138866279502,355.0338285687407)
(693.160966686218,355.183597847298)
(693.1827008848195,355.3342912563751)
(693.2040707255617,355.4860432946341)
(693.2250825024524,355.6389815975829)
(693.2457467195408,355.7932247686822)
(693.2660777680836,355.94888054427275)
(693.2860935242644,356.1060442759223)
(693.3058148805135,356.26479770708835)
(693.3252652261987,356.425208016089)
(693.3444698954542,356.5873270942518)
(693.3634556011629,356.7511910266878)
(693.3822498745784,356.9168197432585)
(693.4070180289339,357.1408017634847)
(693.4254680107229,357.3105353027942)
(693.4438186244103,357.48198137591305)
(693.462095376418,357.6550891029361)
(693.480322225248,357.8297913506386)
(693.4985213881655,358.00600489944804)
(693.5167132471995,358.18363063355383)
(693.5349163525789,358.3625537515692)
(693.5531475158698,358.5426439995074)
(693.5714219796981,358.7237559313807)
(693.5897536462925,358.9057292054222)
(693.608155343354,359.08838892578285)
(693.626639103115,359.27154604064066)
(693.6452164289773,359.45499780807074)
(693.6638985238933,359.63852834087953)
(693.6826964556631,359.8219092410001)
(693.7016212365402,360.0049003330817)
(693.7206837978822,360.18725050567036)
(693.7398948449311,360.36869866696907)
(693.7592645820156,360.5489748206925)
(693.7788023043515,360.7278012661381)
(693.7985158589777,360.9048939253994)
(693.8184204379831,361.0800440109746)
(693.8385221993237,361.25301311136434)
(693.8588251920138,361.4235867977576)
(693.8793307190696,361.5915748966884)
(693.9000367020992,361.7568115318446)
(693.9209370752498,361.9191549316788)
(693.9406041893295,362.06805223901944)
(693.9618459309395,362.22448361510885)
(693.9832369349061,362.3777391517661)
(694.0047510240634,362.5277656916699)
(694.0263563053345,362.6745301030102)
(694.048015208819,362.8180179274961)
(694.0696846810848,362.95823190390195)
(694.0913165321817,363.09519039188103)
(694.1128579303481,363.22892572078126)
(694.1342520330668,363.3594824877504)
(694.1540391959815,363.4786146191027)
(694.1749744691189,363.60319147055384)
(694.1955806346783,363.7247741319029)
(694.2157932527903,363.8434386651156)
(694.2355482896088,363.95926503897346)
(694.2547831105999,364.07233557395307)
(694.2734374430997,364.18273347580305)
(694.2920288618701,364.2935416012662)
(694.3104793848333,364.40456047084723)
(694.3287184089027,364.5155865446791)
(694.3466821591221,364.62641325828946)
(694.3643129698239,364.73683215130404)
(694.3815584363907,364.8466340805692)
(694.3983704815254,364.95561050613276)
(694.4147043840653,365.06355483536385)
(694.4305178210335,365.1702638074401)
(694.4457699744756,365.27553889775646)
(694.4604207534048,365.3791877198033)
(694.4744301775964,365.48102540105396)
(694.487757963868,365.58087590969564)
(694.500363346765,365.67857331090886)
(694.5122051543233,365.7739629350205)
(694.5232421460628,365.8669024452712)
(694.5334336050536,365.957262799976)
(694.5427401595136,366.0449291121147)
(694.5511247928923,366.1298014181695)
(694.5585539859212,366.21179537635754)
(694.5649989209646,366.29084292108354)
(694.5704366695007,366.36689290413767)
(694.5748512789213,366.4399117526214)
(694.5782346760078,366.50988416783747)
(694.5805873119384,366.5768138780172)
(694.58191848745,366.6407244411722)
(694.5822463161161,366.70166007386126)
(694.5815973072407,366.7596864595031)
(694.5800055756855,366.81489146896837)
(694.5775117117419,366.8673857097773)
(694.574161367533,366.91730281127815)
(694.5700036351575,366.964799353835)
(694.5650893041366,367.01005436117924)
(694.5594690906646,367.05326829604417)
(694.5531919284992,367.0946615279115)
(694.5463034017221,367.1344722749473)
(694.5388443844467,367.17295405620155)
(694.5308499337757,367.21037272115)
(694.52234846206,367.24700314852726)
(694.5133611951185,367.2831257222247)
(694.5039019059203,367.3190226992472)
(694.4939768994492,367.35497458458866)
(694.4835852154837,367.391256618915)
(694.4727190116357,367.4281354701878)
(694.4613640888052,367.4658662018851)
(694.4495005244368,367.50468957020365)
(694.4375252089012,367.5468374418936)
(694.4253721539329,367.5923532476666)
(694.4129436405996,367.6412639235125)
(694.4001158557842,367.69358195015377)
(694.3867442532462,367.74930758615153)
(694.372668713944,367.8084310644916)
(694.3577185444378,367.8709345589926)
(694.3417173151477,367.93679376806296)
(694.3244875059962,368.0059790084718)
(694.3058548989036,368.07845575933595)
(694.2856526372616,368.154184644227)
(694.2637248634168,368.2331208845345)
(694.2399298467451,368.3152132973057)
(694.2141425264413,368.4004029433293)
(694.186256413118,368.48862155442794)
(694.1561848194912,368.5797898816716)
(694.1238614202545,368.67381610820746)
(694.0892401720724,368.7705944619919)
(694.0522946539481,368.87000414587214)
(694.0130169138648,368.971908676606)
(693.9714159277424,369.07615569229694)
(693.9275157899956,369.1825772514511)
(693.8813537603714,369.2909906088628)
(693.8329782888045,369.4011994165928)
(693.7824471288596,369.51299526553487)
(693.7298256317264,369.6261594577241)
(693.6751852882556,369.74046488470714)
(693.6186025585536,369.85567788536)
(693.5601050513468,369.97169809149705)
(693.4997764179691,370.0883854556027)
(693.4376999569093,370.2056919169354)
(693.3783179385513,370.31575325147463)
(693.3131326442627,370.43444889428923)
(693.2465078682632,370.5541116506179)
(693.1785901755495,370.6749992616674)
(693.1095539297072,370.7974192188518)
(693.0396031579476,370.9217137868035)
(692.9689718368604,371.0482444751873)
(692.8979227350262,371.1773766840887)
(692.8267450452868,371.30946515537624)
(692.7557511001113,371.4448407354794)
(692.6852724869099,371.58379881290307)
(692.6156558701557,371.72658965358113)
(692.5472587908694,371.8734107316)
(692.4804456599493,372.02440104965984)
(692.4155840984857,372.1796373660234)
(692.3530417129542,372.3391321921467)
(692.2931833317981,372.50283339476744)
(692.24009782764,372.6802952790518)
(692.193843887008,372.8701559598921)
(692.1544555177251,373.0710638106037)
(692.1219498466978,373.281681142332)
(692.096333469775,373.5006883442301)
(692.0776071327241,373.7267883710694)
(692.0657685864363,373.9587114863488)
(692.0608135282039,374.1952201888765)
(692.0627346139162,374.43511426546917)
(692.0715186031535,374.6772359192963)
(692.0871417799409,374.92047492146963)
(692.1095638749719,375.1637737233914)
(692.1387207976071,375.40613245137456)
(692.1745165633811,375.6466136866362)
(692.2135903795456,375.8686690221026)
(692.2617897911406,376.1030888175198)
(692.3120874054371,376.31819844387286)
(692.3674577413469,376.529091957618)
(692.4276113342985,376.73529501200346)
(692.4922058016181,376.93639377087464)
(692.5608451296366,377.1320352644867)
(692.6330806013541,377.3219271769406)
(692.7084134116052,377.5058370900034)
(692.7862989373867,377.6835912261401)
(692.8661525561193,377.85507274650524)
(692.9473568392931,378.02021966651535)
(693.0292698970217,378.17902245242027)
(693.111234612702,378.33152135781)
(693.192588486752,378.4778035506728)
(693.272673803339,378.61800007135093)
(693.3508478421547,378.7522826516719)
(693.4264928762931,378.8808604181233)
(693.4990257251668,379.0039765004919)
(693.5679066680347,379.12190457829365)
(693.6369550862674,379.2426457646516)
(693.7007259680156,379.35817873170043)
(693.7578934038453,379.47043954771806)
(693.812426785316,379.58689037461136)
(693.8640990789085,379.70728308254644)
(693.9127375261028,379.83136164208014)
(693.958222574889,379.9588623434903)
(694.0032587978035,380.09908744396193)
(694.0445797354846,380.242585503383)
(694.0822309605124,380.38900327839895)
(694.1142671761079,380.5278880721178)
(694.1451741636924,380.6789074962768)
(694.1728741715895,380.8317640505098)
(694.19615943702,380.975695825018)
(694.2171197187856,381.12057706626035)
(694.2360283718882,381.26608729236585)
(694.2531857844788,381.411902450755)
(694.2689161047176,381.5576957837741)
(694.2835639460172,381.7031388673347)
(694.297491084771,381.84790285341165)
(694.3120168947405,382.0018512562622)
(694.3256451372453,382.14418080011524)
(694.3397489557208,382.28483506307504)
(694.3547568429278,382.4235019162528)
(694.3711154113907,382.5598796820167)
(694.3892833127376,382.6936805508555)
(694.4097247005303,382.8246345014667)
(694.4329022352664,382.9524937215096)
(694.4592696265389,383.0770374977768)
(694.4892637123858,383.1980775068687)
(694.5260360307851,383.3235684449257)
(694.5679060459693,383.44473714420684)
(694.6152778758685,383.5615218682822)
(694.664574609886,383.6667117923924)
(694.7234658083715,383.7751216326072)
(694.7838610894266,383.8727104082237)
(694.8497369591041,383.9669066718629)
(694.9210576473346,384.05797636676454)
(695.0035781388282,384.15233909885114)
(695.0856736076796,384.2380333238497)
(695.1725285790874,384.321792929616)
(695.2705867399708,384.4098734886548)
(695.3730386025867,384.49693821188913)
(695.4791865968116,384.5836630581196)
(695.580806080756,384.6649111485325)
(695.6918464622586,384.75295236865526)
(695.8042002341198,384.84265534760425)
(695.9094652898111,384.9283847371987)
(696.0219366055819,385.02310045407563)
(696.1259523439943,385.11447522283845)
(696.2284254206779,385.20922362099594)
(696.3358510639632,385.3150157838004)
(696.4335840081749,385.41779954223426)
(696.5284377999177,385.5248713741108)
(696.620157885271,385.636422377712)
(696.7085864301795,385.75259206385226)
(696.7936625967891,385.87347007582014)
(696.87542020812,385.9990984657469)
(696.9593502588906,386.13915025744683)
(697.0347188573411,386.27456221374626)
(697.1074089108052,386.41458479035595)
(697.1777735250186,386.55909603106323)
(697.2509639317242,386.71890493681843)
(697.3178500679335,386.87219465842145)
(697.3838029764244,387.02940673483437)
(697.4539883387392,387.20207995685513)
(697.5243532740666,387.37866653641436)
(697.590763633625,387.5465914628197)
(697.6584468841061,387.717333713397)
(697.7279300599434,387.8905865358)
(697.7997245624081,388.0660322202779)
(697.8798634949545,388.25615241885515)
(697.9579597920616,388.43510700642634)
(698.039789217532,388.61523391782333)
(698.1322085711233,388.80918468545633)
(698.229820540727,389.00367811431875)
(698.3257951038744,389.1853211805491)
(698.4345405789271,389.37969795142925)
(698.5494980504113,389.5734453563023)
(698.662414003292,389.7534040906224)
(698.7811068566862,389.93220449882205)
(698.9056892885336,390.1095787609065)
(699.0460125588564,390.2977021169517)
(699.1829687505065,390.4713729930448)
(699.3365628028154,390.65503060904507)
(699.4969372339303,390.8360651956765)
(699.6524139714595,391.00260110537926)
(699.8135394786547,391.1666026086488)
(699.980128745563,391.3279952179147)
(700.1646324770765,391.49786964561656)
