Person 77
Starting Position = (383.9900837518076,173.2269753575103)
(387.2279492985909,175.56677027712144)
(389.93434085625773,177.5211134648161)
(392.631248887686,179.46810164421765)
(395.14960915098726,181.28560078589902)
(397.67387526843544,183.1070715364232)
(400.15147762967575,184.8945939770147)
(402.56470189062736,186.63537149177645)
(404.9946898025293,188.38806446063938)
(407.3922899943155,190.117182441528)
(409.8064152964494,191.85806338861016)
(412.2207265041354,193.59891340241978)
(414.61887480408257,195.32790550585878)
(416.9845061892529,197.03320370333057)
(419.3502816172261,198.73838034356817)
(421.8633243115828,200.54973640247485)
(424.2295376355094,202.25486452074486)
(426.6122172678018,203.97156075928476)
(428.96237702706924,205.6644841608337)
(431.32904527336024,207.36899785196772)
(434.02308619003975,209.30962732408625)
(436.50491267564297,211.09677784433262)
(438.88876457762774,212.81272045695033)
(441.2073301948403,214.48104429709298)
(443.7387267927672,216.30228460492808)
(446.2050537731315,218.07612530113013)
(448.589833367687,219.790575771835)
(450.90937484290004,221.45734801148654)
(453.1800302733758,223.08820707737675)
(455.46726001980056,224.73022216966268)
(457.7383984937656,226.35987842511113)
(460.0098228004916,227.98888436653922)
(462.2815613597234,229.61719113403265)
(464.53726450468235,231.23298623370067)
(466.8096892734633,232.85967366570537)
(469.04974684552553,234.46197847596403)
(471.29018203457804,236.06325699719326)
(473.5310309888387,237.6634288531543)
(475.7559369370499,239.25068872488367)
(477.9812996656443,240.83663005814805)
(480.22355107675423,242.43282756476785)
(482.4827490974054,244.039140323067)
(484.7097299740246,245.6204131913652)
(486.90447100677807,247.1765221190821)
(489.0997863375608,248.73063121737235)
(491.54207052535065,250.45694928451047)
(493.83747470567585,252.07630522492107)
(496.1171675240009,253.68128945666263)
(498.28257209747716,255.20246727462802)
(500.5636838460475,256.80141000632784)
(502.79630720882403,258.36260879062274)
(504.98036013088,259.885972940676)
(507.1157842219044,261.3714984344061)
(509.18607399442686,262.8078114614488)
(511.2405268990542,264.2292242631187)
(513.3120561326259,265.65845348842066)
(515.3677431954708,267.0726775685212)
(517.4240069678019,268.4831496658937)
(519.5137581452847,269.91233083465886)
(521.5545918717146,271.30375347208377)
(523.5299112556266,272.6462998194982)
(525.5219928188421,273.99609399091224)
(527.4978239007552,275.3307851093316)
(529.4902705238279,276.6726549886895)
(531.4498033476402,277.9883709493178)
(533.3927820326415,279.2890945458294)
(535.3190964041684,280.57490820242697)
(537.2121613754138,281.83491119733503)
(539.1048053576452,283.0911787424044)
(541.013379407454,284.35470562764874)
(542.8719185410029,285.58186430800765)
(544.7132266736329,286.7945630834146)
(546.5700895096111,288.0145963336202)
(548.4916022555722,289.27454414178965)
(550.5433694951364,290.61763279724)
(552.4131426002256,291.8385170527893)
(554.2978536816702,293.0663473469292)
(556.1154492582998,294.2476207074639)
(557.8986913048221,295.40384138829967)
(559.9095387961193,296.7057103855559)
(561.7549817244916,297.89746304608593)
(563.5658099018958,299.06383732321905)
(565.2930609456034,300.1732824533824)
(567.0183532535189,301.27849906614284)
(568.6928220544697,302.34814198811785)
(570.3653271001798,303.41354874206905)
(572.0358647750062,304.47467681824094)
(573.6881716042127,305.52108502054807)
(575.3060110465489,306.5424014850427)
(576.9217938290487,307.5591024936077)
(578.5516901035359,308.5812942513868)
(580.1471481905616,309.5783146986818)
(581.7404301924859,310.57033703973275)
(583.2670091019802,311.51705876387086)
(584.8074032422064,312.4686558619557)
(586.4259379200578,313.4649849718611)
(587.9618296719374,314.4065033525584)
(589.4631218145383,315.32288903138414)
(590.9618116111061,316.233891716724)
(592.4578481567381,317.1395866109221)
(593.9192458963594,318.0206095968695)
(595.457418274428,318.94468608686196)
(596.9131580491228,319.8155278446675)
(598.3656338136475,320.68157055919454)
(599.7830769127397,321.5245231860352)
(601.1969931493776,322.3639447609781)
(602.5915414017384,323.19076652204484)
(603.9823440873622,324.0144697356923)
(605.4633124022132,324.89156574020234)
(607.0341124504467,325.8220634502518)
(608.4285502087788,326.6446615279422)
(609.8175720947429,327.46002067070697)
(611.1854264995906,328.25792881054684)
(612.4856692652937,329.01016035555955)
(613.779532369694,329.7515799378068)
(615.1882323475044,330.550648247637)
(616.573318417599,331.32583286188236)
(617.8583409032973,332.0326956275578)
(619.132781085504,332.71990189276005)
(620.3809044091001,333.37762512588733)
(621.5873617406057,333.9970531140116)
(622.7755516800202,334.5730014692758)
(623.9120791995558,335.0972711595299)
(625.0228493476607,335.5881014186502)
(626.1339206855464,336.0610338672791)
(627.2153846187183,336.5063154815359)
(628.2806410467279,336.93167436914086)
(629.3436199060649,337.34365266925465)
(630.3517036260566,337.7220076271891)
(631.3608159920384,338.08778618363453)
(632.3461165587298,338.4318747300639)
(633.3111690943359,338.7546443423532)
(634.2594361297316,339.0567957408911)
(635.2206429543508,339.3476764798273)
(636.1586536767396,339.6168164306219)
(637.0888814341517,339.87032428837574)
(638.0272610480837,340.1144811245865)
(638.9766344142392,340.3521163285286)
(639.9394562984894,340.58601893725535)
(640.9032377134507,340.8149445224626)
(641.882578051704,341.04409675743335)
(642.833589407323,341.26368704086525)
(643.8127045759886,341.4882439755649)
(644.7900814084154,341.71146965629595)
(645.9021557955265,341.968679854834)
(646.9051657866383,342.2007923732289)
(647.9142157761215,342.4352741198048)
(648.9112263955033,342.66807415701766)
(649.9080595387375,342.9019678749189)
(650.9012086845844,343.1355742691389)
(651.8869102731201,343.36700621959386)
(652.8615005776963,343.5942200376643)
(653.8217665531631,343.8153745661971)
(654.7366505533282,344.0223452704504)
(655.6197810674603,344.2181041270733)
(656.7249634165814,344.46370811379245)
(657.6219143786211,344.66043042803676)
(658.490625575572,344.8492988418449)
(659.3460811621302,345.0339812348902)
(660.1752003060797,345.2109157246485)
(660.9768079524515,345.378548510283)
(661.7496560580418,345.5349728121001)
(662.4802580552108,345.67660420756914)
(663.203249219057,345.80942546718853)
(664.030955321262,345.9508359456535)
(664.7726498266096,346.06428168136586)
(665.4393005494849,346.1504848557969)
(666.0828640052915,346.2133109035362)
(666.6745618106547,346.2478465213099)
(667.2371415515322,346.25480865212455)
(667.7407846757857,346.2368933209338)
(668.2343800006314,346.1946771317592)
(668.6891970540124,346.13369657866696)
(669.141499047238,346.05186607363083)
(669.562607970471,345.95875794950757)
(669.9792026853049,345.8546816145032)
(670.4031404103596,345.7448439786063)
(670.8225508155616,345.64180932207387)
(671.2563184411738,345.5517472918168)
(671.689067648212,345.48511512369214)
(672.1270384356786,345.4456780588031)
(672.5579165876013,345.43530726547755)
(672.9763784818464,345.4520305315209)
(673.393163066726,345.4949473879468)
(673.7871709821828,345.5577191744786)
(674.1619383329573,345.6361280305092)
(674.5215901631976,345.72667746027844)
(674.8578632592166,345.820606105162)
(675.1722183148512,345.9114693075002)
(675.4571605743769,345.9913017799509)
(675.729278794196,346.0609292452341)
(675.9944382438949,346.1198897743442)
(676.2588141378656,346.17001004310265)
(676.5222503731163,346.2138383135963)
(676.7877334077849,346.25528970789554)
(677.0619268521444,346.29853589712764)
(677.3435553953241,346.3454680110707)
(677.6284763845547,346.3958461120304)
(677.9102053965217,346.44696579894185)
(678.1867063264052,346.4945906015255)
(678.4448455635269,346.5308602382946)
(678.6656408465444,346.5476280787837)
(678.8672090302842,346.53908647709716)
(679.0443936899527,346.49944127792605)
(679.2084251053071,346.42360518882856)
(679.3735548935415,346.305801476383)
(679.5459639806115,346.1519215916349)
(679.7470181444464,345.9575934220449)
(679.9739393299263,345.7416869164747)
(680.2365666812084,345.50767666734527)
(680.5369341818235,345.26286175842256)
(680.8828965179174,345.008103083762)
(681.2742141494957,344.7492314432346)
(681.7086671333125,344.49173634326684)
(682.1825016719682,344.2406159633325)
(682.6908645162656,344.0002785780209)
(683.2937824835824,343.7513744489489)
(683.8581752740524,343.54517466903263)
(684.4383375158542,343.35900097137113)
(685.0283783563373,343.1942508388969)
(685.7195948844304,343.0333254565995)
(686.3696287587043,342.90756229327053)
(686.9850885950298,342.8102058760166)
(687.574819452813,342.7368235943923)
(688.1482644741889,342.6853349568671)
(688.7023157458133,342.6562461822857)
(689.2342243564788,342.65055699430553)
(689.7197373025479,342.6677815051643)
(690.169808079806,342.70745913469915)
(690.5842824373542,342.7690118609737)
(690.9723925647995,342.8540810828579)
(691.3332153536796,342.9630831429508)
(691.6662718990295,343.0962343613223)
(691.9993170655387,343.27121808582683)
(692.2950366569715,343.47075716971926)
(692.5620486388851,343.6988783667559)
(692.7972925661634,343.94927831295485)
(693.0045595938268,344.2199152024858)
(693.1877048720378,344.5086567272305)
(693.3542854145743,344.8213745871436)
(693.4999035672773,345.1406075254424)
(693.6348352225896,345.4809265874838)
(693.7580030090232,345.83253378312435)
(693.8744567198578,346.2037192059363)
(693.9854980540042,346.5942651877957)
(694.092025184403,347.0038792920546)
(694.19181870126,347.4206300192178)
(694.3179246989614,347.9856468915821)
(694.4138723504318,348.4508644234957)
(694.5053843804076,348.9287085355046)
(694.5881670638768,349.3896676171916)
(694.6701503808351,349.8653234120831)
(694.7485724889465,350.3228813869214)
(694.830400298142,350.77603314145153)
(694.9139573457524,351.1890032061137)
(695.0066678879557,351.56903308111964)
(695.1041257107629,351.884981769266)
(695.2094367508706,352.14308449358225)
(695.3105040138781,352.3286661262726)
(695.4021539484514,352.4539052339562)
(695.4681005581529,352.5235151927753)
(695.4998260505015,352.5536937905303)
(695.4877658187468,352.5580803494339)
(695.4337204582023,352.55057051537733)
(695.338279073837,352.5415647509811)
(695.2062849818468,352.5388010109229)
(695.0505496643057,352.54681439347837)
(694.8695647926374,352.5693967437461)
(694.6766613132262,352.6073795924742)
(694.4800458014901,352.6604498109945)
(694.2867100092237,352.72746409060693)
(694.0972365973403,352.8095682350802)
(693.9305903965137,352.8976293434997)
(693.783323497738,352.99212243980537)
(693.6523482507854,353.0985686990491)
(693.5415254571586,353.21524794969764)
(693.4478774439617,353.3477527792166)
(693.3724822040281,353.49799218761945)
(693.3166232283119,353.6668349579911)
(693.2816793199437,353.8539024134675)
(693.268958393552,354.0575856152958)
(693.2795137742063,354.27521261014573)
(693.3139672496541,354.5032985409557)
(693.3723557220828,354.73782979555693)
(693.4540155381003,354.97455221497444)
(693.5696349601377,355.2302871213809)
(693.6950322364704,355.4601037980398)
(693.8320748387083,355.6771561133782)
(693.9815029573442,355.88785243087233)
(694.1398459529831,356.0922297019567)
(694.3033906343409,356.2906919508313)
(694.4630462654064,356.4779136816471)
(694.6259079512528,356.6663945783481)
(694.7836827552138,356.85055687466917)
(694.929206374805,357.0251460767549)
(695.0700540429538,357.20127274001175)
(695.2005035465404,357.3729589000843)
(695.3203184461368,357.53951378046895)
(695.4266740347861,357.69512865189154)
(695.5273135419377,357.84829025830436)
(695.6201935551276,357.9923772357682)
(695.7041393379119,358.1218958421489)
(695.7860710516942,358.2446206880795)
(695.8619632062079,358.35350822508207)
(695.9326426150291,358.4504274964574)
(696.0007545642399,358.54025485894783)
(696.0682617270234,358.62734671128106)
(696.1301918504779,358.70813012001037)
(696.1898458318846,358.7899052801562)
(696.2426605533768,358.8692016227743)
(696.2914668948456,358.9530397438716)
(696.3329994155237,359.037258796548)
(696.3700981773028,359.1287694044595)
(696.4011350250339,359.22228118892286)
(696.4291458181415,359.3248134079469)
(696.4537060313988,359.4298095357127)
(696.4771178310973,359.54096293883066)
(696.5033256018535,359.67123230966854)
(696.5344213473709,359.8235191877297)
(696.5669045016568,359.9766014827346)
(696.6003617193346,360.12897384903346)
(696.6363278612432,360.289757555188)
(696.6726741725369,360.45333567647185)
(696.7081854768827,360.61874335656967)
(696.7439239870774,360.7968914544767)
(696.7772871868332,360.9815881396908)
(696.8069462998219,361.1718548002738)
(696.8323605942446,361.37278134915704)
(696.8513302160734,361.56995156808483)
(696.8659000932389,361.77005874971076)
(696.8774186480392,361.9830920576274)
(696.8861914440486,362.1983358015929)
(696.893073396311,362.41260234376745)
(696.8991675078769,362.64856858646385)
(696.9043294452786,362.8630324423546)
(696.9096160814948,363.08711908116396)
(696.914887028192,363.3027138717797)
(696.9206325527698,363.5653177276609)
(696.9253703723834,363.7993819855162)
(696.9292341669401,364.0203477659239)
(696.9315060265246,364.25702803607146)
(696.9316664489199,364.47010675507585)
(696.929996128099,364.66017838189657)
(696.9257918136932,364.8470681475005)
(696.9188418094969,365.0224487040858)
(696.9089476559436,365.1850192304828)
(696.8959563731391,365.33349123991223)
(696.8797204456656,365.4666226736892)
(696.8610285993642,365.5797199932869)
(696.8379230913873,365.6794942664084)
(696.8136993767131,365.76948480677)
(696.7885239381392,365.84837249983497)
(696.7623671214319,365.91531711485953)
(696.7321737353756,365.97347426024)
(696.69953919274,366.01737158513555)
(696.6619640904393,366.04808177105406)
(696.6177710269862,366.0648018333366)
(696.5648743300995,366.06654981577793)
(696.5043202103396,366.0547478608156)
(696.4282096767695,366.02876706871587)
(696.3414479745896,365.9927151554798)
(696.2393587892933,365.9476276970116)
(696.1265857815364,365.89844957647733)
(695.9917070072783,365.8436925082231)
(695.8396334009648,365.7889037868056)
(695.6711098669167,365.73766482739524)
(695.4935265206577,365.6912193117517)
(695.3159797674494,365.6541704983771)
(695.1321379959747,365.62761973084923)
(694.94348409791,365.6143912071155)
(694.76048970768,365.61605194538424)
(694.5683342737029,365.6355277628499)
(694.3777942306219,365.6742236768833)
(694.1914860063558,365.73304983372185)
(694.0120824785863,365.81234780400155)
(693.8422169966005,365.9119168702109)
(693.6843977292114,366.0310538283807)
(693.5466024033176,366.1617896551408)
(693.4188675022322,366.31540209812897)
(693.3092101717782,366.4840010163606)
(693.2221387499889,366.65684435588076)
(693.1317127574467,366.955977768591)
(693.0933797206246,367.15782446114406)
(693.0762146747094,367.3617803358349)
(693.079903404416,367.56461518700274)
(693.1018360344485,367.75469919500046)
(693.1439579334865,367.94623259076724)
(693.218059708516,368.1640380144388)
(693.3159112055366,368.39011633709623)
(693.431576935505,368.6168995101234)
(693.574606696956,368.8612357869487)
(693.7283159961844,369.0962120954044)
(693.9052887470616,369.33995604285644)
(694.0949729102053,369.57777592117174)
(694.2844836996713,369.79678915831823)
(694.4698252674373,369.9964511920872)
(694.6572733702022,370.1860629291993)
(694.8532900549766,370.37333637604365)
(695.036217550207,370.5408322801236)
(695.2209833803847,370.7049174158687)
(695.3952442862363,370.85777468297147)
(695.549027536868,370.9938731956015)
(695.69455954849,371.1271554305197)
(695.8167877721944,371.2461829238637)
(695.9254958359008,371.36326181575146)
(696.0103355783405,371.46828948377885)
(696.0783801718472,371.5720283603004)
(696.1254459611174,371.6720473826503)
(696.1554115957628,371.77236538253965)
(696.1694008213041,371.86705449991257)
(696.1692631109813,371.9649640366999)
(696.1571399839241,372.0554277372317)
(696.1325857039911,372.1467427212393)
(696.100227153421,372.22907973548274)
(696.0603000711804,372.30621196065755)
(696.0113915144494,372.38083898874436)
(695.9602614177884,372.4452546844652)
(695.9026553161887,372.50535873958546)
(695.8459459019064,372.5551886477758)
(695.785352920356,372.5992602789835)
(695.7283376149073,372.6333696781845)
(695.6701997383918,372.6603611661248)
(695.6179689593379,372.67772140236747)
(695.567546394906,372.68632872184435)
(695.5249444791185,372.6853942706169)
(695.4870449288695,372.67360055145576)
(695.458223911412,372.652158335984)
(695.436554047175,372.6174773751581)
(695.4242518957697,372.5732730378523)
(695.4203882418661,372.51755226129444)
(695.4255014522677,372.4460028952968)
(695.4392995338051,372.36202194267526)
(695.4595482285091,372.27198822563514)
(695.4876953656067,372.16707380104594)
(695.5194742719962,372.06000927347475)
(695.557067074137,371.9411264424994)
(695.5951933507148,371.8249362110285)
(695.6343690017959,371.7077354744478)
(695.6712651080762,371.59786940385254)
(695.7086649873155,371.4853885837567)
(695.741665840184,371.3839229412325)
(695.7712872815578,371.28931133012077)
(695.7977969761849,371.19893428427247)
(695.8179438208203,371.12327052601546)
(695.8325491270043,371.05877338234615)
(695.8412623343671,371.00433060364844)
(695.8432395232652,370.9657311524338)
(695.8387944166979,370.9406677846045)
(695.826903834543,370.92977764083037)
(695.7898011734882,370.9542768540968)
(695.7598760119164,370.9851971083467)
(695.726219764543,371.02793545140855)
(695.687757777752,371.0837034433584)
(695.6424231311238,371.1565688957269)
(695.5959022845025,371.237413497148)
(695.5464726688417,371.3293483313653)
(695.4918077050994,371.43792923242364)
(695.4386421896857,371.55103620377105)
(695.3848794283986,371.6740790727922)
(695.3342861659085,371.79892379864566)
(695.284555462288,371.93237283583767)
(695.2336283711229,372.08345084086704)
(695.1852018610573,372.2443246580472)
(695.1423296940255,372.4048792384203)
(695.1028802897547,372.57400142588136)
(695.0705375187518,372.78184233235385)
(695.049211003102,372.98688519066644)
(695.0351702754313,373.21008624122226)
(695.0282170473567,373.46534271604486)
(695.028400327281,373.71942765433283)
(695.0349514848124,373.9853177385743)
(695.0486514086812,374.27886512751536)
(695.0670646271396,374.5628420490188)
(695.0905614776924,374.8525683649388)
(695.129367643093,375.23915426835333)
(695.1776181742255,375.6461855348238)
(695.2268056994045,376.0138363407254)
(695.2747060721474,376.33982943109464)
(695.3315849677632,376.6923921718036)
(695.3850439079625,376.9988763112286)
(695.4369625136636,377.2762138796742)
(695.4896853899755,377.53904541280417)
(695.5425303275401,377.78502985391145)
(695.5947481676311,378.01192844055237)
(695.6455182278048,378.2176807143892)
(695.6965854382337,378.40974751901234)
(695.741493431654,378.5667336552952)
(695.7821250431699,378.6984029708629)
(695.817558685824,378.80442499308253)
(695.8482255623421,378.88828124741696)
(695.8712754063691,378.94496711654807)
(695.8859176240843,378.97604346373845)
(695.8933257452053,378.986941719309)
(695.8932301464419,378.97904457289246)
(695.8858966455598,378.9554225973744)
(695.8746152226443,378.924924066142)
(695.8582975220755,378.8850426742362)
(695.8492761553581,378.87992385827584)
(695.8477719841464,378.90079055649096)
(695.8541136580426,378.95019437577946)
(695.8674131783786,379.01869469096124)
(695.8901745962448,379.11515482651487)
(695.9190519983109,379.2243748321322)
(695.9553160020503,379.3506881634312)
(696.0020676789139,379.50290684096683)
(696.0526884959471,379.66036888532784)
(696.1053860224863,379.8187520710025)
(696.1675383845975,380.0000434725763)
(696.2298985262754,380.1779928466681)
(696.3010170490156,380.3772900160366)
(696.3756434328934,380.5838114326212)
(696.4744869582645,380.85482810227757)
(696.5703909906537,381.117866295625)
(696.6562028740624,381.3552267690635)
(696.7415042698992,381.5950120213271)
(696.8252294009525,381.8362396084029)
(696.911230371831,382.093196029483)
(696.9838822650937,382.31977751342146)
(697.0570387433795,382.56069365867387)
(697.1214935346351,382.7854083143161)
(697.1818076151222,383.0085756092652)
(697.2382247761012,383.2298255047799)
(697.2912096293252,383.44880623603336)
(697.3445475815936,383.67938237273813)
(697.3925837694165,383.89254821556784)
(697.4394984283771,384.1023290944611)
(697.4861639886269,384.3083002896409)
(697.5366253776054,384.5230860910758)
(697.5854011386014,384.71958450729977)
(697.67994839367,385.05366935462627)
(697.7357146762936,385.2324876255901)
(697.7993426869381,385.4144664754464)
(697.8584740033353,385.5662320240886)
(697.9259004663082,385.7192538273526)
(697.9973799489993,385.86162532094306)
(698.0674996864656,385.98434336896423)
(698.1461997179739,386.1030509137277)
(698.2223807112796,386.2018688567475)
(698.306501342736,386.29299636515145)
(698.3865629633058,386.3645395474108)
(698.4732246864509,386.42498162149127)
(698.5540543961431,386.4669601170854)
(698.6339457681495,386.49436280731754)
(698.7173320159156,386.50705392441273)
(698.795331311314,386.5388156353472)
(698.8734540268318,386.5895281508744)
(698.957498197623,386.66448379672465)
(699.0423446165844,386.7588143756718)
(699.1286584731264,386.871248391036)
(699.2172643190279,387.00049268406246)
(699.3091027483721,387.1452385518588)
(699.4051895523073,387.3041698059057)
(699.5065780997157,387.47597249042997)
(699.6143254833646,387.6593459099582)
(699.7294627638104,387.8530145507042)
(699.8529694472721,388.0557404316383)
(699.976318285211,388.25181141385394)
(700.1084073600662,388.4538266292292)
