Person 67
Starting Position = (302.5598975459678,656.3394691015244)
(305.53184497821286,654.4222886026189)
(308.0051092724623,652.8268908297316)
(310.4581919633132,651.2445822541072)
(313.415347201354,649.3372161837327)
(316.1492725053228,647.5738809391568)
(318.63466857715883,645.9708693481541)
(321.0708840617577,644.3995965208377)
(323.52441384823044,642.8171706814246)
(325.961350727773,641.2454567890901)
(328.4319947280869,639.6520114089204)
(330.8858717105049,638.0693859603692)
(333.2893437441958,636.5192735465744)
(335.709633111141,634.9583187511471)
(338.09631292497454,633.4190434531686)
(340.6342691954319,631.782207289417)
(343.03776710569326,630.2320915131766)
(345.4412685475039,628.6819759799275)
(347.827965804507,627.1427005667372)
(350.21466694629333,625.6034251021047)
(353.0888105185319,623.7497855314809)
(355.81168922300327,621.993705438794)
(358.31606631806653,620.3785465485196)
(360.6859809981739,618.8501087222654)
(363.29121485220713,617.1699093331703)
(365.7115637951214,615.6089503326626)
(368.0646835445745,614.0913516376659)
(370.43461567313216,612.5629126243191)
(372.8717863335608,610.9911125545793)
(375.62832535011677,609.213348222947)
(377.9646604874434,607.7065859986011)
(380.2673817994819,606.2215042639324)
(382.570107265392,604.7364223087114)
(384.88964629439505,603.240499656683)
(387.5117476910727,601.549452799787)
(390.0330063387262,599.9234450437907)
(392.48703710654445,598.3407969771096)
(394.75617761774373,596.8773901717899)
(397.02532267491284,595.4139831648297)
(399.31128219158546,593.9397353620594)
(401.5804392047472,592.4763268933362)
(403.84960269879656,591.0129175740856)
(406.202818187533,589.4953062253016)
(408.4551874531569,588.0427349429801)
(410.67394519267964,586.6118434282068)
(413.5650832237965,584.7473391845755)
(416.13685938679185,583.0887974686954)
(418.47331342778307,581.5820191194384)
(420.82658379749205,580.064400705008)
(423.41519706725296,578.3950176514952)
(425.75167920693747,576.8882379045681)
(427.86964510832104,575.5223819275764)
(430.0212367031821,574.1348464248152)
(432.3073149866394,572.6605892912694)
(434.57659530214625,571.1971724139888)
(436.6609782339266,569.8529987638512)
(438.7621799783461,568.4979863606881)
(440.8297720230598,567.1646557834183)
(443.0150460308902,565.7554455043246)
(445.21714450380455,564.3353967857763)
(447.25115390846923,563.0237521487894)
(449.31879624223814,561.6904306831561)
(451.45369535768054,560.3137525519005)
(453.55498997497386,558.9587589296879)
(455.63949094918826,557.6146106763331)
(457.7576324091298,556.2487888072563)
(459.8926060898153,554.8721344994053)
(461.8931112395481,553.5822075102333)
(463.82639069580296,552.335649039848)
(465.826938265845,551.0457425973076)
(467.6930154613462,549.8425642309604)
(469.575928006411,548.6285591853481)
(471.86237088359115,547.1544264494657)
(474.04798394658013,545.7453502373884)
(476.0655092454648,544.4446874962191)
(477.9821939420866,543.2090817717004)
(479.79803546284813,542.0385322592948)
(481.7316183286613,540.7921425854877)
(483.597994142212,539.5891366602143)
(485.3971617498555,538.429515094737)
(487.1458377648993,537.3024551338259)
(488.9281396397888,536.1537697864363)
(490.77772955970335,534.9617912896148)
(492.6273735336813,533.7698703533375)
(494.3930057450211,532.6321859581448)
(496.10826201905974,531.527067423319)
(497.7731458568031,530.4545152147548)
(499.454935617497,529.3711988859029)
(501.1200049194592,528.2987909054683)
(502.76836149327926,527.2372963009656)
(504.43365884289244,526.1650604436132)
(506.09909008330067,525.0929237919883)
(507.71419190323803,524.0533791273638)
(509.34627421836154,523.0031204146927)
(510.9785294103006,521.9529869887737)
(512.5941436818953,520.913814067389)
(514.2436318122137,519.8531440065128)
(515.8765204143729,518.8034605721831)
(517.4928250454967,517.7647735016302)
(519.0757195496781,516.7479086935436)
(520.6925951291352,515.7096148504586)
(522.259253774673,514.7039790565493)
(523.8093993142304,513.7093805060596)
(525.3430513278979,512.7258296415062)
(526.8770923536105,511.74253402420845)
(528.4115580891942,510.7595133631862)
(529.9296140473584,509.78758490578366)
(531.735123821529,508.63250254268803)
(533.4231915127622,507.553403148214)
(535.213378558056,506.410060898627)
(536.7678066515042,505.41814281125875)
(538.2722377489227,504.45898647083385)
(539.6928138334403,503.55411145948597)
(541.2664782609168,502.55279468780543)
(542.7902721439934,501.5842887197238)
(544.2302656545869,500.6700740809579)
(545.6033248718551,499.7993481948377)
(546.9772708865398,498.9291128003934)
(548.3521624465142,498.0593925192571)
(549.7620600896975,497.1687640791473)
(551.1730828439802,496.27873048014317)
(552.5852995556817,495.3893206620895)
(554.0328735117328,494.4791627810957)
(555.3453514532717,493.6552601961338)
(556.6590348059866,492.83197431941005)
(557.9910777032611,491.9986532307185)
(559.3073675572341,491.1766823799569)
(560.6079091102797,490.3660621234639)
(561.8927025332358,489.56679191769217)
(563.1789122703691,488.7682310614039)
(564.4322102686649,487.99166511808613)
(565.6869397400717,487.2158245122535)
(566.9431420583539,486.4407362827197)
(568.2008551574347,485.6664293348386)
(569.4601128616587,484.89293468418543)
(570.7036490184834,484.13086044003404)
(571.914105158882,483.39077141257997)
(573.1433752736166,482.6409809839966)
(574.3568185955414,481.90263950994154)
(575.5543734705426,481.175753291219)
(576.7707718730938,480.43930816688976)
(577.9538069101486,479.7248845179652)
(579.1207781531949,479.0219762705223)
(580.3065209967189,478.3096712269711)
(581.6684060172057,477.49406539757666)
(582.8219635048708,476.805155299127)
(583.9766736706869,476.11754283652266)
(585.132486941042,475.43132220535864)
(586.2717983355241,474.75696466570764)
(587.429615508114,474.073857444671)
(588.5707597299636,473.40283093187463)
(589.7302097624109,472.72349877819875)
(590.837556502751,472.0770888029523)
(592.2974652929004,471.2288214979483)
(593.5116038443072,470.5266186670455)
(594.8317664795901,469.76708499204204)
(596.0817237003063,469.0519347262962)
(597.190828195841,468.4209372902288)
(598.2821911719178,467.80374878131136)
(599.355688903329,467.20055037050247)
(600.4287893336868,466.6017660864959)
(601.4837670320943,466.01751038553806)
(602.7137095014135,465.34250950103444)
(603.8196940099226,464.74132911428)
(604.8719399874145,464.1751801319285)
(605.8879286423684,463.6344805873205)
(606.9025611022261,463.1008853545181)
(607.8982049950434,462.58391893052254)
(608.9095800649231,462.06607366063804)
(609.901628458201,461.5656466215415)
(610.9435788914424,461.0486872255884)
(611.9829386097957,460.5421080917413)
(613.0366377095877,460.0382906963644)
(614.0182906354378,459.57795748881205)
(614.9966827854895,459.12838423232057)
(615.9373662950404,458.7049717853711)
(616.8573507711097,458.29950223489135)
(617.773388364709,457.90439892242847)
(618.6682706767621,457.5267461362523)
(619.5418311128888,457.1660771973848)
(620.4105454851266,456.8152671237495)
(621.2739689412817,456.4742912041777)
(622.131619542956,456.14309994961104)
(622.9829774445086,455.821619598865)
(623.8436252885823,455.5038620598042)
(624.6805617926824,455.2016062243774)
(625.509380707206,454.9087161123659)
(626.3293828175986,454.6250395613212)
(627.1552506073535,454.34522591470704)
(628.0616179629268,454.04440935261937)
(628.8327720265448,453.79295800765857)
(629.5615491571187,453.5593097472521)
(630.2775099416651,453.3334325771335)
(630.9799040657101,453.1151345754465)
(631.667934047858,452.9041770101149)
(632.34079016399,452.70024630748964)
(632.9976972283453,452.5029315123165)
(633.6507811925119,452.3078384571656)
(634.2736190393622,452.12213659855433)
(634.8789857674998,451.94124197531727)
(635.4551434270958,451.7680795104917)
(636.014818695277,451.5983241230449)
(636.6166347339642,451.41416977720047)
(637.1325335318334,451.25567192430043)
(637.6547167904329,451.0949282772915)
(638.1831637854275,450.93247775305554)
(638.6958752798072,450.7757963649049)
(639.2049447300222,450.62191428808285)
(639.7225879697546,450.46800439358896)
(640.2279077036254,450.3210108955199)
(640.7332103113246,450.17796399895616)
(641.2285212294574,450.04209889877166)
(641.7258603423728,449.9104809221111)
(642.2146900492801,449.7860691272868)
(642.7179867743874,449.6634277547193)
(643.2132840461111,449.5482388501738)
(643.7231185053258,449.43571693862333)
(644.2471510161712,449.3268072579179)
(644.9604726225975,449.1913850328294)
(645.5459012983257,449.0909069481168)
(646.1841783719965,448.9962643348848)
(646.6785696027239,448.93422404043355)
(647.1530985371397,448.8870003545241)
(647.6175415598756,448.8547202625688)
(648.0811956118105,448.8387529537583)
(648.5326571503434,448.84102121935933)
(648.9622300097175,448.8613588237414)
(649.3810880798966,448.8998742317038)
(649.7814030922708,448.9543457143019)
(650.1562747448526,449.0206246298849)
(650.5268757784413,449.09986239429674)
(650.9516324484093,449.20495844885664)
(651.3494321460369,449.31315358732724)
(651.8078311690749,449.4452277023795)
(652.2139966524695,449.56617302672987)
(652.6146229891777,449.6875194500241)
(653.0485715400848,449.81961859550444)
(653.436130547888,449.9385252463274)
(653.8144265337132,450.05590395592264)
(654.1722352044403,450.16896007962777)
(654.5374427892859,450.28747047726273)
(654.8991033761184,450.4092306926584)
(655.2561259432156,450.5351264079195)
(655.6077257319212,450.665890055154)
(655.9808045190142,450.8131085947526)
(656.3745960221472,450.97792234325556)
(656.7270698910003,451.13250196403663)
(657.0663414969525,451.2863055492063)
(657.4112503063632,451.4452432081084)
(657.7546154563439,451.6030185425262)
(658.0979313835084,451.7572381933644)
(658.4336780035012,451.9022141300491)
(658.7625311163083,452.0368240766245)
(659.0847941554532,452.16054391460165)
(659.4094475364847,452.27622506633065)
(659.7274726949523,452.3809224280717)
(660.0565699624054,452.48019502422926)
(660.3783357628798,452.5691913791814)
(660.7102908494215,452.6530254680533)
(661.0428128398082,452.72973243942323)
(661.3751985076523,452.7997871903916)
(661.6886677571821,452.8604560107935)
(662.0007899013291,452.9156172762477)
(662.3113059949975,452.9651567821831)
(662.6201309162086,453.00874952207073)
(662.9362653023513,453.0466890027482)
(663.242347340484,453.0764413255596)
(663.5565500518696,453.09864013204816)
(663.8619524738893,453.11158518204365)
(664.1680882104333,453.11520716109044)
(664.4758267341791,453.10894333716755)
(664.795174786396,453.09155992662886)
(665.0997118384633,453.0652912329472)
(665.407864303729,453.0291283648797)
(665.7107149189017,452.9848452010359)
(666.0273270304718,452.9296619354217)
(666.3683346986721,452.8608591672137)
(666.8267251527617,452.75397884565035)
(667.1622823863266,452.66874992043154)
(667.4996634065479,452.58094172568394)
(667.8355579598558,452.491299762255)
(668.1890088127517,452.3943947463375)
(668.5359087996204,452.2965996494412)
(668.8957586419449,452.19217991141323)
(669.2552720712389,452.08484914873003)
(669.601357356633,451.97871648441065)
(669.9536524808632,451.86798291718804)
(670.2891202051954,451.7603770636185)
(670.6068962496468,451.6569413408213)
(670.9163504767621,451.55545144825936)
(671.2165574166465,451.45715046562634)
(671.5067738363888,451.3633512215156)
(671.7864288303297,451.27538714508313)
(672.0551097608051,451.1945520184458)
(672.3205393299077,451.12002381248453)
(672.5662548803905,451.057181648316)
(672.7932416212873,451.00581336900075)
(673.0094541098947,450.9643459975074)
(673.214980525959,450.9329475769339)
(673.4099646812683,450.91148617871295)
(673.5887341216805,450.89961229659326)
(673.7635852511404,450.8961979771972)
(673.9286868717587,450.9007715180198)
(674.0844573447976,450.91230946207116)
(674.2314124138194,450.92971779075236)
(674.370174213547,450.9519031293994)
(674.5014745392699,450.97783760342054)
(674.6301269367226,451.0076773450841)
(674.7489832215192,451.03859761985575)
(674.8595277618211,451.0698198093585)
(674.9667120435487,451.10197960322546)
(675.0715406547296,451.13485435113034)
(675.1714437596462,451.16719691502925)
(675.2744572720244,451.20148246098967)
(675.4255216932584,451.254295811264)
(675.5388078639376,451.29521189574467)
(675.6508746269714,451.33711784054606)
(675.7740959356099,451.38512101112894)
(675.8975602734647,451.43520262398374)
(676.0213875843544,451.48736453778696)
(676.1455683099165,451.54145483329694)
(676.2841487896883,451.6036466507518)
(676.4191946318781,451.66562257352854)
(676.5601135839818,451.7312883514893)
(676.7019850576719,451.79793760729854)
(676.8444892403269,451.864996309058)
(676.99893197602,451.93722050168356)
(677.1604303545411,452.0117571672723)
(677.3165586119096,452.08266263737636)
(677.4791281141795,452.15491575278156)
(677.6552810972677,452.2309711390164)
(677.8317586099081,452.30481004636476)
(678.0377538687753,452.3872802886678)
(678.2294275062559,452.4610445187954)
(678.4361527827316,452.5370077134589)
(678.6588480696229,452.6146125957713)
(678.9158823647048,452.69834658227484)
(679.1467884370143,452.76951216595296)
(679.3936432828315,452.8409917229663)
(679.6286514603096,452.9052058875349)
(679.869118595114,452.96699349400814)
(680.1049453874884,453.02399366966205)
(680.3450473061291,453.07837089074195)
(680.5890643882947,453.12993399634246)
(680.8264926911382,453.17674771384054)
(681.0769679379418,453.22239030864955)
(681.3301717338259,453.26480714696004)
(681.5752854530554,453.30255289959376)
(681.8324689036917,453.33854918116293)
(682.0910381967552,453.37124761343006)
(682.3505125509446,453.4007246505027)
(682.5999433741149,453.42622741946593)
(682.8597213825446,453.4498752594686)
(683.1087278764992,453.46991020278597)
(683.3467257719992,453.4867557273121)
(683.6148842899776,453.50259493641704)
(683.8819220964874,453.5152710024741)
(684.1374198669346,453.5246593062102)
(684.411786152212,453.5315029336137)
(684.6541607034154,453.53530361053953)
(684.9049088478829,453.5369140947233)
(685.1438884120587,453.536572388766)
(685.3908697653706,453.53438859719995)
(685.6260594226087,453.5309399010655)
(685.8786209853896,453.52582709965657)
(686.1097901199995,453.5202871567732)
(686.3200295038253,453.5147437454431)
(686.5381062632638,453.5084883181478)
(686.74520491677,453.50214931695825)
(686.9602507914755,453.4950369781355)
(687.1647352837887,453.48770872139505)
(687.3681758012153,453.4796551090989)
(687.5799450627474,453.47008198373294)
(687.7818165810233,453.45955738262677)
(687.9831548732993,453.44724862605)
(688.1840923823136,453.43268701027347)
(688.3755970149394,453.41633244745253)
(688.5668536809278,453.39706396832304)
(688.7578737833896,453.3744170539584)
(688.948625448714,453.3479342377794)
(689.1390317083052,453.3171765606921)
(689.3289700195708,453.2817334675734)
(689.5182729071037,453.2412307911494)
(689.7067294641834,453.19533664578324)
(689.8940874579094,453.1437652232656)
(690.0800558239616,453.08627863168454)
(690.2643074094034,453.0226870368496)
(690.44648191059,452.9528474471508)
(690.6261890426262,452.8766615242923)
(690.8113064649611,452.78967544182774)
(690.9765710000177,452.7046802272154)
(691.146337070771,452.6088075639549)
(691.2964703075544,452.5166796170134)
(691.4502833502569,452.4136867731231)
(691.5994688972382,452.30469497777995)
(691.7436288659441,452.18974888703247)
(691.8890347207996,452.0625390279955)
(692.0217295445195,451.9356128756389)
(692.1422693745154,451.80996017983585)
(692.2570386675675,451.6793615356182)
(692.3658237898899,451.5439644875532)
(692.4684529524618,451.4039366798824)
(692.564800792875,451.259465263283)
(692.6547922028454,451.1107562766476)
(692.7384052817819,450.95803402123136)
(692.8156733224162,450.8015404371461)
(692.8866857618921,450.6415344858695)
(692.951588059624,450.4782915370309)
(693.0105804906407,450.31210275308763)
(693.0639158691531,450.14327446143346)
(693.1118962410877,449.9721274997435)
(693.1548686058677,449.79899651667176)
(693.1932197465605,449.6242292060449)
(693.2273702636163,449.4481854481027)
(693.257767920937,449.2712363259572)
(693.2848804242382,449.09376297924194)
(693.3091877609594,448.9161552501876)
(693.3311742387536,448.7388100708381)
(693.3513203662013,448.5621295352043)
(693.3700947250584,448.386518599278)
(693.3879459878995,448.2123823599907)
(693.4052952371862,448.0401228932204)
(693.4225360340797,447.8700766172753)
(693.4390843568632,447.7112704736827)
(693.456106504751,447.5550085477098)
(693.4738204780435,447.4015149770305)
(693.4924002105464,447.25098381011134)
(693.5119733469152,447.10357893469524)
(693.5326200571207,446.9594343196603)
(693.554372938085,446.8186546049979)
(693.5772180172911,446.68131605928426)
(693.5997152051386,446.55472468438046)
(693.6244776422631,446.42420072951955)
(693.6500467803257,446.297192536244)
(693.6762545830752,446.17368064436494)
(693.7029056152356,446.053626803128)
(693.7297829886468,445.9369765621808)
(693.7566546217952,445.8236619113883)
(693.7832796293447,445.71360388481145)
(693.8094146625647,445.6067150466074)
(693.8348200330319,445.5029017835423)
(693.8592654696118,445.40206633971644)
(693.8837606287221,445.29883568431984)
(693.9042245710642,445.20861232104477)
(693.9231161038811,445.12044968729606)
(693.940340539985,445.03426427143796)
(693.9558287266271,444.9499693065488)
(693.969537133536,444.8674747987918)
(693.9814474894063,444.7866875535294)
(693.9915660192632,444.7075112427608)
(693.9999223334526,444.62984654978806)
(694.0065680153377,444.55359141669055)
(694.0113698254096,444.4829770102491)
(694.014916763028,444.4091546497696)
(694.017049074253,444.3322223803891)
(694.0177419919785,444.2605468917481)
(694.017246406942,444.18974598424586)
(694.0157039890029,444.11971236032025)
(694.0132631137557,444.0503403872929)
(694.0100763019095,443.9815268563455)
(694.0062976783632,443.9131717042303)
(694.0020805016914,443.84517868516593)
(693.9975748189713,443.77745598491225)
(693.9926432177555,443.7059604934685)
(693.9879871938646,443.6385338195634)
(693.9834605846771,443.5711287277022)
(693.979180923168,443.50367614011316)
(693.9752545582138,443.436113282851)
(693.97177614972,443.36838359732803)
(693.9688285698348,443.30043638213857)
(693.9664832039196,443.23222609641596)
(693.9648006284563,443.1637112606019)
(693.9638316259552,443.09485290958645)
(693.9636184798026,443.0256125906295)
(693.9641964760334,442.9559499564286)
(693.9655955261835,442.88582008039543)
(693.9678418185199,442.8151707083529)
(693.970749017469,442.7479630485767)
(693.9744745608624,442.67985515420315)
(693.9790452494933,442.6106091032165)
(693.9861602155263,442.52166085021054)
(693.9979777584123,442.4004639793479)
(694.0073991388207,442.31372965955575)
(694.0174465933296,442.2290698326904)
(694.0286972445388,442.14148791347304)
(694.0412121333941,442.0508863795762)
(694.0550604686555,441.9572552523885)
(694.0703200170208,441.8606750857698)
(694.08707683154,441.76131628802744)
(694.1066081501888,441.65325184060606)
(694.1280451531244,441.5427363096391)
(694.1529352890602,441.4238753018241)
(694.1802247383662,441.3034936604441)
(694.2083396946584,441.1887821191314)
(694.236986651179,441.08046868726996)
(694.2697318299888,440.96644999088124)
(694.3049257041052,440.853749305434)
(694.338125660028,440.7551523831128)
(694.3731986424738,440.6585546710677)
(694.410062585225,440.56433300473674)
(694.4511149702888,440.46726799504546)
(694.4912346318537,440.3789230813121)
(694.5352909171164,440.28870776285567)
(694.5777323447048,440.20723753797364)
(694.620837706398,440.12933828889646)
(694.6642530922918,440.0550953206377)
(694.7048819553847,439.9887489747217)
(694.7450944466597,439.925659274977)
(694.7845293252691,439.86579696799515)
(694.8252869857957,439.8055452108005)
(694.8619400534604,439.7521457654303)
(694.8966577975955,439.701733551619)
(694.9290698594076,439.6541932787539)
(694.9588198740489,439.6093969755496)
(694.9871454604676,439.56457378652647)
(695.0103703810495,439.5250037984923)
(695.0310407086959,439.4854100982695)
(695.0487382920568,439.4439301869243)
(695.0612241702586,439.4011409442708)
(695.0668371672185,439.37015104428275)
(695.0685912988772,439.3375646611282)
(695.0659576301596,439.30558989185573)
(695.0588389204237,439.274215838527)
(695.0460741643988,439.2414145735371)
(695.0295238786617,439.21121763742843)
(695.0083926747399,439.1815373500885)
(694.9827165451238,439.15232547804874)
(694.954848280764,439.1254160995751)
(694.9231580432346,439.0988048569802)
(694.8849471648126,439.0705633630775)
(694.8457139068593,439.0443635253403)
(694.8030701592958,439.0182463523604)
(694.7571992841534,438.9921318366527)
(694.7083076989187,438.9659375926513)
(694.6566235431668,438.93958022340775)
(694.6023950262977,438.91297653878604)
(694.5458884638502,438.88604452132756)
(694.4873860288309,438.8587039529067)
(694.4271832625632,438.8308766409957)
(694.3655864048405,438.8024862157591)
(694.3029096141211,438.773457505527)
(694.2394721541566,438.74371553526026)
(694.1710136548778,438.71094395751845)
(694.1070243768429,438.67948327615073)
(694.043258396049,438.6470650220191)
(693.980028503049,438.6135998318714)
(693.9176403082839,438.57899144744937)
(693.8563905095932,438.5431358343816)
(693.7924207907613,438.5031601586477)
(693.7344332144631,438.46435976077726)
(693.670794466056,438.4179076936871)
(693.6101544247837,438.3691425376954)
(693.5562847718802,438.32085736177595)
(693.5056245441248,438.2697836995163)
(693.4612816959955,438.21942760680196)
(693.4200115760846,438.16611361030823)
(693.3819287407337,438.10955195397503)
(693.347133312731,438.04944829019473)
(693.3157136219991,437.9855165026334)
(693.2860418329129,437.9123245870482)
(693.2618727694103,437.83966065922584)
(693.2412876638285,437.7624429102304)
(693.2234320374187,437.6743034965902)
(693.2104402631453,437.5871955564788)
(693.2007987813668,437.4882286166014)
(693.1955160738642,437.39091094798744)
(693.1939519939631,437.2886607265877)
(693.1965609987292,437.17352020499504)
(693.2026709852294,437.06128657890815)
(693.2124122661694,436.94442001968577)
(693.2269780925947,436.8140934539652)
(693.2455724488789,436.6789065180736)
(693.2680714253441,436.539149917126)
(693.294326940349,436.3951499521576)
(693.3241664651877,436.24726580626646)
(693.3573929417464,436.09588725822846)
(693.3937848891244,435.9414328548324)
(693.4330966976809,435.78434855077165)
(693.4750591129663,435.6251068049968)
(693.519379917806,435.4642061040733)
(693.5657448285791,435.30217086553694)
(693.6138186315756,435.1395516569092)
(693.6632465971286,434.97692564865895)
(693.7136562226297,434.8148972020657)
(693.7611946580627,434.6647358355956)
(693.8123516298355,434.50569101536615)
(693.8633213890957,434.34917532531904)
(693.91368743442,434.1959039619901)
(693.9630314405715,434.0466198264426)
(694.0109386333656,433.90209205188796)
(694.0570040806883,433.76311358947197)
(694.1008399408605,433.63049765246643)
(694.1420836629622,433.5050728096617)
(694.180407069971,433.3876765125167)
(694.2155261730469,433.2791468415372)
(694.247211463466,433.1803122713304)
(694.2752983090445,433.0919792890109)
(694.2996969495848,433.0149177680545)
(694.3204014518998,432.94984411282235)
(694.3374968683588,432.8974023618654)
(694.3511637715058,432.85814367926815)
(694.3616793449174,432.8325049648599)
(694.3690565095295,432.8207022502261)
(694.3743647355336,432.82115349356906)
(694.3781787867629,432.8357010945998)
(694.3807002951296,432.86412648136576)
(694.3825494815003,432.9060532076123)
(694.3843633724009,432.960913791927)
(694.3867718629655,433.02795542367795)
(694.3903739228418,433.10625201233603)
(694.3957153518674,433.19472179784407)
(694.4032693099527,433.2921493876949)
(694.4134205699223,433.397210899106)
(694.4254113958239,433.50069534371596)
(694.4413121861994,433.6164450031446)
(694.46034294333,433.73558211911416)
(694.480850212797,433.8478464893148)
(694.505832148016,433.96761128554294)
(694.5315633069557,434.0772412865092)
(694.561573498595,434.1904331889002)
(694.5913515849146,434.2907500240116)
(694.6225086830077,434.3843503465414)
(694.6546242439464,434.4699817035115)
(694.6896224271337,434.5513174206797)
(694.7223364226884,434.61715936850936)
(694.7546697973869,434.67216403228764)
(694.7862126901555,434.7157241294205)
(694.8186579922512,434.7487350793778)
(694.8473971274392,434.76731439421917)
(694.8742888586698,434.77348775251727)
(694.8990730841438,434.7671978807683)
(694.922965512709,434.7462098362281)
(694.942770794393,434.7143634107864)
(694.9610053502341,434.66643750386544)
(694.9761844026689,434.6050797501322)
(694.9876771473133,434.53649873471784)
(694.9969814655066,434.45051071879277)
(695.0033914392073,434.35257456313315)
(695.0070792563702,434.24329040435947)
(695.0082698563176,434.12328825966773)
(695.0072356495017,433.9932192661893)
(695.0045880895482,433.8636231891694)
(695.0001639312559,433.7159930644954)
(694.9945325015399,433.5602094666997)
(694.9885501954433,433.4082604970624)
(694.9821763998256,433.250259600204)
(694.9757520561815,433.08668353149295)
(694.9696180555508,432.91798738246007)
(694.9641089857902,432.74460556565066)
(694.9595469300212,432.56695315425856)
(694.9562354520134,432.38542754102394)
(694.9544539096057,432.2004103757565)
(694.9544522385654,432.01226973456227)
(694.9575266270036,431.8164899641286)
(694.9637980044187,431.61385213589125)
(694.9733372255585,431.40511846691766)
(694.9861646435537,431.1910365799496)
(695.0022507616636,430.9723438575084)
(695.0215179696867,430.7497717070099)
(695.0438433168771,430.52404953571585)
(695.0690622169755,430.29590822458505)
(695.0969729278677,430.06608289001554)
(695.1273416037619,429.8353147328103)
(695.1599076864914,429.60435179453185)
(695.1943893883728,429.3739484722629)
(695.2304890241563,429.14486368277966)
(695.2678979742524,428.91785761514296)
(695.306301103907,428.69368706542593)
(695.3453805197723,428.47309940728206)
(695.3848186113347,428.25682531556964)
(695.4243003938614,428.0455704250706)
(695.4635152353823,427.8400061695557)
(695.5021581063801,427.64076010434854)
(695.5399305317467,427.4484060637148)
(695.5765414459973,427.26345453807596)
(695.6117081524462,427.0863436706897)
(695.6451575650076,426.9174312655231)
(695.6766278698601,426.75698816585)
(695.7058706879141,426.6051933073208)
(695.7326537540685,426.4621306732602)
(695.7567640627389,426.32778828959005)
(695.7780113681358,426.20205929968085)
(695.7962318783889,426.0847450639391)
(695.811291949188,425.97556014286386)
(695.823091567344,425.87413895183334)
(695.8315674174427,425.7800438247522)
(695.8366953435092,425.6927741928859)
(695.8384920487765,425.6117765731891)
(695.837015915974,425.5364550638347)
(695.8317762468706,425.461487625156)
(695.8238672538946,425.39586971509453)
(695.8132635825938,425.3325388050846)
(695.8000899236273,425.27080062767715)
(695.7844672018819,425.2099418975158)
(695.7665198401533,425.14924572200806)
(695.7463811746145,425.0880050692127)
(695.7241968830463,425.0255341321981)
(695.7001264512104,424.96117754490547)
(695.6743428345029,424.8943175029177)
(695.6470305684653,424.82437892024484)
(695.6183826439129,424.75083280973763)
(695.5885964937813,424.6731981114234)
(695.5578694439918,424.5910422124996)
(695.5263939647639,424.50398040798507)
(695.4943530268209,424.4116745451499)
(695.4619158234175,424.3138310805052)
(695.4292340681916,424.2101987575596)
(695.3940767363808,424.0922048128799)
(695.3612649846366,423.9758968025929)
(695.3285381634997,423.85327106405634)
(695.2936306361534,423.7144437424831)
(695.2589222958343,423.56808970460537)
(695.2267177051863,423.42495481356127)
(695.1924142110813,423.26400421046606)
(695.1605452987336,423.1072466095691)
(695.1287807037706,422.94398800083974)
(695.0970660620294,422.7742885509554)
(695.0653394950044,422.5982321347832)
(695.0335352073998,422.41592604014016)
(695.001587133829,422.227500763051)
(694.9694325951041,422.0331098518733)
(694.9346885767238,421.8181238302719)
(694.9019494381837,421.61190069093755)
(694.8617388803057,421.35336080432893)
(694.8282683293729,421.13541707513235)
(694.7950317621104,420.88638074128335)
(694.7662709395037,420.64161752028537)
(694.7397403907344,420.38564002075407)
(694.7154049596137,420.1195757516539)
(694.6932375230575,419.84457059214805)
(694.673232257565,419.5617951403249)
(694.6543296703879,419.2512716843564)
(694.6380509227698,418.9347302372645)
(694.62527424014,418.63544803524934)
(694.6151230080392,418.33367259677874)
(694.6078815839533,418.0308169841574)
(694.6039022118691,417.70677558945135)
(694.6039955699122,417.40641287931413)
(694.6092761600754,417.08884159891596)
(694.61961309751,416.79799266699825)
(694.6380554275848,416.4947638578643)
(694.6628252707276,416.22103592504243)
(694.6993595391825,415.9405114782149)
(694.7433373616949,415.6917670171358)
(694.8030223467533,415.44225374506357)
(694.8706182019922,415.22592500246384)
(694.9508147974083,415.02756128322557)
(695.051764806452,414.8369596785031)
(695.1592126016601,414.679073057041)
(695.2797236004463,414.5416608631413)
(695.4232974745853,414.4180081548662)
(695.5802824729076,414.3175200468295)
(695.7492409390684,414.23930119787724)
(695.9283981502872,414.1820272901376)
(696.1157148549667,414.14402420263747)
(696.3089683684818,414.1233607810773)
(696.5058352758844,414.11794550316665)
(696.7039700012136,414.12561850713064)
(696.9010752068298,414.1442326583099)
(697.0949617355719,414.17171990692106)
(697.2835972841891,414.2061415841953)
(697.465144046359,414.245723156046)
(697.6379861802322,414.2888751843398)
(697.800748222257,414.33420287856273)
(697.9523056045733,414.3805067848835)
(698.0917883494046,414.42677700923605)
(698.218578893095,414.4721830447046)
(698.3254988267176,414.5132533096055)
(698.4268513689836,414.555243196293)
(698.5152374120884,414.5920668572452)
(698.5908881326163,414.6236297679803)
(698.6541864820355,414.64994638767786)
(698.7056534978577,414.67112760556455)
(698.7459311991445,414.687368628467)
(698.7757629312179,414.69893733788473)
(698.7959719579493,414.70616309062)
(698.8074390286362,414.7094259095564)
(698.811079581537,414.7091460065057)
(698.807821192877,414.705773592828)
(698.7985818375935,414.699778961016)
(698.7842494904672,414.69164285635725)
(698.7656635552664,414.6818471963959)
(698.743598556923,414.6708662312921)
(698.7187504617376,414.6591582646889)
(698.6917259012461,414.6471580676947)
(698.6630344691181,414.63527011503413)
(698.6351368320529,414.6245982809027)
(698.6042775997716,414.61394936422425)
(698.5726590774213,414.6043714064679)
(698.540392765017,414.59610277321474)
(698.5074981682247,414.589332460158)
(698.4739108555302,414.5841989074281)
(698.4394920673697,414.58078943168226)
(698.4064595470218,414.57913594811885)
(698.3698005122405,414.57911060765883)
(698.3315828966462,414.5807690959045)
(698.291487195833,414.58399838724716)
(698.2491786610578,414.5886350591352)
(698.2043200815223,414.59446549851305)
(698.1565845164473,414.60122622552603)
(698.1092630126411,414.60806217182926)
(698.0589550884056,414.6151306918965)
(698.0054775913095,414.622103882501)
(697.9443745581347,414.62906925107916)
(697.8793570247744,414.6350510809363)
(697.8103919616126,414.63954032298795)
(697.7375298329498,414.64200482020914)
(697.6609104347907,414.6418988596268)
(697.5807665287159,414.6386730396093)
(697.5075021904792,414.6055406798271)
(697.4316778210342,414.53749793502135)
(697.3595459880645,414.439032808132)
(697.2921233189408,414.31223246255894)
(697.2341616802906,414.1709715274944)
(697.181928558252,414.0084457772915)
(697.1361429734494,413.8262875087618)
(697.0974763871551,413.626112833817)
(697.0665512758537,413.40952138890003)
(697.0439416516623,413.1780952913405)
(697.0301747323732,412.9333975952502)
(697.0257330836587,412.6769705431031)
(697.0322068324248,412.39053615954793)
(697.0484384308702,412.1145928071369)
(697.077965732129,411.81077962382915)
(697.1200169316064,411.50058879576164)
(697.1749247767654,411.1857734500755)
(697.2429646561228,410.8680619917542)
(697.3243512138301,410.5491638288874)
(697.4120293611513,410.2519345785229)
(697.5114964233923,409.9564878772003)
(697.6227699372553,409.66419922297655)
(697.7458111686332,409.3764505313602)
(697.8805234273318,409.09463276571375)
(698.0267510200745,408.82014573667425)
(698.1842788116145,408.5543939913432)
(698.352832260402,408.29877777044715)
(698.532077708125,408.05467821533506)
(698.7216226534651,407.82343638474015)
(698.9210157510925,407.60632620067224)
(699.14540965919,407.3913510591784)
(699.3635590462179,407.2071109646024)
(699.606596537461,407.0295840799666)
(699.8580639565467,406.87268961516486)
(700.1170036913659,406.7368661349321)
