Person 78
Starting Position = (161.931242177341,519.8194656115857)
(165.29100718560386,519.0583976859734)
(168.08574390202838,518.4253318621915)
(170.85927710441342,517.7974115070275)
(174.21597525398366,517.0392516944257)
(177.32148387794598,516.3382657104552)
(180.1438927791008,515.7012382758536)
(182.91099138544448,515.076895083219)
(185.69953100788254,514.4480523158244)
(188.47098258074777,513.8233936764166)
(191.2830742154139,513.1899599684356)
(194.07791029890421,512.5607383260595)
(196.81651641613078,511.94442316313825)
(199.57586576291888,511.32372331119615)
(202.2980551613073,510.71161560408376)
(205.19578512985268,510.06045131098887)
(207.94059215888018,509.443823536226)
(210.68635242021256,508.8271816108896)
(213.4138203667429,508.2148381885836)
(216.14230143817974,507.60246294306006)
(219.435097048281,506.86415293560196)
(222.55586559105234,506.1646510166933)
(225.42531851157636,505.5215233392444)
(228.13983555157358,504.91315029133614)
(231.12614783337207,504.24414527682114)
(233.90032951828042,503.6227449746127)
(236.59730630702163,503.01871694901075)
(239.31403456987667,502.41038975737524)
(242.10901560828177,501.78471671270046)
(245.27439599580396,501.07651996087634)
(247.95583911669127,500.4765842138923)
(250.59820664348914,499.8854359477388)
(253.24068754590272,499.2943461079539)
(255.90295650340502,498.6989388253452)
(258.9156788139857,498.0254545730067)
(261.813278001384,497.37783934312336)
(264.63376210118054,496.747546943405)
(267.24094379931904,496.1649323163483)
(269.84803034603306,495.5823942143231)
(272.47476311917035,494.99554865976245)
(275.08249354871697,494.4130260930363)
(277.6906257210822,493.8304951039662)
(280.3963693249925,493.22628665751864)
(282.9862129505595,492.6480115930899)
(285.5374647402864,492.07840158899666)
(288.8683929216164,491.33522846706825)
(291.8310958567592,490.67425085778905)
(294.52143900506434,490.0739873160359)
(297.2309066448796,489.46947611483864)
(300.2132028272468,488.8042735280772)
(302.9043420647252,488.2039853130422)
(305.34261325627716,487.66002033577286)
(307.81934092923615,487.10746474985933)
(310.4517262724222,486.5202606141587)
(313.0652499590589,485.9373046473979)
(315.4652667460388,485.4019117685899)
(317.88459978602356,484.8621900513783)
(320.26519335404583,484.3310848650208)
(322.7820590170561,483.7696241599689)
(325.3189360260888,483.2037242698622)
(327.661775967389,482.6810213450201)
(330.04344158220465,482.14961169982035)
(332.50311260323474,481.6007911721784)
(334.92428758124885,481.06050985435945)
(337.3262640371262,480.5244445999599)
(339.7673801839904,479.9795905821958)
(342.2282953759896,479.43025341002595)
(344.53387474418594,478.91542744175797)
(346.7616077896094,478.41780985966)
(349.06704524252984,477.90271851682644)
(351.2171328770728,477.42213768849604)
(353.38654100254496,476.93706982899755)
(356.02334690675525,476.3476481017062)
(358.5444486578293,475.78393253188545)
(360.87116894712796,475.26335412550986)
(363.08097134924026,474.7685867572693)
(365.17383888359274,474.29964712737325)
(367.40254482322666,473.8000158557852)
(369.5535964597574,473.3174720555519)
(371.6268400298369,472.852028070735)
(373.64164161322935,472.3993389065879)
(375.6951670469151,471.93760934377326)
(377.8264911016866,471.4580668008355)
(379.95801408597316,470.9781081497544)
(381.9924353591063,470.51955828319)
(383.96843091504195,470.07369783958154)
(385.8859633093783,469.64053869063963)
(387.82271403952643,469.2025641340843)
(389.7399418691425,468.76851459324456)
(391.63764060477064,468.33837968404106)
(393.55464995835047,467.90335492579607)
(395.47160575890285,467.46780289246584)
(397.3302345972627,467.04491872284046)
(399.20810559715846,466.61706608794117)
(401.08586677472766,466.1886215866731)
(402.9440991093442,465.7639810789644)
(404.8410163105326,465.32983316059097)
(406.7184398315739,464.8994279705275)
(408.576301188784,464.4727485272094)
(410.39514604387267,464.0542351758828)
(412.25254882147675,463.6260437529708)
(414.05156548831764,463.2104562952161)
(415.83089077575335,462.79854327744283)
(417.5905226920457,462.3902968695199)
(419.34985073729797,461.9812114780464)
(421.10890244967345,461.57125626306083)
(422.8483039124172,461.16491710369525)
(424.91736745923225,460.68067426904685)
(426.8509457386569,460.22694301745656)
(428.90084752522296,459.7446646344159)
(430.6790465761474,459.3249190216382)
(432.39838470597084,458.9177386787353)
(434.0202317723971,458.5323977876888)
(435.8156942071838,458.10457329291256)
(437.5528309302893,457.68937617057543)
(439.19281070433476,457.2961478095694)
(440.754905145884,456.9203967742415)
(442.31644718713477,456.54361635214855)
(443.8775461795466,456.1657994622483)
(445.47693971391527,455.77756667248826)
(447.07609666447917,455.38822748579855)
(448.6750288839127,454.9977619006341)
(450.3124110420027,454.5966973977746)
(451.79510070545325,454.2323410162458)
(453.27733658978497,453.8669417689696)
(454.77852036654383,453.49572540369667)
(456.26015211394474,453.12820911338775)
(457.7222378596485,452.7644209935033)
(459.1647878843113,452.4043907330968)
(460.6075515598599,452.0446962590425)
(462.01184389777956,451.69453903848813)
(463.41612425892964,451.3440666609376)
(464.82038401297666,450.99308394454107)
(466.2246193296953,450.6414440098914)
(467.62535355200026,450.2874289627774)
(469.00435612551706,449.9363237327731)
(470.3431561543648,449.5933855247433)
(471.6997317126836,449.2441271069388)
(473.036176225476,448.8985459179733)
(474.3527409822814,448.5567958357778)
(475.687895287719,448.2090474790068)
(476.98444618469466,447.8702951238597)
(478.2615702532322,447.53565319278005)
(479.5576101698193,447.1951637974994)
(481.0452039991998,446.8035833601354)
(482.30359643193987,446.47146775718215)
(483.561806993395,446.13859522348383)
(484.8199623918628,445.8049829094062)
(486.05902512118973,445.4757179281089)
(487.3172999810883,445.1406734884954)
(488.556640363793,444.8100197105805)
(489.8153347930333,444.4735827973288)
(491.01689431510124,444.1518062226852)
(492.60271060170913,443.72680921812844)
(493.9212833230565,443.37275710803397)
(495.35552510237113,442.9870402282702)
(496.7137008037728,442.6211169350815)
(497.91860379713177,442.29582738860137)
(499.10425115121564,441.97512973659815)
(500.2707251803613,441.6590594623144)
(501.43728314701906,441.3424505895057)
(502.58482835720906,441.0305207136713)
(503.92489878717805,440.66586800275513)
(505.1313034817039,440.33713266632105)
(506.280403527076,440.02357461408235)
(507.39128316635276,439.7200370909154)
(508.5023461207246,439.41607313232856)
(509.59443821637615,439.1169491168413)
(510.7060316217067,438.81216295748516)
(511.7987654564599,438.5122455733848)
(512.9494392587718,438.19619090977847)
(514.100588452207,437.8797703934864)
(515.2715362152908,437.55767987499246)
(516.3659578799463,437.25639483815206)
(517.4607101801314,436.9547895213192)
(518.5172749047815,436.6634846299797)
(519.5548470961744,436.3772120413418)
(520.5927029228094,436.0906766261959)
(521.6115973684875,435.8092072666903)
(522.6115025919386,435.53283118048535)
(523.6116934372407,435.25624340933183)
(524.6122089395284,434.97945212408086)
(525.6130787536754,434.7024675878067)
(526.6143247752382,434.4253019253094)
(527.6352991344702,434.142621565526)
(528.6373976408297,433.8651254605586)
(529.639892029796,433.58749642596484)
(530.6427859608573,433.3097523818155)
(531.6654486916578,433.0265574554329)
(532.8049679397212,432.7111105591273)
(533.7901655535962,432.4384403261998)
(534.7368075794544,432.17651333057717)
(535.6835680814378,431.91465880436897)
(536.6304752216337,431.65290191636814)
(537.5775480860618,431.3912702569557)
(538.5247980036745,431.129793485718)
(539.4722296135111,430.8685031459918)
(540.4392492572346,430.602096004348)
(541.3870896554018,430.3412754925185)
(542.3329528307933,430.08002765594676)
(543.2579389512377,429.82389054976477)
(544.1816772843407,429.56768988801815)
(545.1044323905018,429.3115687418875)
(546.1035100075715,429.03430396462625)
(546.9673390332251,428.79469807225036)
(547.8497942684334,428.5501978308827)
(548.7510263330099,428.30091423457236)
(549.6327033891224,428.05754335632656)
(550.5140663660575,427.8148638132169)
(551.4143793785288,427.56770347778547)
(552.2952839340664,427.32665886774475)
(553.175950434033,427.0865519120865)
(554.0371797415444,426.85265213579686)
(554.8981185696374,426.619816734029)
(555.7395747132782,426.3932611927342)
(556.5998466890828,426.1627797470626)
(557.4406123923288,425.93868562208985)
(558.3001198413596,425.71089550387893)
(559.1783634908444,425.4795883133554)
(560.3633388857979,425.1703469805802)
(561.3374805804812,424.91817885506913)
(562.4067675466342,424.64401449033045)
(563.2457043848743,424.4306502289645)
(564.0643462163245,424.22420080471295)
(564.881753843211,424.0199081403958)
(565.7169246468459,423.8132031844694)
(566.5507980609742,423.6089451460836)
(567.3643531073292,423.4117919992221)
(568.176482885728,423.21720209521885)
(568.9682335183007,423.02970151364065)
(569.7207502056868,422.85357952146495)
(570.4716890556692,422.67998177825706)
(571.3335864085687,422.4835962067615)
(572.1374225954777,422.3030567449718)
(573.0514153909174,422.1011447382049)
(573.8512764595556,421.92719904532953)
(574.63023177463,421.7604778037502)
(575.4622934967389,421.58542274377317)
(576.1985032715995,421.43264596640796)
(576.9130604003612,421.2864369331395)
(577.5879644504491,421.15026937707927)
(578.2780105864326,421.01305894896507)
(578.9649454563263,420.878464993532)
(579.6487373802295,420.74645325556577)
(580.3293374172493,420.6169759440645)
(581.0600968872288,420.48001161705776)
(581.8403153413462,420.33590917777235)
(582.5458127266058,420.20740891203235)
(583.2298690980932,420.0844379983406)
(583.9274069581109,419.96056324902895)
(584.6207242105068,419.8387935988192)
(585.3096465896045,419.7189725023215)
(585.976913277077,419.6038973811351)
(586.6225784668177,419.4948914815927)
(587.2467766334829,419.3913823332641)
(587.8663645818709,419.2901337763593)
(588.4646334116828,419.19347627217223)
(589.0746401069407,419.09569545450745)
(589.6633177125801,419.0017796895741)
(590.2631842127344,418.90617738417893)
(590.8577398992544,418.8112059072151)
(591.4468451447391,418.7165956169479)
(591.9989441501081,418.62731517857287)
(592.545807401065,418.5380498670463)
(593.0873791611563,418.44862111687655)
(593.6236259520575,418.35887314517055)
(594.1696582727009,418.2660201993969)
(594.6952042462135,418.17519134647205)
(595.2303178489694,418.08102536815016)
(595.7454016016189,417.98877963568617)
(596.2554633655841,417.89579963184997)
(596.76068639715,417.8020698006704)
(597.2755886234378,417.7047992960523)
(597.7576497352495,417.6123064255518)
(598.2357616202934,417.519203426938)
(598.6962648624515,417.4283486050267)
(599.1674142401346,417.3341958719932)
(599.6632345180719,417.2338304048509)
(600.3087871586674,417.1005844687102)
(600.7732547029402,417.00413213056015)
(601.235533752331,416.907736686385)
(601.6823216813035,416.81441472058765)
(602.1139300858266,416.72431991406427)
(602.5576866781026,416.63190899427616)
(602.9868282536604,416.54296066136834)
(603.4285004998759,416.452023805815)
(603.8694813953359,416.36203166877226)
(604.2964712939479,416.27584599603256)
(604.7364423627542,416.18818904743375)
(605.1627218525147,416.1045089075511)
(605.5753211093999,416.02482100003573)
(605.9876680557995,415.9465769929685)
(606.3998541965708,415.8698281612226)
(606.8119559262241,415.79460922410544)
(607.224034402304,415.72093767386303)
(607.636135281225,415.64881358707424)
(608.0617348664761,415.5759405225802)
(608.474081158178,415.5068323669011)
(608.8730416602419,415.4413516639038)
(609.2719268366033,415.3772104335534)
(609.6707316985361,415.314338985117)
(610.069436707949,415.2526582067218)
(610.4545972164601,415.19411014368177)
(610.8528741276793,415.1345524713883)
(611.2509211992314,415.0759080534107)
(611.64865920856,415.0180790985425)
(612.0459951499416,414.9609681227363)
(612.4428230102626,414.9044799983009)
(612.8390247045653,414.848523955234)
(613.2477792296528,414.7911286780624)
(613.6425792239405,414.73721410712596)
(614.0231964549588,414.6864515203891)
(614.4026301973458,414.63684267155367)
(614.7807119431566,414.58819806094175)
(615.1442107789777,414.5420075945823)
(615.5190176603021,414.4947945589398)
(616.0616637196149,414.4262145396693)
(616.4513294445674,414.3761985593327)
(616.8687532562201,414.3217054119061)
(617.273738578093,414.2680573658576)
(617.6653223350497,414.21554117585634)
(618.0427849040539,414.1644020274031)
(618.4447852484519,414.1093680590924)
(618.8187425467075,414.05775067516936)
(619.1902331912147,414.00610926643316)
(619.5462239915211,413.9563489149803)
(619.886728609043,413.9085476568966)
(620.2369441981255,413.8591564131683)
(620.5842586311555,413.8099556044479)
(620.9040727397775,413.76449938431324)
(621.2213259393766,413.71924206386757)
(621.5483503671837,413.6723675986174)
(621.861090982316,413.6273283766963)
(622.2080253478066,413.5769820901656)
(622.5174166110917,413.5318097328296)
(622.8373919193779,413.48473544873355)
(623.168316045743,413.43560334873325)
(623.5346062299608,413.3805379532057)
(623.8532726508231,413.3321922247345)
(624.1840092347361,413.28255690442546)
(624.4913098053144,413.23681986112075)
(624.7990042285426,413.1912790719304)
(625.0952611483968,413.14757660427995)
(625.3920444945918,413.103836291736)
(625.6894494931912,413.05994526429004)
(625.9754767348352,413.0176189257126)
(626.2741446945284,412.97319188341066)
(626.5735337653523,412.92835660558615)
(626.8614756540708,412.88492861409117)
(627.1620650125924,412.8391837489237)
(627.4632265846559,412.79290651900646)
(627.7648635776688,412.74608752685003)
(628.0546634776243,412.70069126760285)
(628.3567825541841,412.65287967718825)
(628.6468107277576,412.6065742168805)
(628.9245438427423,412.5619008790394)
(629.2384710645315,412.510905917378)
(629.5521725069176,412.4595014207087)
(629.8533069324359,412.40983800895043)
(630.1780198478482,412.35591253256314)
(630.4657592346218,412.3080078391962)
(630.764494765608,412.2581822747535)
(631.050130380288,412.2105695406608)
(631.3464138261477,412.1612563865564)
(631.6294771685317,412.11432585686845)
(631.9346698107222,412.0639424329894)
(632.2148454002622,412.01802143294884)
(632.4701675888714,411.9765625429559)
(632.7355438297079,411.9338969315736)
(632.9878805761091,411.89377534846795)
(633.250176467827,411.85253784637314)
(633.4996366015052,411.8137840252998)
(633.7477256954991,411.7757003432041)
(634.0057721193443,411.73652927761)
(634.2513802421311,411.69965860248175)
(634.4958601002194,411.66333381751065)
(634.739306298534,411.6274976396564)
(634.9707481658679,411.59372605498896)
(635.2013388053258,411.56033287931706)
(635.4311609695712,411.5272622205653)
(635.6602907722344,411.4944617077822)
(635.888796082129,411.46188439234896)
(636.1167354105112,411.4294903086018)
(636.3441573447715,411.39724761946303)
(636.571100557596,411.36513329840176)
(636.7975943930373,411.3331333272281)
(637.0236600009109,411.30124241781164)
(637.249311959581,411.26946329289046)
(637.4745602960836,411.2378055850114)
(637.6994127836572,411.2062844319301)
(637.9346384781755,411.17338492728965)
(638.1480608534697,411.1436809342024)
(638.3718005164601,411.1126896766382)
(638.5738289940473,411.08489975350426)
(638.7861635347265,411.05589056369354)
(638.9982205300772,411.02713128739094)
(639.2100597849103,410.9986240789533)
(639.4324147305791,410.9689211291535)
(639.6441100338465,410.9408774928831)
(639.8451615994225,410.9144833819727)
(640.046236685211,410.8883186342708)
(640.2474195911285,410.86236112768745)
(640.4487939982249,410.83658501412856)
(640.6504403890285,410.8109612096827)
(640.8524334074148,410.785457933916)
(641.0548392556116,410.76004127080694)
(641.2577132195341,410.7346757241361)
(641.4610973986279,410.7093247422857)
(641.6650186958083,410.6839511907885)
(641.8694871001906,410.65851775503546)
(642.0744942731637,410.63298725987454)
(642.2800124294828,410.60732289713843)
(642.4859934910928,410.5814883563215)
(642.6923684830283,410.5554478577073)
(642.8990471378539,410.52916609134485)
(643.105917676851,410.50260806947074)
(643.3128467412362,410.4757389042989)
(643.5196794537375,410.4485235274182)
(643.7262395986205,410.42092637108715)
(643.9323299158592,410.3929110350927)
(644.1377325121304,410.3644399650797)
(644.3422093976055,410.3354741688774)
(644.5455031635836,410.3059729958974)
(644.7473437082823,410.27589325932877)
(644.9369519915708,410.2468843582292)
(645.1247001686926,410.21732005723)
(645.3103268388129,410.18715525931344)
(645.493561608949,410.1563430509927)
(645.6741269315123,410.12483491929294)
(645.8517404648093,410.09258098261256)
(646.0261180256451,410.05953021775576)
(646.1969772055926,410.0256306633215)
(646.3549230622559,409.99285578754007)
(646.5181180783542,409.9571972670039)
(646.677022592161,409.9205286770812)
(646.8314113405522,409.88279508670473)
(646.9810899108537,409.843940921128)
(647.1259026828756,409.80390987761615)
(647.2657410872625,409.7626448806642)
(647.4005518482959,409.720088144434)
(647.5303447959965,409.67618141924225)
(647.6551997693903,409.63086649916056)
(647.7752721029448,409.5840860568601)
(647.8970188944245,409.53295371931785)
(648.0081467275413,409.48294082441015)
(648.1096389362716,409.4343097095147)
(648.2080731058179,409.3842445312456)
(648.3039128512045,409.3327146827021)
(648.3976751447967,409.2796981298079)
(648.4899222559001,409.225183154569)
(648.5812522183803,409.16916993210236)
(648.6722880682331,409.11167186303373)
(648.7636661713744,409.0527165911119)
(648.8560240163862,408.9923466512512)
(648.9442884075858,408.93436289988165)
(649.0402483812102,408.8714627165552)
(649.1450432920775,408.80346487990647)
(649.2473155518501,408.7381481744881)
(649.3533554764565,408.6718477873431)
(649.463569074219,408.60468733729317)
(649.5782936165364,408.5367996021659)
(649.6977928234437,408.4683248260364)
(649.8222535884541,408.3994090201264)
(649.9517841771262,408.3302023174711)
(650.0864137942324,408.26085742651526)
(650.2347126113528,408.1874113088128)
(650.3796794425227,408.11822727294265)
(650.5293498217875,408.04937740361106)
(650.6834507674331,407.98101168797115)
(650.8416437987283,407.91327669261494)
(651.0035295784476,407.84631459421183)
(651.168652875624,407.78026216849184)
(651.3365077383771,407.71524968013523)
(651.5065427871493,407.65139961873007)
(651.678166560142,407.5888252334257)
(651.8507528642828,407.5276288314541)
(652.0236461059669,407.46789982344796)
(652.1961665954736,407.40971252147534)
(652.3673358807333,407.3529914724538)
(652.526620215976,407.3009833595468)
(652.6835291952386,407.2503731592458)
(652.8375044883709,407.20116259160886)
(653.024578627645,407.1415820326982)
(653.2568396746799,407.0666756946328)
(653.4112075707787,407.0162976224205)
(653.5506019905882,406.969951101329)
(653.6830035748169,406.9246816107381)
(653.8078549208648,406.8803077782068)
(653.9246457923537,406.83662737773096)
(654.0329230829931,406.7934236213774)
(654.1323013110048,406.7504727661003)
(654.2271931989043,406.70497521170637)
(654.3115017084222,406.65921223880986)
(654.3885549141838,406.61030886970707)
(654.45369616812,406.56060370487603)
(654.5049045168079,406.5127134199372)
(654.5441828725145,406.46674192388105)
(654.5760344807081,406.41716045664896)
(654.5987953141714,406.3666956470768)
(654.6124158899053,406.32126249125054)
(654.6200442682763,406.27532543344904)
(654.6223754162411,406.22897773197053)
(654.6197598207913,406.17936554284586)
(654.613612029999,406.1325048411901)
(654.6038975201386,406.0826480906593)
(654.5927949827844,406.035830115208)
(654.5805674767759,405.98924785603305)
(654.5680261028797,405.94302494894214)
(654.5566371088512,405.90012458039126)
(654.5462138065722,405.85774131275656)
(654.5373055280353,405.8159487714805)
(654.5301265815318,405.772095480113)
(654.5258626065361,405.73169314027353)
(654.5244278331171,405.6920410104561)
(654.5261161020719,405.6531679361214)
(654.5311504295877,405.6150918064876)
(654.5405267022381,405.575374241018)
(654.5528951048722,405.53894144819134)
(654.5701895754793,405.50096069658747)
(654.5947804410838,405.45927014830943)
(654.6263497000363,405.41675967414415)
(654.6523809042405,405.3862644809253)
(654.683249367497,405.35446951489945)
(654.7168235199391,405.3234886746693)
(654.7527944971944,405.2932544157353)
(654.7935080246709,405.2617569421556)
(654.8333378134303,405.232834670671)
(654.8744398561624,405.20445511566453)
(654.9164119008769,405.17656051929083)
(654.9559887453514,405.15091831518055)
(654.9956380643114,405.1256365503847)
(655.0378252932494,405.09892481507626)
(655.0766076029745,405.07432428344515)
(655.1144972458734,405.05006033016474)
(655.1512137369208,405.02615506768205)
(655.1865007101812,405.0026478131954)
(655.2201298215933,404.979595941041)
(655.2519040612149,404.95707526566275)
(655.2816603739528,404.9351798984612)
(655.3092715130024,404.9140215422515)
(655.3346470812318,404.8937282106984)
(655.3577337503955,404.8744423851356)
(655.378514683762,404.85631864567216)
(655.397008221829,404.8395208355645)
(655.4142640668385,404.8232526991401)
(655.4282241849271,404.80975027394476)
(655.4401508471931,404.79809999224256)
(655.4501803326815,404.7884674740908)
(655.4584700152606,404.78100915378116)
(655.4651950630721,404.77586853414874)
(655.4708369047637,404.7731859195425)
(655.4749447790814,404.77324020469626)
(655.4784394543605,404.77679373587745)
(655.4810620081925,404.7839162496053)
(655.4830648342588,404.7937399519462)
(655.4848937177442,404.8066947206431)
(655.4866831445686,404.8214477053386)
(655.4887921110811,404.8387781707716)
(655.4914600527835,404.85856373656435)
(655.4949275465618,404.88064319738356)
(655.4994349986034,404.9048164239896)
(655.5057576371055,404.93284773203)
(655.5131890517696,404.96056787633137)
(655.5223798693626,404.9895343530951)
(655.5345291065647,405.0215994716911)
(655.5480731022187,405.05203428274905)
(655.5653702644455,405.08476122445813)
(655.5841059421745,405.1149852640128)
(655.6055930550448,405.14447124878683)
(655.6319632417127,405.17470967276205)
(655.6595875717373,405.2013260414653)
(655.6903143137805,405.225928123807)
(655.7269016386306,405.2494936331043)
(655.7672006187184,405.26980581183363)
(655.811224778425,405.286438655072)
(655.8589569943059,405.2990051646061)
(655.9103519580191,405.3071618989238)
(655.9653393291271,405.3106125123838)
(656.0238274466583,405.30911030555836)
(656.0857074497394,405.30245983736876)
(656.150857646329,405.29051766958025)
(656.219147965236,405.2731923261225)
(656.2904443301766,405.2504435547514)
(656.3646128052793,405.22228097831584)
(656.4415233784706,405.1887622189769)
(656.5210532714847,405.1499905727003)
(656.5974410913972,405.10938068445256)
(656.6816992489423,405.06093259719825)
(656.768283474775,405.0077675582174)
(656.857120183398,404.95013956902847)
(656.9481504731482,404.8883324570121)
(657.0413298226626,404.82265612651025)
(657.1366272726374,404.753442737863)
(657.2340241666509,404.68104285339393)
(657.3335125319876,404.60582158601676)
(657.435093183886,404.5281547824739)
(657.5387736349811,404.44842526921434)
(657.6445658866136,404.3670191846675)
(657.752484170941,404.28432241734265)
(657.8625427032355,404.2007171649958)
(657.9747534931995,404.1165786262915)
(658.0891242532886,404.0322718331493)
(658.2056564314938,403.9481486294751)
(658.3243433862515,403.86454480033666)
(658.4369484460746,403.7872550902265)
(658.5513646782671,403.710945673437)
(658.6760353070446,403.63055236536354)
(658.8027352341315,403.55177512264123)
(658.931397076112,403.4748355202772)
(659.0619375649352,403.3999255327497)
(659.194256633256,403.3272058425964)
(659.3282365819049,403.2568043676285)
(659.4637413170412,403.1888150295048)
(659.6006156482364,403.12329679085684)
(659.7386846436317,403.06027299274996)
(659.8683986445807,403.0036278012971)
(660.0081790943746,402.9453744443181)
(660.1485246325367,402.88947726845237)
(660.2798679027097,402.8392679131783)
(660.4207867235725,402.78755845989434)
(660.552239003429,402.7409711440028)
(660.6927713966253,402.6927548131102)
(660.8234126321635,402.64904620621695)
(660.953303063115,402.60642089583513)
(661.0822060371455,402.5646567997133)
(661.2189131568124,402.52060624358194)
(661.3450052123497,402.4798728453069)
(661.4693422800898,402.43928643746494)
(661.5916708695363,402.3986191669499)
(661.7201513346417,402.3546770227603)
(661.8375529563867,402.3131522968088)
(661.9522194073465,402.27093640365405)
(662.0639518596454,402.2278766193362)
(662.1801093877172,402.1806096544562)
(662.2852791014195,402.1354407236657)
(662.3941471547696,402.08576836016033)
(662.4991591193243,402.03482731538105)
(662.5938205766842,401.98624877052)
(662.6915064747154,401.9331165474873)
(662.7856267568407,401.8790866181485)
(662.876426502315,401.82440201100485)
(662.9642205803681,401.76935716003584)
(663.0493874598528,401.7142902036658)
(663.1269295902292,401.66319552727225)
(663.2082628811986,401.6091679119263)
(663.2885053986165,401.55622266056383)
(663.362916076549,401.5080785498089)
(663.4373834379908,401.4614898543415)
(663.5124868822382,401.4167085441136)
(663.5888281464416,401.3739507987738)
(663.667014463718,401.33339407128324)
(663.7476434270721,401.29517508820595)
(663.8312898931514,401.25938881284446)
(663.9184950974844,401.22608835595486)
(664.0097580130605,401.1952857829819)
(664.1057508112709,401.16700883397294)
(664.2069071213415,401.14121423649743)
(664.3136216669279,401.117831316963)
(664.4262444282311,401.0967622464824)
(664.5450769465774,401.07788318478856)
(664.67037042952,401.06104617795756)
(664.8023253247239,401.046081654856)
(664.9410920540307,401.03280136799594)
(665.0867726296027,401.02100163356045)
(665.2394229078142,401.01046673985024)
(665.3990552707438,401.000972410905)
(665.5656415578969,400.9922892306921)
(665.7391161010703,400.9841859516677)
(665.9193787425335,400.9764326287427)
(666.1062977407672,400.9688035351606)
(666.299712488943,400.9610798301978)
(666.4994359893411,400.9530519598535)
(666.705257042274,400.94452178086345)
(666.9169421211086,400.93530440561943)
(667.1342369159861,400.9252297711366)
(667.3568675381317,400.9141439393504)
(667.5845413845469,400.9019101390247)
(667.8169476696838,400.8884095617002)
(668.0537576367343,400.8735419256778)
(668.2946244667544,400.8572258232883)
(668.5391829093338,400.8393988678921)
(668.7870486642892,400.8200176584179)
(669.0378175503004,400.79905758099545)
(669.2910645039263,400.77651246954105)
(669.5463424614096,400.7523941501431)
(669.8031811864408,400.7267318978327)
(670.0610861198254,400.6995718387674)
(670.3195373418521,400.6709763358501)
(670.5779887549792,400.6410234009998)
(670.8358676128594,400.60980618215797)
(671.0925745410096,400.5774325768658)
(671.3655682479277,400.5415609967496)
(671.6178650244084,400.50719448838635)
(671.8682789321192,400.47235288442556)
(672.1160076024138,400.4372665555487)
(672.3602626653498,400.4022126877286)
(672.6002811546449,400.36751889966234)
(672.8353387895455,400.33356610962886)
(673.0647648333982,400.30079015705184)
(673.2879580681031,400.2696816367124)
(673.5044032655215,400.2407834000839)
(673.7136874003178,400.21468523273876)
(673.9155147542118,400.192015338403)
(674.109720028055,400.1734284501197)
(674.2962786187738,400.1595906377118)
(674.475313337543,400.1511611683138)
(674.6470970368268,400.1487720731852)
(674.8120508595595,400.15300634410005)
(674.9707380975211,400.16437589123336)
(675.134475401717,400.18529587501416)
(675.2826011311088,400.2126961680808)
(675.4269515640533,400.24814463799584)
(675.5785597606006,400.2954524283152)
(675.7284254192747,400.3519326303983)
(675.8678444687632,400.41231149110433)
(676.0181247436392,400.4853565205625)
(676.1602443741876,400.56020703573336)
(676.3053145709084,400.64108310915634)
(676.454388052683,400.7272458502998)
(676.6084628496989,400.8178888121945)
(676.768469138116,400.9121611891937)
(676.9352577149623,401.00919141652724)
(677.10958998422,401.1081101490278)
(677.3059102459644,401.21526891972167)
(677.4979370016572,401.3154684005988)
(677.7451183267438,401.4362179806424)
(677.9582602875117,401.53430917872697)
(678.206492213906,401.63683704884755)
(678.473571011932,401.736205370139)
(678.7382934696166,401.8258429678505)
(679.0175127960797,401.91212263958806)
(679.310207208219,401.9948718108929)
(679.6152823633851,402.07397289610736)
(679.931569903701,402.149337456113)
(680.2818942049803,402.2256722046311)
(680.6420314116604,402.2974610641381)
(680.9852105024664,402.36035568664795)
(681.3339713420281,402.41890258570976)
(681.6867774801188,402.4727706646645)
(682.0675689641666,402.5245750086203)
(682.4236404276561,402.5672192139211)
(682.8039152241588,402.6055370648064)
(683.1559248796632,402.63408079227275)
(683.5276667630202,402.6553106066251)
(683.8680701030431,402.66601793137596)
(684.2232442631915,402.6658690262137)
(684.5447198871549,402.654660905247)
(684.875870533925,402.62893294934656)
(685.1719796434259,402.59230340140067)
(685.4539970444966,402.5426263347628)
(685.7389431899171,402.47425520648756)
(685.9892952488314,402.39753143720776)
(686.2237540393627,402.3085350193148)
(686.4567120124083,402.2003191434011)
(686.6717824200712,402.0810550442331)
(686.8696330798065,401.9530132745198)
(687.051176916808,401.8188311725667)
(687.2175019138633,401.68139907999074)
(687.369801254146,401.5437325435405)
(687.5093104352993,401.40884110155685)
(687.6372561612897,401.2796031635258)
(687.7548194674227,401.15865458547114)
(687.8631132825834,401.04829633438453)
(687.9631728194128,400.9504244797919)
(688.05595598364,400.8664838337149)
(688.1423504430384,400.79744494022833)
(688.2231840254312,400.74380279531914)
(688.2992355879002,400.70559465452953)
(688.371244246281,400.6824335700421)
(688.4399157023911,400.6735539040655)
(688.5016472961461,400.67673445374453)
(688.5657306419994,400.6920875375503)
(688.6483522306696,400.695477759396)
(688.7487029060427,400.68742304407687)
(688.8659708584347,400.6684367469918)
(688.999340136232,400.6390301088995)
(689.1479925837946,400.59971500932147)
(689.311112623745,400.5510068953565)
(689.487894279049,400.4934278142938)
(689.6775498145241,400.42750950089305)
(689.8793193738154,400.3537964665545)
(690.0924810005462,400.2728490128982)
(690.3163604638573,400.18524605348085)
(690.5503403597635,400.0915875829973)
(690.7938680297439,399.99249659273886)
(691.0464619240652,399.8886202037314)
(691.3077161350807,399.780629783219)
(691.5773029292948,399.6692198322312)
(691.8549732093423,399.55510548500865)
(692.1210185471941,399.4468598159665)
(692.4138849304616,399.3296035178709)
(692.7145343747771,399.2118158468931)
(693.0229939442971,399.0942417274456)
(693.3393442927984,398.97761542117706)
(693.6637101839289,398.8626523143762)
(693.9962498547676,398.7500412798752)
(694.3138886086602,398.6475297500021)
(694.6627458583663,398.5412870443237)
(695.0203167211406,398.43921714742976)
(695.3867636284086,398.34186376128184)
(695.7622089229205,398.24973740817853)
(696.1467123075372,398.163324210254)
(696.5402431846519,398.083098497887)
(696.9152456775223,398.0139941134468)
(697.2976955128354,397.9510728571149)
(697.6871643021325,397.8947701226725)
(698.1117985543336,397.8426151293841)
(698.5426249229305,397.7992109819919)
(698.9780351551103,397.7651006429848)
(699.4159112548783,397.74066851242554)
(699.8536610981464,397.72596157446685)
(700.2884054790849,397.72051079746245)
