Person 41
Starting Position = (190.9731825194699,339.3604213040021)
(194.94503580340117,339.81089732353587)
(198.2642013172474,340.1890772515816)
(201.57154315367083,340.5664914146336)
(204.6596473758196,340.9196110547737)
(207.75491513097793,341.27387191737733)
(210.79288662830672,341.62188734515746)
(213.75181756817798,341.9612002299819)
(216.73128799300372,342.3030513426909)
(219.67099983078396,342.6405814977153)
(222.63097155969714,342.9805921046531)
(225.5911619211937,343.32079683021317)
(228.5314944844447,343.6589447854252)
(231.4318782998385,343.99279332630726)
(234.33237871001555,344.3269101366133)
(237.41360061498645,344.68169227305253)
(240.31460037281147,345.0162229026004)
(243.23567754621928,345.35340965909563)
(246.11673687024228,345.68638024343636)
(249.01792600754828,346.02200188601427)
(252.3209251167997,346.403374105756)
(255.36339889540585,346.7554082315109)
(258.2853719054714,347.0943087203217)
(261.12695140977576,347.42463208585133)
(264.2294262720523,347.7853067361859)
(267.2518804044508,348.13724407665853)
(270.17398144983713,348.4782871876363)
(273.01569377178043,348.8107731550533)
(275.7970646517599,349.13700043224827)
(278.5983570662473,349.4662346058146)
(281.3795287409202,349.79380678920626)
(284.16062615635536,350.1220714377932)
(286.9416568108635,350.4510515295813)
(289.70254943878166,350.7784377784317)
(292.4833960234732,351.10896269647986)
(295.22402759423596,351.43559735527464)
(297.9644952764089,351.7631054548871)
(300.7048063115222,352.09151505039665)
(303.42489302151574,352.4184880284452)
(306.144775699775,352.7464447324219)
(308.8845102552369,353.0778125748528)
(311.6441105066982,353.41264191061794)
(314.3633935657708,353.7437782760008)
(317.0422749973409,354.07126100614363)
(319.72080971633204,354.3999587811092)
(322.699985022439,354.7663274431132)
(325.4986310034643,355.11209398484436)
(328.276749293432,355.4569205408861)
(330.91409275093264,355.785999605171)
(333.6911150835969,356.1339487682206)
(336.407673749848,356.47597008457655)
(339.06363773936874,356.8120787723485)
(341.6589657128872,357.1422383774804)
(344.17364312667223,357.46385294356793)
(346.667692698803,357.7844698488255)
(349.1811847729883,358.109169852892)
(351.6741831980486,358.4328298827825)
(354.1666692352446,358.75803183085645)
(356.6986479715608,359.08998206965424)
(359.1701965889944,359.4157000736738)
(361.5612559268795,359.7325155237323)
(363.9716625239912,360.0535230871094)
(366.3615595075412,360.37342217737705)
(368.77088273992695,360.6975160041844)
(371.1397819682125,361.01779323739487)
(373.4881755060548,361.3369000107422)
(375.8160722275089,361.6548007294674)
(378.1035385366353,361.96873903652164)
(380.39044816192967,362.28411093512364)
(382.69678340705434,362.6036339737632)
(384.94286083468194,362.91629418139837)
(387.1684803305376,363.2275460384269)
(389.41350848551446,363.5428971084409)
(391.73778525225714,363.87070486549493)
(394.2212272325126,364.22219629477627)
(396.485315459519,364.5441879730953)
(398.7686861691031,364.8703484771156)
(400.9719238655612,365.1864608400535)
(403.13480105980045,365.4980976253879)
(405.57588957976634,365.85083381222546)
(407.8178440586121,366.1761395886906)
(410.0194747598603,366.496864905039)
(412.121175580624,366.8042508843448)
(414.2223065268785,367.11265586620254)
(416.26337342761985,367.41329014460274)
(418.3039711391432,367.7148157304373)
(420.3441786020756,368.01718318361134)
(422.3641882346825,368.31741965090146)
(424.3441583372191,368.6125378763046)
(426.32377057932433,368.9083801570496)
(428.3229170873085,369.2078660994518)
(430.28212475891587,369.5020885937919)
(432.2410289457212,369.79694302157657)
(434.120332958215,370.0804962978782)
(436.0191027132199,370.3675990045918)
(438.0167540871012,370.6701656436087)
(439.91515310696985,370.9582870154198)
(441.7736117346616,371.240913120527)
(443.63175115363265,371.5240111536332)
(445.4896160274275,371.8075530560764)
(447.30761598432855,372.0854899697392)
(449.2243856429293,372.37890710032116)
(451.04200410387386,372.6575993509452)
(452.8593289216534,372.93666359453687)
(454.6368001662365,373.2100186611045)
(456.41397845086,373.4837054919)
(458.1711077948192,373.75466661009216)
(459.92797058582704,374.02592280990274)
(461.80333478693296,374.31571086800494)
(463.79748425188683,374.6240080875692)
(465.5739447056523,374.8990426503176)
(467.34999862251254,375.17436076997956)
(469.1059290766443,375.4468847018062)
(470.7824489520408,375.7074181134773)
(472.45856522300943,375.9681830121932)
(474.29247098988475,376.25366264466345)
(476.1065182504967,376.5362636815192)
(477.80179055149307,376.8006530096953)
(479.49666158519324,377.0652415869733)
(481.1714239579132,377.32694144399693)
(482.8063425826728,377.58266369092894)
(484.4211401818328,377.8354723202228)
(485.9763832068484,378.0791923471512)
(487.5114946705813,378.31997363594434)
(489.065922992919,378.56397163540396)
(490.6002984989397,378.805003380366)
(492.13431944118986,379.04614735389197)
(493.6876976885244,379.29048365717074)
(495.1816753876521,379.52564289786653)
(496.6949555853038,379.76398461072955)
(498.1882009919936,379.99931300476055)
(499.66139865196845,380.2316194437)
(501.1145418341351,380.46089437815533)
(502.586955823677,380.69331936049383)
(504.0196834170744,380.919592505614)
(505.4323546556538,381.14280169532117)
(506.844614262356,381.36603266356485)
(508.25647215964483,381.58927108533044)
(509.66793219501983,381.81250177005853)
(511.05936602011053,382.03261145548225)
(512.4503835454507,382.252682304968)
(513.7821481606675,382.4634080748545)
(515.1330639728699,382.67716041850036)
(516.4639540110659,382.8877243972468)
(517.9512051376456,383.1228920219813)
(519.2813901595838,383.3331639820344)
(520.6110835315746,383.54326241729825)
(521.920725797665,383.75007036191596)
(523.2298858361423,383.9566392952223)
(524.5385713048788,384.1629269198512)
(525.8467846120566,384.36888614494825)
(527.1545241072641,384.5744643321186)
(528.4617849232518,384.7796024705476)
(529.7294878839327,384.97813125826383)
(530.977150458228,385.1730742501147)
(532.5562246797223,385.4187662295186)
(533.8617126540297,385.62122359738953)
(535.1470629613423,385.81980994437237)
(536.4317774511791,386.01742946380915)
(537.696384536397,386.21099251165697)
(538.9408888243469,386.40041413014995)
(540.1652955036469,386.58560553246065)
(541.3501690112355,386.763583488848)
(542.5538167842545,386.94292654942444)
(543.9705327671861,387.15158950223963)
(545.2894806690683,387.34353314440654)
(546.5300182182605,387.5217848065682)
(547.7890925515665,387.7000305748898)
(549.0085307949516,387.86986754618744)
(550.2270365665644,388.03643766216203)
(551.3672220653569,388.1892788681587)
(552.5257408073343,388.3410919993198)
(553.6253319363205,388.4817623949262)
(554.7435991214779,388.6217332384391)
(555.8033210068819,388.7512121302606)
(556.862267338075,388.8770183338592)
(557.9396037846885,389.00085413364116)
(558.9967660591726,389.11796625327736)
(560.0721069698706,389.2320774059327)
(561.1271244519137,389.33880276577435)
(562.1809189294238,389.4397692992323)
(563.2142537033747,389.5329843989851)
(564.2270811154602,389.6184414181513)
(565.2574871254976,389.6988765103897)
(566.2671961245622,389.77114511132976)
(567.2751529725778,389.83645692098736)
(568.3001616089449,389.8954995554215)
(569.3230316620115,389.94683675698997)
(570.3435798196592,389.9903163032109)
(571.3239919102238,390.0248659882842)
(572.3018893545043,390.0520502263212)
(573.2770876603159,390.0718788272892)
(574.2493958005556,390.0844169794941)
(575.2000381401342,390.0898427771052)
(576.1290097964359,390.0887292155346)
(577.0547728571238,390.0813569705262)
(577.9771485243783,390.06793487507696)
(578.8959584438047,390.04869940834243)
(579.8110258996725,390.02390713281136)
(580.740316408074,389.99308874513054)
(581.6653482639705,389.95703682717436)
(582.5320507551603,389.91889987137097)
(583.4125832934562,389.875922920677)
(584.270958974902,389.8303415801347)
(585.1250217409696,389.78163223915845)
(585.9922555681685,389.7289613745228)
(586.8372338614108,389.674852319335)
(587.6949460161833,389.6172012809469)
(588.5130488098712,389.55989846695905)
(589.309207076044,389.50200068861676)
(590.0835873023906,389.4436787140756)
(590.8533679821328,389.3836568107876)
(591.6184152037205,389.32189023768353)
(592.3785941400104,389.25831740469954)
(593.1337725846736,389.1928720892149)
(593.8838243648088,389.1254965266326)
(594.7108193701538,389.0479703699674)
(595.4497443543171,388.97627013156597)
(596.1832164977895,388.9026889712715)
(596.9111747049908,388.8273335024071)
(597.7451650540515,388.737753944981)
(598.5245376345629,388.6516917296185)
(599.2660935907857,388.56814274741765)
(599.9861675472977,388.4859185161593)
(600.7006570568166,388.4037671220767)
(601.4097152203346,388.3222834265458)
(602.1128997727089,388.24017670113653)
(602.7802659533796,388.1620223395414)
(603.4275953212668,388.08686837657183)
(604.0553283203748,388.01543109963694)
(604.678631591205,387.9467057716975)
(605.2975699720344,387.88140311073965)
(605.9121508086661,387.8201793462325)
(606.5802352008599,387.75867030854545)
(607.2287103005968,387.70443516186214)
(607.8718223912447,387.6565855861464)
(608.4951043967246,387.61617194571323)
(609.0984992254143,387.58285546701563)
(609.6819734813895,387.5561547319214)
(610.2592063239163,387.53512832178075)
(610.8028304044376,387.5199769874283)
(611.3400606628054,387.5093918793011)
(611.8574653149183,387.5030493156253)
(612.3682609967027,387.5003151495523)
(612.8722414521094,387.5008011518006)
(613.3691979032262,387.50411506725334)
(613.846449608171,387.50963839941323)
(614.4514096735469,387.52056662320473)
(614.924848375192,387.53083139591126)
(615.3898929819331,387.54235034350944)
(615.8230315499095,387.5540838714904)
(616.2591609866641,387.5667939705432)
(616.6751868745068,387.5795424568017)
(617.0932870128374,387.5928546151817)
(617.4915999723678,387.60577068139366)
(617.8917867048965,387.6188098891917)
(618.2735101760034,387.631040210753)
(618.65829714974,387.6429514326368)
(619.027368121113,387.65372989074996)
(619.402425535706,387.6638514547058)
(619.7657776699601,387.67270601432415)
(620.1294501600008,387.6805505278376)
(620.5056839372706,387.6876046335787)
(620.8663609313312,387.6933915376359)
(621.2329331683485,387.69834187253906)
(621.6067225127105,387.7024950820883)
(621.9777470389878,387.7057665398279)
(622.3680483403041,387.7082863005379)
(622.7671419148365,387.7098472469337)
(623.1747657839687,387.7102713304971)
(623.5903343672902,387.7093203909916)
(624.0250481536601,387.7065859113741)
(624.4419069863033,387.7020357817188)
(624.8511846994896,387.69539877348035)
(625.2639114760635,387.6861787820104)
(625.6668817630213,387.67448748510316)
(626.0715612232108,387.6597954428377)
(626.4773861629956,387.64191982946215)
(626.8839279567371,387.62077218018754)
(627.2909097402908,387.59637072762234)
(627.698213722239,387.56884524060655)
(628.1058787949255,387.53843404649126)
(628.5140885652725,387.5054735654513)
(628.9231504202661,387.4703813186686)
(629.3334667428642,387.43363391298294)
(629.783461699977,387.39216152323974)
(630.1981671575144,387.3535774997041)
(630.602728834403,387.31610053566686)
(631.0100867842523,387.2789732798375)
(631.4205222371005,387.24255554367824)
(631.8341947295831,387.2071430955652)
(632.2378964132956,387.17399737274604)
(632.657736405595,387.1411550969056)
(633.0803570422452,387.10976042968144)
(633.4917913784626,387.08071667965515)
(633.9180881094259,387.0521243855942)
(634.3450936992815,387.02480070925253)
(634.7717752981584,386.99857878334495)
(635.1836353751557,386.974033069335)
(635.6061458725875,386.9493810866955)
(636.0247828540516,386.9251900347419)
(636.4254724984224,386.90200014733404)
(636.8292437781914,386.87970377427746)
(637.2107747161045,386.8592388122994)
(637.5709030114691,386.84015258432885)
(637.9222350345157,386.8215017381507)
(638.276624310747,386.802476764404)
(638.61223425257,386.78420513135666)
(638.9524971182548,386.76550207810055)
(639.2768880008327,386.7477314970455)
(639.6085625484627,386.7300208984959)
(639.9276770994254,386.7138989440214)
(640.2572228078976,386.6988505226846)
(640.5772970559455,386.68636945251006)
(640.9108219215967,386.6763387111748)
(641.2371797680075,386.66994135532894)
(641.5677352468178,386.6686664816888)
(641.9377612643674,386.6738246564929)
(642.3502602701898,386.6875892637405)
(642.7474709672143,386.70799671528397)
(643.127666448808,386.73378641804425)
(643.5140332351098,386.76609858324093)
(643.8937124005112,386.8033813906515)
(644.2657916528977,386.8448583508378)
(644.6551144959839,386.89318541565484)
(645.0489482550166,386.94656277956557)
(645.4469256837367,387.0044482348984)
(645.8618626468744,387.0682836485028)
(646.2669784940464,387.133110264003)
(646.647860099553,387.1955503098648)
(647.0300065799526,387.25895913002364)
(647.3993662996875,387.32031011004204)
(647.7551401901587,387.37893421083015)
(648.1363582601435,387.44064628239846)
(648.4764096165216,387.4945520687075)
(648.8272503974598,387.5487573457987)
(649.1624015576199,387.5992605302129)
(649.5712462812666,387.65901465438407)
(649.9378430771785,387.71173946918844)
(650.2876901427938,387.761996393028)
(650.6700582931534,387.81781646939186)
(651.0226504896483,387.87135833919547)
(651.3457347908828,387.92336844148963)
(651.6745997897143,387.98061755643687)
(651.9962517836486,388.0421902586028)
(652.3093767720421,388.10902718449734)
(652.6123964677374,388.18196220339576)
(652.9035382892187,388.26168938858274)
(653.1714107745421,388.34538778457556)
(653.4338019318942,388.439816527951)
(653.6682790553932,388.5387362396177)
(653.876431449044,388.64103538374076)
(654.0604576365107,388.7454543373211)
(654.2354525943543,388.8598514110924)
(654.3900416291323,388.97426538795474)
(654.5330654141474,389.09196082639477)
(654.6671586822991,389.2116074234621)
(654.7953968065083,389.3317266968549)
(654.9161330779292,389.4460088800965)
(655.0427943017111,389.56239154605845)
(655.1683873941026,389.6701841799038)
(655.3009676255181,389.7727204059119)
(655.4368858960622,389.8650407243352)
(655.5907370271128,389.95395380980176)
(655.7585944514269,390.0346141948612)
(655.9419769595355,390.1063924806422)
(656.1418958608112,390.168926408749)
(656.3491306068094,390.2201951965467)
(656.5721436576,390.2628713581408)
(656.8107276824827,390.29716586661107)
(657.0526679352034,390.3225599484541)
(657.3199724635716,390.34138687786213)
(657.6007102911584,390.3528921836745)
(657.893807410784,390.35748954515554)
(658.1980968969896,390.3555989275246)
(658.5123588789113,390.34764725291353)
(658.835351681714,390.3340749412846)
(659.1510880302783,390.3163721378117)
(659.4875000524786,390.2931820200606)
(659.8290222885676,390.2658486847566)
(660.1592071464516,390.23645154971393)
(660.693122889642,390.18277373880954)
(661.0447560886124,390.14564532652025)
(661.3960053416873,390.10739228321916)
(661.7456943854473,390.06878451696423)
(662.0775871763169,390.03226980322)
(662.4206542854605,389.9953281890711)
(662.7481633981192,389.9603615524236)
(663.0588737254102,389.928283809523)
(663.3811329683157,389.8971056348323)
(663.6846603027481,389.87054416838856)
(663.9972279426727,389.84724463862887)
(664.3036101633293,389.8296695635811)
(664.5896781142287,389.8191358283147)
(664.8557909961415,389.8156401662478)
(665.1151771925998,389.81946837467564)
(665.3797766220039,389.83235283404576)
(665.6243225128782,389.85334123204314)
(665.8725545067638,389.8855385469654)
(666.1118455588287,389.92829620144937)
(666.3312363014629,389.97876585941543)
(666.5519465245293,390.04240991525205)
(666.7530950041153,390.11235905066997)
(666.9541972550256,390.1954366278747)
(667.1364576722139,390.2824144951109)
(667.3177331275285,390.3811627493136)
(667.4813806382392,390.48054943671207)
(667.6373871979174,390.58389474234826)
(667.7790049519658,390.6840801884059)
(667.9213593581076,390.79003496216876)
(668.0511765023166,390.8895264446804)
(668.1827027114309,390.99133899569046)
(668.3039003538399,391.08403481565364)
(668.4222783465087,391.17156661003736)
(668.5448958716702,391.25698064964104)
(668.6606249056788,391.33136110011975)
(668.7828147357475,391.40176918238035)
(668.9003009885754,391.461435917279)
(669.0267635864756,391.51648427407713)
(669.1504778560821,391.5622420565019)
(669.28587063863,391.60396035135096)
(669.4201301857785,391.6386877108638)
(669.5688016567555,391.6709901498031)
(669.7174802339943,391.6990195633404)
(669.8831306533507,391.7269256338906)
(670.049323243206,391.7532247096428)
(670.2346646099556,391.78195194703324)
(670.4204015922187,391.81125981157186)
(670.6159976819395,391.8434837208393)
(670.8329584007712,391.88145295326746)
(671.0608809234387,391.92409022418076)
(671.2869923470338,391.96914221255787)
(671.5353438912659,392.0217172948874)
(671.7800840355084,392.0762052669801)
(672.0469852193653,392.13824778101156)
(672.3082474321351,392.2009238555276)
(672.5772638470465,392.2671413662675)
(672.838859559723,392.3325899271341)
(673.1226338536896,392.40423482201606)
(673.3983641360221,392.47399282632136)
(673.6811881201835,392.54529537874566)
(673.9880193662933,392.6219807759377)
(674.2862759602676,392.6956721932405)
(674.5923174863266,392.7702710976951)
(674.9243378422207,392.8499783672061)
(675.2469121254976,392.9263602404013)
(675.5775186477134,393.00370267221507)
(675.9354580106874,393.08660079983514)
(676.5253697018046,393.22169013430806)
(676.9068804322623,393.3092791045654)
(677.2748286414335,393.3943778050646)
(677.6487639930003,393.48187841258846)
(678.049567328611,393.577210414162)
(678.4339347822327,393.67042060519964)
(678.8222268316024,393.76670092006793)
(679.2356882594246,393.87187838962)
(679.6358156688999,393.97848399763694)
(680.0428347013323,394.09149106772486)
(680.4319422352846,394.20333113550777)
(680.8244113565652,394.31956675501056)
(681.2422848475655,394.44659740082403)
(681.6609029842169,394.5764761002316)
(682.0555197472446,394.70062071959444)
(682.4481733830713,394.825110488526)
(682.8605112556944,394.95588690843044)
(683.2545968674671,395.0654524416345)
(683.6740070319803,395.167899465064)
(684.145680968195,395.26823551889294)
(684.6101237366726,395.3547873535391)
(685.0926861630736,395.4330901777618)
(685.6231957074064,395.50649397381)
(686.1356321226406,395.5665055969364)
(686.6588260906206,395.61700210564493)
(687.36052707912,395.66581092800914)
(688.1066770164708,395.6968366190598)
(688.7895359848688,395.7081064338098)
(689.4047841047719,395.7046268850966)
(690.0866332362143,395.68430731355556)
(690.6966404538791,395.65381751270064)
(691.268093027844,395.6154886878974)
(691.8338998532372,395.5693148354622)
(692.3933532065131,395.5174095626607)
(692.9460071835239,395.4622460026608)
(693.4916627194183,395.40654956083034)
(694.0616627877596,395.3501219233577)
(694.5932784103965,395.3020715977046)
(695.11858805151,395.2617832286166)
(695.6381302229285,395.2313557419496)
(696.1825122773113,395.21188053089907)
(696.7219114980387,395.20614037206064)
(697.2274356596097,395.2130819919357)
(697.7294653670552,395.2317598298395)
(698.2574058704946,395.2632527489184)
(698.7816810753071,395.3043083699551)
(699.244423417507,395.346311221969)
(699.7319062010714,395.3948147270745)
(700.2144493677916,395.44459306945396)
