Person 65
Starting Position = (439.65861849940256,151.20395140581886)
(442.2049203569013,153.63726095297454)
(444.32271292125796,155.66114953173712)
(446.42227488823363,157.66761341773898)
(448.95346740901283,160.08627926722357)
(451.29271711679564,162.32139381163773)
(453.4182597840314,164.3522098870412)
(455.5009843056376,166.34195536743798)
(457.59801363608875,168.34514919517923)
(459.68042847969406,170.3341402637625)
(461.7913636396387,172.35009211045846)
(463.87866935066097,174.34633968337187)
(465.9190724781518,176.29868188547516)
(467.97214705903775,178.26325653654902)
(469.99599188727194,180.19963967978276)
(472.1487262850582,182.2587519958314)
(474.1871168455658,184.20806875052622)
(476.2255182232993,186.15690449552153)
(478.2497214756091,188.09166367591726)
(480.27407777561973,190.0260490679606)
(482.7152229607681,192.35768236461277)
(485.02817007075186,194.5662183228463)
(487.15467283959,196.59623781278242)
(489.1662060600787,198.5160506494125)
(491.37840205022786,200.6267839879621)
(493.4331923200554,202.5868223963598)
(495.4305460794522,204.4915843690271)
(497.44217535200187,206.4094728506326)
(499.51127753107346,208.38166949090484)
(501.85356566816495,210.61381425471723)
(503.8377401787789,212.50411191362102)
(505.79285067292795,214.36621786771332)
(507.7478053586739,216.2277185920934)
(509.7171023374986,218.10245210378542)
(511.9448605124276,220.22301817079733)
(514.0871319163157,222.26177000919225)
(516.1721428384985,224.24554948135616)
(518.0994098681473,226.07868798126313)
(520.0264410438467,227.91115915888352)
(521.9677649427683,229.75685135306577)
(523.8948285031378,231.58862200189165)
(525.8219649978594,233.42012334266045)
(527.8208966388282,235.3196357944368)
(529.7340545148032,237.13724056605463)
(531.6185669400179,238.92724485659238)
(534.0775694949257,241.26405152866658)
(536.2646574330221,243.34185748276516)
(538.250831185993,245.22797221725492)
(540.2510827770188,247.1269386202868)
(542.4522704656194,249.2167515475683)
(544.4386574880044,251.10193152316648)
(546.238633581449,252.80936871866547)
(548.0670578110822,254.54327652837713)
(550.0102241142712,256.38584521721754)
(551.9394004472324,258.21484546507764)
(553.7111795618408,259.89393752166023)
(555.4973169766942,261.58615114960253)
(557.2549692423736,263.25089227992606)
(559.113155620475,265.01068543344064)
(560.986089407948,266.78419343090536)
(562.7160370695797,268.42160860605765)
(564.4747952727121,270.08581622877387)
(566.2911752372473,271.8042702724156)
(568.0792446417656,273.49550633909655)
(569.8532726052367,275.1729985988323)
(571.6562637101232,276.8775366851096)
(573.4739101339447,278.5956115254711)
(575.1770956560467,280.20480216909516)
(576.8230316133647,281.75923481157076)
(578.5263935780315,283.3676027159203)
(580.1151807974402,284.86717939798547)
(581.7182825350632,286.37990975768116)
(583.6656171981211,288.21888219887717)
(585.5270618458894,289.9769385517722)
(587.244953080153,291.5989267713782)
(588.8764806449841,293.13886786828687)
(590.4215995234398,294.5967808891383)
(592.0663857906865,296.14905609368736)
(593.6533088397543,297.64686418788233)
(595.1822736814431,299.0900514401259)
(596.667509670419,300.4921030573374)
(598.1803541118287,301.9207518742672)
(599.749183788334,303.4032845895705)
(601.3167187218403,304.885622729062)
(602.8115730644857,306.2998682532843)
(604.2621979447359,307.67285175473893)
(605.6685640048319,309.0044985193924)
(607.0874073750615,310.34881355702527)
(608.4902081402116,311.67881874720706)
(609.876859410584,312.99442004346554)
(611.2754999372314,314.3224876354167)
(612.6717951213127,315.64943691437674)
(614.0233203809121,316.9346563861295)
(615.3862236913318,318.23166711938075)
(616.7461539227183,319.52680334323935)
(618.0888020255105,320.80629572542387)
(619.4556572266008,322.10984338536304)
(620.804299703989,323.39678183649045)
(622.1341525949057,324.666381171411)
(623.4307215173671,325.90458008521)
(624.7480638079462,327.1632300443468)
(626.0164755964778,328.3753935571858)
(627.2622031582642,329.56616387211415)
(628.4838927038547,330.73424946666347)
(629.6932468147874,331.8908051532057)
(630.8881785637199,333.03343582467795)
(632.0536174231381,334.1466409175828)
(633.4140877548227,335.44433085562065)
(634.6602759507706,336.6245298834622)
(635.9514074453137,337.83161598394514)
(637.0477188249789,338.83516528397047)
(638.085387399063,339.7591357297358)
(639.0444921728523,340.58477856747646)
(640.0844746544294,341.4432736442409)
(641.0728799588496,342.22039962409895)
(641.9934066393021,342.90727872869076)
(642.8623653066356,343.52239367661247)
(643.727227121589,344.10413218465305)
(644.5820054380501,344.66500933942507)
(645.4529521647496,345.220775403924)
(646.3215010791752,345.7567323111779)
(647.1850762317349,346.22383363245996)
(648.0601473420605,346.64934336897255)
(648.8374782641024,346.9982812267855)
(649.5929431665346,347.3149735171651)
(650.3291678697028,347.601871933744)
(651.0229330248549,347.8484594769147)
(651.6763825173251,348.05627136519814)
(652.29898654509,348.23469685079755)
(652.914856574403,348.403165287091)
(653.5247927095801,348.5762744307537)
(654.1614161935865,348.77650057210127)
(654.8359712650695,349.01636626140504)
(655.5529607732617,349.3010218236583)
(656.3102612109543,349.62840469276637)
(657.0886485360089,349.98491612646285)
(657.8646047078225,350.35271756313506)
(658.6615808613598,350.7374487718678)
(659.4472184277539,351.1203771396305)
(660.2149703028518,351.4992551774226)
(660.9864047574397,351.891322136174)
(661.7309147809144,352.289562342491)
(662.4663175455379,352.7096857755517)
(663.2252574280686,353.17296338438337)
(664.1350006147973,353.75821628960296)
(664.9328050373161,354.2796280981156)
(665.7611080668094,354.8143859316038)
(666.6154947864107,355.34648506511843)
(667.4706044788227,355.85157639632433)
(668.3359682983568,356.32956170637556)
(669.1640469261463,356.7536934834937)
(669.9613596840261,357.13214825448796)
(670.6703666368728,357.45064716378016)
(671.541280107427,357.84750858033425)
(672.2237472099254,358.18275392610434)
(672.9501381876416,358.58588526074743)
(673.6494976575278,359.0326848103404)
(674.2783256343351,359.48666789696006)
(674.8965934066686,359.98546177178974)
(675.4830125011865,360.51166132213467)
(676.0206975124661,361.0505554389548)
(676.4789370465577,361.5664952643048)
(676.9128175562474,362.1058568589509)
(677.2447408180174,362.5189548697546)
(677.5250236608305,362.8211742928896)
(677.7810081994553,363.0083809406807)
(678.0383635001001,363.0766206524544)
(678.3013964477864,363.02623841740177)
(678.5855810221083,362.8649297029933)
(678.8847121508496,362.63296045833937)
(679.2374826833867,362.36427808800687)
(679.6404834282539,362.1465763486802)
(680.109458733224,362.04216209972776)
(680.5853519492143,362.06994607100347)
(681.0778311235044,362.22091002111995)
(681.5370719252876,362.45930871946956)
(681.9399496761713,362.7529157662336)
(682.2747932126595,363.0791994144899)
(682.5196940944311,363.40407155743094)
(682.6754222614682,363.70650125129185)
(682.7618182196028,363.978936582727)
(682.8114232172314,364.21493243486884)
(682.8650333269545,364.4137434396084)
(682.9596674974784,364.5776911094381)
(683.1259023419682,364.71162261768035)
(683.3658567741303,364.81305922998)
(683.6832304451242,364.88502858030057)
(684.0728974707285,364.9271552051942)
(684.5398909575506,364.93995566753125)
(685.1578072156755,364.9296752378071)
(685.7678256522094,364.9349594168553)
(686.4321681375156,364.98492942987207)
(687.1757409482987,365.11025189142066)
(687.9880249528227,365.3302729812139)
(688.8516452240048,365.6495184523893)
(689.7468504111071,366.0581971731616)
(690.6538526193798,366.53664108006785)
(691.5722141519307,367.0742034250989)
(692.4426663633735,367.6261589434669)
(693.3005111842604,368.29349623437605)
(694.0895111957745,369.0040140884639)
(694.7946518987308,369.71990159202693)
(695.3926969769108,370.39105771742675)
(695.9039652280073,371.0102836392219)
(696.2401855482583,371.42637876285164)
(696.4772499952462,371.70399160460585)
(696.6134942988288,371.83109061968713)
(696.6511817372859,371.8286270931302)
(696.6078128520279,371.7398550564725)
(696.508058154572,371.6074136979697)
(696.3943832824442,371.47993206177915)
(696.3027607131572,371.39214561949757)
(696.2534076711959,371.3725379566028)
(696.2488588998947,371.43858495839623)
(696.2792102469573,371.5930880521693)
(696.3301583690451,371.84284044912374)
(696.3802013076528,372.165520028943)
(696.4142776847237,372.5621940677512)
(696.4186188035991,373.016781464335)
(696.371582418636,373.76267724568635)
(696.3122176194806,374.4115197028907)
(696.2293259944306,375.116575220347)
(696.1643708139144,375.6406203095494)
(696.1009809903767,376.10737475257014)
(696.0350661265188,376.51807296514835)
(695.9620717299122,376.87528909313096)
(695.8842862858113,377.17205444344506)
(695.8095362299383,377.4120450371272)
(695.7468466741711,377.6127132046518)
(695.734231592657,377.8591274612168)
(695.7765161400321,378.1211107670512)
(695.8792222288793,378.39599861818647)
(696.0814641300855,378.71348312802803)
(696.3308654752923,379.00583653243405)
(696.6705193192431,379.3299803563689)
(696.9718974525614,379.6106922171364)
(697.237922838946,379.8817676147636)
(697.461323760355,380.1648299466037)
(697.5929958559902,380.4040213238213)
(697.6630099338006,380.6749981650965)
(697.6857747557328,380.9598547689106)
(697.6771843165698,381.2736772512687)
(697.6523720624323,381.5996899979733)
(697.6249285965151,381.9279537236078)
(697.6042236965997,382.24773322096456)
(697.5960265381865,382.5674676566699)
(697.6114848009342,382.8587661825168)
(697.6521900049595,383.06161890780794)
(697.7175077636216,383.1777776998068)
(697.8033289991472,383.1828276681616)
(697.8878545532376,383.05199605763494)
(697.9403121595407,382.7834381896806)
(697.932850713449,382.4202962141955)
(697.9021206740641,382.2421141918091)
(697.8681007398666,382.21571419409196)
(697.8448178729648,382.31493609879357)
(697.8382362222195,382.5082153431663)
(697.8458123062246,382.7837060537659)
(697.8619535450208,383.0997649565351)
(697.8829625377697,383.44993235746085)
(697.908214638441,383.80084961187964)
(697.9262199331463,384.147817676136)
(697.9423537901808,384.4927430087977)
(697.9579852465363,384.8230430336633)
(697.9704511902283,385.133347137791)
(697.9726149755174,385.4355870968334)
(697.9579707096526,385.7245846808195)
(697.9186037021674,386.0351982494352)
(697.8562387527866,386.36585299531635)
(697.7725582836961,386.7369976463863)
(697.6741482290485,387.15240912417136)
(697.5966251075366,387.80810146266384)
(697.5667540020561,388.58306847151596)
(697.6035155555561,389.46779535608)
(697.7237991629136,390.38982755191626)
(697.9595770824739,391.3712307121236)
(698.3553933538034,392.4121270807305)
(699.1528179867963,393.72638583702263)
(699.8505051441142,394.63416643738196)
(700.6475925340546,395.4852368187244)
