Person 72
Starting Position = (381.16476908319254,584.6023094538862)
(384.6022046735571,583.0807909715177)
(387.43948241083575,581.7986749163941)
(390.23116265322335,580.5110004779914)
(393.56592186520635,578.9344778645873)
(396.62886789495263,577.4624215531335)
(399.39994464017457,576.1148987354001)
(402.10499600001305,574.7860276732488)
(404.8193611469907,573.4403265469072)
(407.5069677193253,572.0973942663411)
(410.2242377630294,570.7300412474478)
(412.9167189233147,569.3670379896603)
(415.5486544018398,568.0280381541681)
(418.1942579926647,566.6759188189131)
(420.7990603600873,565.3394303369109)
(423.56460163206157,563.9143534466293)
(426.18041008323837,562.5624313139427)
(428.7932279403178,561.2082396344426)
(431.3850450376883,559.8614862968857)
(433.97428925663127,558.5128242665229)
(437.08794502014143,556.8833411160009)
(440.0410144117903,555.352466129557)
(442.7567412261648,553.9483281259969)
(445.325120408485,552.6206971695073)
(448.14504120376336,551.1595502639889)
(450.7623072713283,549.8016324978594)
(453.3044265017959,548.4809289619787)
(455.8620292437039,547.149917307001)
(458.48917831421556,545.779855888295)
(461.4558959419988,544.2266646088559)
(463.96863967780456,542.9114180991378)
(466.4432621530235,541.6156184505084)
(468.91570138554425,540.3199214335942)
(471.4038309706493,539.0146271079709)
(474.21252321782305,537.536490256748)
(476.91039551955765,536.1151874172186)
(479.5339097835443,534.7324771911095)
(481.95806264555466,533.4556811386462)
(484.3802024042796,532.179906940554)
(486.81802865415875,530.8952843315167)
(489.2356838873643,529.6207991885608)
(491.6510248881529,528.3469607648449)
(494.1530493856245,527.0258914132858)
(496.54565565155724,525.7627052546056)
(498.90039369030654,524.5196602046823)
(501.9621491556843,522.8914307259254)
(504.6829063142546,521.4457765360114)
(507.15284037905684,520.1365270066324)
(509.638120374028,518.820110184401)
(512.3679774492147,517.3704505912631)
(514.8013587024942,516.0622090894326)
(516.9954398013859,514.8795656159522)
(519.2173522968642,513.6801929038728)
(521.5729295877317,512.405968368484)
(523.9078249067131,511.1421423992639)
(526.0506027649174,509.9845187226806)
(528.2088070840736,508.81947583770165)
(530.3307801147192,507.67480837964655)
(532.5714135920102,506.4645708158677)
(534.8272402497996,505.24480768014973)
(536.9093674907697,504.120509653456)
(539.0242579621839,502.9784913964696)
(541.2061197757065,501.79874814903053)
(543.3519619309559,500.6377616257267)
(545.4790711191658,499.486291688353)
(547.6389556261676,498.3156124649469)
(549.8145544758966,497.13475958567057)
(551.8519012380087,496.0297024251611)
(553.8197163294656,494.9631713037099)
(555.855088082177,493.85885252448026)
(557.7528330465205,492.829986183695)
(559.6670936088548,491.79185563034144)
(561.9921923260745,490.52191654023954)
(564.2150478399202,489.3054112810462)
(566.267041834251,488.1837886084212)
(568.2167341593639,487.1200081909313)
(570.0642329262637,486.1141180903944)
(572.0329981716786,485.0418640202744)
(573.93478161997,484.00691966441036)
(575.7695913557628,483.0099049173042)
(577.5546992569067,482.0416162610159)
(579.3766347702654,481.0545333040496)
(581.2708703152656,480.0290584049141)
(583.1690379536982,479.003062309336)
(584.9844273647539,478.0247817412496)
(586.7515048573649,477.0760360752219)
(588.470190742587,476.15713562193446)
(590.2105342089503,475.2306147014126)
(591.9379738284939,474.3153372801102)
(593.6526259535489,473.4116289382713)
(595.3899885896087,472.50117364393947)
(597.1327837403918,471.59364300121786)
(598.8276529340199,470.7172585751905)
(600.5454710316574,469.83565142241963)
(602.268574838484,468.95843401968557)
(603.9788374674996,468.0951939827094)
(605.7299328768265,467.2193488335769)
(607.467665762967,466.3584334509735)
(609.1912495737258,465.51288830703186)
(610.8816655929833,464.6918553091351)
(612.6104907044217,463.86073366734706)
(614.2861965646695,463.0633437826251)
(615.9437137067401,462.28261899079024)
(617.5818935238051,461.51877804846515)
(619.2176500789452,460.76368804012765)
(620.8497420271133,460.01773599813913)
(622.458794257419,459.2895101756744)
(624.36647047648,458.434817889329)
(626.1395721245294,457.6488136393291)
(628.0060132555965,456.83093745098853)
(629.6089181312236,456.1374900983432)
(631.1392073765081,455.4847572728266)
(632.5598715460135,454.887921706052)
(634.0998622713417,454.25139078688227)
(635.5504106042421,453.6609855600799)
(636.8752206623263,453.12853322902816)
(638.0895378890885,452.6448068353895)
(639.2533652373725,452.18350926994776)
(640.3686493178981,451.74248083537765)
(641.4679064390375,451.3087813285576)
(642.5312696510024,450.891496804537)
(643.5651381973389,450.4902789319523)
(644.5989639377345,450.09699541066914)
(645.5121193729663,449.7578455593745)
(646.4069655150206,449.4369471068309)
(647.3029923565884,449.1310959062285)
(648.1843998622431,448.8480974904422)
(649.0567538731067,448.58707579059063)
(649.9215531386265,448.3471682608616)
(650.7884049835613,448.1248956870488)
(651.6281273256969,447.92552820423043)
(652.4603678463119,447.7431567148733)
(653.2845959495246,447.57744292133725)
(654.1039990961192,447.4276167003623)
(654.9242789825482,447.29260500042585)
(655.7398362369648,447.17220125170644)
(656.5428638045763,447.0653057492029)
(657.373393422166,446.96446276405544)
(658.2088962540603,446.870003127563)
(659.0469610064381,446.78000792241914)
(659.9078968846268,446.6911814318116)
(660.7425277345343,446.6097647532389)
(661.5467213685369,446.5402533901707)
(662.321728985541,446.4912523238504)
(663.1245052971562,446.4802250163228)
(663.722366732393,446.51339422591246)
(664.24304030086,446.58777073617836)
(664.7103412591351,446.69200402672135)
(665.1518342660054,446.8076220948041)
(665.6136824141919,446.9220556495687)
(666.1002089253757,447.022116592899)
(666.631009423018,447.1068059124925)
(667.1590920930661,447.17582076194975)
(667.8595970310386,447.260760073874)
(668.4013389339742,447.35223633477796)
(668.9127873664556,447.5008644568713)
(669.3247344689129,447.6958758707343)
(669.6487559164594,447.90552720763884)
(669.9502957660152,448.1306628939614)
(670.2508192437567,448.35009686438724)
(670.568751995379,448.54851899033974)
(670.9022716483379,448.7105440823739)
(671.3202222634067,448.84023179088047)
(671.7066360353111,448.91200639631)
(672.0737551535877,448.9448295241)
(672.4201440158325,448.94963062778265)
(672.7532995430525,448.9337732608825)
(673.065513547712,448.90414484571994)
(673.3677384931558,448.8642733592256)
(673.6507866505781,448.8197081561192)
(673.9360697530966,448.7693138454635)
(674.2144500005963,448.7128885452272)
(674.494320201871,448.64588015005586)
(674.7514301238618,448.57393934762507)
(675.0012165691631,448.4925055713537)
(675.2309496232172,448.4070843410438)
(675.442065784158,448.3199685930882)
(675.6374846167644,448.23381509294484)
(675.8146363381346,448.1556482859408)
(675.9765667465559,448.09131209808834)
(676.130316496898,448.0462227176951)
(676.2800693777142,448.02771436174703)
(676.4297927402823,448.04290806957306)
(676.5828408186196,448.0978928874453)
(676.7456410603231,448.19979878401125)
(676.9139924639766,448.34573325666474)
(677.0938373935375,448.5370761102761)
(677.2884629269942,448.77134442633565)
(677.506913326473,449.050026026076)
(677.7831348315432,449.4028272187594)
(678.0358580147349,449.73961438799904)
(678.2963573917364,450.08939392545125)
(678.5797193621628,450.4629446251944)
(678.8907059754757,450.85794617217607)
(679.2338015321989,451.2713017827275)
(679.6131515422874,451.69827171630897)
(680.0321654370549,452.1319357007806)
(680.5036743015808,452.57173713387095)
(681.007224878966,452.98958653251475)
(681.5497136369464,453.3832592610416)
(682.1133439213899,453.73619657760037)
(682.7027822800071,454.04857054591565)
(683.3103546751391,454.3146504322611)
(683.9814492494013,454.5431355425677)
(684.562110371224,454.6961330235854)
(685.1487779617224,454.806234491146)
(685.7339387028607,454.8729419115555)
(686.2863823525685,454.898666423076)
(686.8131845486354,454.8899873557586)
(687.3202942791785,454.8511613985503)
(687.7833634680787,454.7903981948667)
(688.2112307019353,454.7119215790105)
(688.5952641806598,454.62181429063565)
(688.9452177150399,454.52018545791145)
(689.2560196256265,454.4098936670661)
(689.5434779894392,454.2838962951798)
(689.7980135187884,454.14554408441757)
(690.0339979428907,453.98479541701806)
(690.3437089966457,453.69634776693016)
(690.587006660577,453.4173235433815)
(690.8455409438149,453.0590254620285)
(691.0421656755526,452.74871093545164)
(691.2292985711915,452.4190348082152)
(691.4125219467902,452.0643705532631)
(691.5969293531704,451.67721637034236)
(691.7785848556942,451.2685013159387)
(691.953163119113,450.8515819684495)
(692.1243693815125,450.4204092454835)
(692.2875072603476,449.9889508669939)
(692.4380552152564,449.57171470725496)
(692.5830177240538,449.1508511455335)
(692.7426445818678,448.6650242203326)
(692.8836563146937,448.21306707110284)
(693.0339800163757,447.7040595801502)
(693.1556593540122,447.2654081420295)
(693.2645072911339,446.8461693634323)
(693.3711392140926,446.4074688535579)
(693.4584000099935,446.0258902441281)
(693.5380371120463,445.6597330850053)
(693.6104401177344,445.31605001354296)
(693.6841039036394,444.965246069214)
(693.7598086693315,444.61638651795704)
(693.8403553359426,444.27096801786513)
(693.9283552978048,443.9322750810219)
(694.034927429984,443.5796741528211)
(694.1645698429779,443.2239828760587)
(694.2931557812292,442.9274001292355)
(694.4256536860834,442.66848380197484)
(694.5643836825202,442.43685274754836)
(694.6996177933659,442.2382642808363)
(694.8247808625235,442.0688159746626)
(694.9317459177353,441.9256111137035)
(695.0183518584847,441.79957677339377)
(695.0845845584353,441.6827934197524)
(695.1329966540902,441.5658626236715)
(695.1644033228615,441.44777193295425)
(695.1821273184422,441.318834280416)
(695.1873871435907,441.1851821535854)
(695.1818637563763,441.0390196468593)
(695.1664377563669,440.8849779882066)
(695.1421357827189,440.72018772639626)
(695.1096888170113,440.5564589003142)
(695.0660287875819,440.3855364933151)
(695.0096573124285,440.20753828038687)
(694.9399241553243,440.0223685823108)
(694.8548000715061,439.8242002802622)
(694.7612921544256,439.62421230771537)
(694.6577293244457,439.41079916777386)
(694.5553012346684,439.19632146571837)
(694.4580296079985,438.97596746775304)
(694.3740296728661,438.7522816488398)
(694.3113277285794,438.5215862545511)
(694.2805581222502,438.3044415041709)
(694.2844194626259,438.0882308509897)
(694.3242638550257,437.878883265566)
(694.4047069243546,437.66353362887526)
(694.5313305990275,437.43564515315285)
(694.7559799128378,437.1385494778076)
(694.9341380564838,436.9215326673262)
(695.1175024706739,436.7017837165625)
(695.291308033808,436.48484268162616)
(695.4489769023021,436.26987291719155)
(695.5949528827575,436.04214231138627)
(695.717864385127,435.8145822036718)
(695.8241786024294,435.5719038331171)
(695.9113356376869,435.320533110377)
(695.9854392314721,435.0434128970503)
(696.0540909020765,434.72841483336305)
(696.1162810980378,434.4009591338164)
(696.1744127797523,434.0675626144037)
(696.23131671746,433.7220159870318)
(696.286505709395,433.3682310208405)
(696.3381964714282,433.01026240551266)
(696.3836581702752,432.6525471013504)
(696.4197332277648,432.300058811847)
(696.4436028940045,431.9477494266354)
(696.4521346260634,431.62107896671694)
(696.4448999406147,431.32262063248663)
(696.420646091174,431.04375316295574)
(696.378628029916,430.78414178951084)
(696.3192427740995,430.54127662756395)
(696.2474103926437,430.31841830934314)
(696.1604769753393,430.0951436094487)
(696.0652133963246,429.87328206869876)
(695.9666875636734,429.64708637547017)
(695.8702160839766,429.41133476198127)
(695.7808224344861,429.16156854192957)
(695.7027614691624,428.8941852381103)
(695.6375580839017,428.5958962068605)
(695.6009471055297,428.2419147114525)
(695.5895642318982,427.84644547583684)
(695.5996943312073,427.4048654509384)
(695.6274452473399,426.9242743818637)
(695.6661398947017,426.43060574243253)
(695.7140700683875,425.8949439956033)
(695.7911826733784,425.0878262308172)
(695.843227873596,424.4898386498817)
(695.8845288009361,423.91891836624967)
(695.9141719980057,423.32995916633894)
(695.9261861812599,422.7870083615868)
(695.920661883889,422.29245980339977)
(695.8995601221986,421.84475417781454)
(695.8617630698113,421.39827018172383)
(695.8310851023026,420.9429771707962)
(695.8107207371136,420.45929810677103)
(695.8051664455023,419.9748778429732)
(695.8163056805414,419.5000745709149)
(695.8486363133095,419.0087634710541)
(695.9036389478051,418.5282839128369)
(695.9746234495475,418.09951342920806)
(696.0651158958376,417.6953885317973)
(696.178984553878,417.30946332471547)
(696.3057422274478,416.9746932763286)
(696.4664302131733,416.65244925268956)
(696.6228330720872,416.40695444108604)
(696.7943188096201,416.19933396893987)
(696.9755951994208,416.03320534443515)
(697.1709065458512,415.90469737783275)
(697.3290234970326,415.8297008683713)
(697.4847054886949,415.7308874911616)
(697.6210554687499,415.6218926532281)
(697.7507336437849,415.49790735532514)
(697.8722445085441,415.36805019982035)
(697.9948588858102,415.2316256673881)
(698.1235932426694,415.09346020347346)
(698.2573649815693,414.9639547285913)
(698.4127095481276,414.83796734431525)
(698.5880270990972,414.7263152704631)
(698.7769061848121,414.63662381907193)
(698.9972558032817,414.5663709689154)
(699.2403696650439,414.52221164729457)
(699.5035881216482,414.50571801837856)
(699.7707123498997,414.5153236912755)
(700.0597095923919,414.55224923358713)
