Person 18
Starting Position = (356.0562936480452,635.865161440236)
(359.3300283252833,633.6204883499948)
(362.06708572172784,631.7438030078694)
(364.794620050805,629.8736571410077)
(367.34174658279414,628.1272181788012)
(369.8947899609399,626.3767327055506)
(372.4005773631454,624.6586590423275)
(374.8412207256427,622.9852622309601)
(377.29868062575713,621.3003480280152)
(379.7232783926681,619.6379788214331)
(382.1644175122146,617.9642838022023)
(384.6055716229327,616.290595688612)
(387.03023304020985,614.6282341869127)
(389.4219020778605,612.9885131988993)
(391.8135650049711,611.3488197036169)
(394.35366778498894,609.6073873130493)
(396.7453150079949,607.9677622063798)
(399.1534477242285,606.3168692540528)
(401.52858343317405,604.6886347009786)
(403.9202035924971,603.0491421735576)
(406.6416892356849,601.1835841113193)
(409.1487427200092,599.4650785438565)
(411.55682123233527,597.8144822524007)
(413.8989122006291,596.2091868612288)
(416.4554032683669,594.4570340699688)
(418.94590280897927,592.7502127621844)
(421.3539172736071,591.1000296593176)
(423.695939644212,589.4951855338408)
(425.98846235214097,587.9243843915654)
(428.297455099727,586.342438706994)
(430.5899297604601,584.7719648079485)
(432.8823760719724,583.2016832493671)
(435.1747904890432,581.6316165510979)
(437.4506772459663,580.0730818471303)
(439.7430152762589,578.5035212203362)
(442.0023252449625,576.9568347377839)
(444.2615844684931,575.4104721173451)
(446.52078608147536,573.8644705123843)
(448.7634326267356,572.3301500967368)
(451.00600579153513,570.7962711345323)
(453.2649837178291,569.2516123128516)
(455.54035248167736,567.6962420933723)
(457.7826361266865,566.164023118211)
(459.9918246837093,564.6549947485155)
(462.20087635444247,563.1466966106714)
(464.65701729952565,561.4705608859591)
(466.96460385504486,559.8966587722044)
(469.25548586084733,558.3350835370964)
(471.4307712599736,556.8532349519514)
(473.721353061855,555.2972312497126)
(475.962286944779,553.7778178674649)
(478.1534955550148,552.294351998561)
(480.2949329869448,550.8465632689446)
(482.3701009053052,549.4454450657493)
(484.42837372467744,548.0576480595171)
(486.50262416356856,546.6611387421332)
(488.5598706838342,545.2782418027007)
(490.616509680699,543.898066130192)
(492.70535310907263,542.49882757293)
(494.74410535217584,541.1357308625659)
(496.7163115515426,539.819697391342)
(498.7040755712081,538.4960465565357)
(500.67445810708216,537.1868335457245)
(502.6601924596073,535.8704718481808)
(504.6119692120168,534.5796970671607)
(506.54612290263503,533.3037133142294)
(508.4625763695287,532.0425873265277)
(510.3448966296134,530.8070749712987)
(512.2257323408356,529.5757549548648)
(514.1212958137035,528.3381134382078)
(515.9661780860795,527.1367279703604)
(517.7929944777353,525.9502179773955)
(519.6342381954058,524.7574871907578)
(521.5385187813371,523.5272481391495)
(523.5704290287755,522.2182281940534)
(525.4212852870435,521.0286820428463)
(527.2859930422916,519.8329742001034)
(529.0835320521797,518.6827392385877)
(530.8463759231923,517.5568928600434)
(532.8326039266926,516.2910264502588)
(534.6547462084616,515.1316291831175)
(536.4420867370017,513.9959834696946)
(538.1465605671326,512.9142798073702)
(539.84864922496,511.83525997239565)
(541.5002990497306,510.7891988389209)
(543.1496755346316,509.74546126153075)
(544.7967886660147,508.7039309171693)
(546.4257217009032,507.6745364745864)
(548.0206590934564,506.66712610984956)
(549.6135977532911,505.6613900262231)
(551.2205018893951,504.6471758608311)
(552.7938015245646,503.65441001315537)
(554.365424287149,502.6628907306884)
(555.8721274975646,501.712465382585)
(557.3933475556871,500.75305334304886)
(558.9924313184392,499.7447885829443)
(560.5113166850581,498.78733413646495)
(561.9977262044627,497.85066586715243)
(563.4834464029972,496.9148846306494)
(564.9686261552325,495.98006989297545)
(566.4218524383355,495.0661596122824)
(567.9537784218588,494.1038986569366)
(569.4067201804692,493.19252047163513)
(570.8597919934008,492.28261923362135)
(572.2815620217403,491.39412902484975)
(573.7037415471788,490.5075461230798)
(575.110652561261,489.632978204414)
(576.5182085147118,488.76091343526645)
(578.0214026170287,487.83336594495347)
(579.6204576687823,486.8514891772867)
(581.0465801534148,485.98025817881194)
(582.4740133007962,485.1132226311572)
(583.8869671375442,484.2604710782082)
(585.2378292815772,483.45082121317773)
(586.590111392532,482.64653510813525)
(588.0710955235198,481.773760630223)
(589.5377197163019,480.91817964116024)
(590.9103512262143,480.1258545485714)
(592.28460247189,479.3416586025818)
(593.6444392510822,478.57518882207864)
(594.9737629256142,477.8355835067805)
(596.2884216451607,477.11410344734173)
(597.5561963348566,476.4280836681246)
(598.8089292737784,475.76006949760074)
(600.0784475473096,475.0935435742844)
(601.3323737175635,474.4456764781875)
(602.5864508152126,473.8084324826576)
(603.8563240452642,473.1743162784214)
(605.077456534185,472.57502196409575)
(606.313553790515,471.9792416003232)
(607.5320007928688,471.4026423391159)
(608.7322574890874,470.8451358881982)
(609.9137318629848,470.3066579305903)
(611.1074332378755,469.7733200475316)
(612.2650253266256,469.26637439525933)
(613.4017989984305,468.77863833030824)
(614.5327694482996,468.30359400107164)
(615.6571485364742,467.8415827572302)
(616.7742398696925,467.3928162695047)
(617.8682109136178,466.96317176228723)
(618.9541130584644,466.5463416570585)
(619.9865197478606,466.1585648388983)
(621.0259041797982,465.7767470025327)
(622.0420274600244,465.4115462036727)
(623.1667333166276,465.0175825147028)
(624.1644294585433,464.67572237069487)
(625.1552551993669,464.3403791669314)
(626.1235905606486,464.0179834440099)
(627.0827059451636,463.70558746218995)
(628.0312411327786,463.40533997829704)
(628.9677092568738,463.1195323124177)
(629.8903776163977,462.85062914851386)
(630.797117872068,462.6013269170037)
(631.6593505629016,462.3805207623494)
(632.4886674260449,462.18615855458904)
(633.5017989305865,461.9828658986435)
(634.3121112180689,461.84303802254794)
(635.0822395379312,461.7314374832457)
(635.8247272742793,461.6425487108371)
(636.5313402758441,461.57172890673087)
(637.2065565585043,461.51221961919214)
(637.8551032323716,461.457948481907)
(638.4713869105027,461.4051014713801)
(639.0886361607153,461.34833455668183)
(639.8059040343818,461.27624274830544)
(640.4689367737693,461.20306240769486)
(641.09041625989,461.1288958636343)
(641.7204896412057,461.0490931133242)
(642.3316703011712,460.96812179159156)
(642.9449085746085,460.883812483615)
(643.5225219735745,460.80150832838984)
(644.1145854126927,460.7139713229776)
(644.6822406942687,460.6267374681227)
(645.2658011485588,460.53348270120796)
(645.8247881489549,460.4408645533668)
(646.389328440559,460.34428252574963)
(646.9696556293322,460.2422658628727)
(647.5447084540967,460.1389152106254)
(648.1352815715837,460.03077971276724)
(648.7201354324012,459.92189248628966)
(649.3098646136109,459.810298948655)
(649.8937138456323,459.6979574383876)
(650.4715783056223,459.58483968453277)
(651.0654862972937,459.46655381053307)
(651.6534365782496,459.3475144858433)
(652.2464195179685,459.22571593056625)
(652.8556948278664,459.0991932722999)
(653.4698424968792,458.9708841011225)
(654.0885312113589,458.84163609808917)
(654.6881423505863,458.71716857768)
(655.2911697136537,458.59366115839913)
(655.8971417105608,458.47206512058955)
(656.5000574458501,458.3511805319317)
(657.0971241402166,458.23303114342445)
(657.6979849616766,458.11690690823065)
(658.3004979265559,458.00415108689566)
(658.9025320498196,457.8957524091108)
(659.5019444325649,457.7923276004165)
(660.1083596146973,457.6922978632418)
(660.7074438070155,457.597562344808)
(661.262676828988,457.512464998098)
(661.8184385849422,457.429146858126)
(662.3502397478441,457.3498898648849)
(662.8674976868358,457.2718104116519)
(663.3784921958,457.1919987083242)
(663.8610244352803,457.1122250254101)
(664.3333968053021,457.02788280099935)
(664.763670387716,456.94214990228005)
(665.163275230879,456.85303330701623)
(665.5344219734682,456.76062420535334)
(665.8871169926681,456.6631022561348)
(666.2231735552646,456.5608505923544)
(666.544817899953,456.45449149572835)
(666.8545506669233,456.3448526760531)
(667.1549697091338,456.2329337491232)
(667.4802773890879,456.10739900969986)
(667.768768713557,455.99472755913985)
(668.0547330042447,455.8838650565363)
(668.3393675881248,455.7765756546608)
(668.6669656966476,455.6602125555697)
(668.9746350530403,455.560681911293)
(669.2682318467218,455.47782957970736)
(669.5532419216679,455.41193835492356)
(669.834942162424,455.3640048725775)
(670.1125562600604,455.33610099762495)
(670.3857127611456,455.3292107067372)
(670.6431524994646,455.34149508791114)
(670.8917372699439,455.36999946159926)
(671.1326770867037,455.4112217041333)
(671.3729907319255,455.4628526346483)
(671.6140887234727,455.5215668783883)
(671.8574251857766,455.5839862533469)
(672.118704890839,455.6487472152179)
(672.3732194608841,455.7058414524389)
(672.6303621287801,455.7547254921054)
(672.8874156704412,455.7936211349864)
(673.1461737172584,455.82289236484854)
(673.4072591918201,455.8435432607049)
(673.6768384759064,455.85715137752925)
(673.940569257014,455.8648401133343)
(674.2098553208828,455.8685157620135)
(674.4757595343724,455.8695800035842)
(674.7427383393459,455.86943934586515)
(675.0083184528597,455.8694474302396)
(675.2700365263171,455.8710121743108)
(675.5192490273445,455.8754378791431)
(675.8279895437374,455.8883993507984)
(676.0644327809383,455.9056270722315)
(676.2911241096416,455.93173528168677)
(676.4975760322749,455.9663894939461)
(676.7011565962691,456.0143490569255)
(676.8924202220701,456.07464717565017)
(677.0828762215065,456.15273072273794)
(677.2641520557005,456.2456282617277)
(677.4474477092296,456.360123772979)
(677.6245242234396,456.49058530283816)
(677.8059831456424,456.6450824419717)
(677.9829570376446,456.8150006935402)
(678.165276363772,457.0097036881224)
(678.3431673376704,457.21771405822216)
(678.5209134128215,457.4431896502926)
(678.7024738722785,457.6919525986384)
(678.872643845592,457.9417880831978)
(679.0400204626447,458.20449905823324)
(679.2036667990418,458.4787327607461)
(679.3584591947553,458.7549227949664)
(679.5124926128459,459.0477406445451)
(679.6609697263182,459.34782280316796)
(679.803861706292,459.653620322632)
(679.9415457516855,459.9634499629219)
(680.0784102413676,460.2841578301508)
(680.2049420710676,460.5874458678508)
(680.3264899997104,460.87985656883916)
(680.4482001709371,461.1678978213084)
(680.5679941978207,461.44109549018424)
(680.6908762300363,461.70575469975876)
(680.8181978358759,461.959790830981)
(680.9511931815056,462.2012814872826)
(681.0909384883485,462.42854662561945)
(681.2383213701424,462.6402174034468)
(681.3940229709975,462.83528511253223)
(681.558512975249,463.0131258355771)
(681.7320555638782,463.1735008008623)
(681.9147234396884,463.31653570614213)
(682.1247370975204,463.45247161168453)
(682.3259918341457,463.561025315532)
(682.5290028292384,463.65211471499595)
(682.7394219207616,463.7300654224683)
(682.9567276102471,463.79601451565094)
(683.1803399893452,463.85115640284187)
(683.4022980173991,463.8955709244454)
(683.6364677268713,463.93297515641905)
(683.8750156927497,463.9630844561776)
(684.1095773990794,463.9864171057754)
(684.354741680393,464.00523657949304)
(684.602266124431,464.0196741911675)
(684.8514886494161,464.0305018243111)
(685.0939127892901,464.0382192601911)
(685.3446099600446,464.0437595272509)
(685.5951592050375,464.0473140192914)
(685.8371958931958,464.0492164325303)
(686.0857681974951,464.04979142066156)
(686.3248617573805,464.0492244679508)
(686.5541762991729,464.0477372344183)
(686.780973232099,464.0453856169378)
(687.0121486488844,464.04208365463353)
(687.2323906404678,464.0381064393029)
(687.4557236462724,464.03319048142646)
(687.6673192754907,464.02771623816875)
(687.8805258439835,464.02134961799493)
(688.08114633536,464.0146135186396)
(688.2817084478481,464.00716927242814)
(688.4688476404658,463.99969174894375)
(688.6541595238275,463.99190192875307)
(688.8253577149841,463.98457274749785)
(688.9879204959136,463.9777266325364)
(689.1557953568685,463.9710948645493)
(689.3254630133795,463.96526666957675)
(689.4735335392735,463.9611855652129)
(689.6022285381125,463.9585461312322)
(689.7205938638335,463.95684715246773)
(689.8260934190432,463.9556536632744)
(689.9202539323383,463.9544041434109)
(690.0099009724057,463.95240795564905)
(690.0928914275439,463.94908725526983)
(690.1703343331918,463.9439203028021)
(690.2456326108196,463.93625469190755)
(690.3155032361119,463.92654107881043)
(690.3792560378744,463.9156068100607)
(690.4423600381374,463.90317157237945)
(690.5035047054974,463.89024833024456)
(690.5633018607531,463.87746894874533)
(690.6290533980767,463.86403139216765)
(690.6895539545148,463.8527879053624)
(690.7541991151991,463.84248776108325)
(690.8180953738414,463.83425364630506)
(690.8989060976018,463.827099071489)
(690.9732619271025,463.82325116444105)
(691.0453164908251,463.82193702363986)
(691.1242641435712,463.82311116596816)
(691.1960798012148,463.82595585619015)
(691.2600291133301,463.8295152310041)
(691.3220421419137,463.8334746641589)
(691.3785458011873,463.8368793889611)
(691.4284007701593,463.83886518388795)
(691.4705767118639,463.8385649686555)
(691.504188132819,463.8351424561172)
(691.5279718418794,463.82821555462914)
(691.5428500204547,463.81645830132743)
(691.5477884844851,463.8003020723562)
(691.5437061103997,463.7798528479257)
(691.531643679504,463.75536475630037)
(691.5104612594054,463.72443580938966)
(691.4823833924653,463.689483045595)
(691.4469592385565,463.6492209934213)
(691.4046410831213,463.6036117157837)
(691.3559606028674,463.55265681076344)
(691.3039113139479,463.49885288698437)
(691.2445411914059,463.43756975294406)
(691.1834266106918,463.3740004255954)
(691.1188157583487,463.3058027369146)
(691.0542687058988,463.23631753145867)
(690.9846617003392,463.1594619538909)
(690.9134330754144,463.07843116222745)
(690.8412028764175,462.99341762270774)
(690.768574029765,462.90463058298457)
(690.6991397366412,462.8162822968451)
(690.6303643212801,462.7248813473791)
(690.5627171539186,462.63064778684577)
(690.4994528475437,462.538132431615)
(690.4352953000206,462.4390459225532)
(690.3735249649976,462.3378545888726)
(690.3145254739078,462.2348369991515)
(690.2586600246333,462.13029210498274)
(690.2062720686555,462.024542586523)
(690.1576857740647,461.9179384909463)
(690.1149692175981,461.8155362098418)
(690.0746907433496,461.7084009324264)
(690.039057566752,461.6016399190294)
(690.0094462360131,461.5003142764795)
(689.9741421127276,461.342300827887)
(689.9563149520645,461.24078440717494)
(689.9440028740764,461.1422216744234)
(689.9373096622362,461.04728228449795)
(689.9361035855942,460.9604267046842)
(689.9405355270256,460.8746351024839)
(689.9506213096379,460.7945884367053)
(689.9653529232025,460.7239456098949)
(689.9839232980748,460.6624748337069)
(690.0081458332319,460.6051769167256)
(690.035385818866,460.55743885458173)
(690.0681520490258,460.5155022285684)
(690.1047808483448,460.4819987305822)
(690.1428683731083,460.4579092238818)
(690.1815833430136,460.4421766818082)
(690.2223217927658,460.43357284139114)
(690.2668201120575,460.43214887126317)
(690.3102349479171,460.43728556298504)
(690.3563786227459,460.449236863117)
(690.402443392621,460.46692896365613)
(690.4456609383582,460.48809499380513)
(690.489722495045,460.5140237625812)
(690.5299497553405,460.54097632793935)
(690.5697529031519,460.5705594275183)
(690.6050106708137,460.59872270929844)
(690.6387184552673,460.6270721278258)
(690.6675183682212,460.65185467884385)
(690.6928075202125,460.6734401775975)
(690.7135434822056,460.6902577497744)
(690.7316675333736,460.70312624085653)
(690.7455496499845,460.71037583387067)
(690.7565328094059,460.711959164958)
(690.7638082188686,460.7076001691216)
(690.7680795155832,460.69709059243024)
(690.769459808177,460.67899481457624)
(690.7681971003315,460.6553420776422)
(690.7642940428279,460.6232536384369)
(690.7585503578782,460.58632941930733)
(690.7505652552215,460.5404506748009)
(690.7415407522816,460.49072027281767)
(690.7307772791233,460.4318100290346)
(690.7197244246682,460.37020537096805)
(690.7074944847604,460.2994461524633)
(690.6956344277987,460.2272430660936)
(690.6831770878223,460.1461175667632)
(690.6716292952162,460.06482474325077)
(690.6600443815115,459.9750068289633)
(690.6497707017952,459.8862698965311)
(690.6404101202572,459.79452743342665)
(690.6317411130973,459.6950751906071)
(690.6244064181329,459.59321328175423)
(690.6187482539235,459.49468962441546)
(690.6143241437795,459.3894680774084)
(690.61155122362,459.28854441837046)
(690.6102377649304,459.18165102460404)
(690.6104316449362,459.0798858140776)
(690.6120331313107,458.9783539555069)
(690.614772455033,458.8826085106368)
(690.6189676731325,458.7822437358306)
(690.6240443689978,458.687951848959)
(690.6301494074414,458.594576953033)
(690.6376479267075,458.4971516851347)
(690.6456040329562,458.4059632016977)
(690.6543189619932,458.31595207501795)
(690.6642561675748,458.2223149654367)
(690.6742293887336,458.1348900988798)
(690.6846642693018,458.0487909265182)
(690.6960866869424,457.95942861323056)
(690.7148668304588,457.82223161980903)
(690.7268953225743,457.73698494603144)
(690.7383277957139,457.6577465360742)
(690.7497249250407,457.58007562122924)
(690.7616430596174,457.49989096883235)
(690.7727724573242,457.4255989499791)
(690.7836907335718,457.3530343068146)
(690.7949338125885,457.27842599507034)
(690.8052983365434,457.2095809471179)
(690.8153510773724,457.1426215882347)
(690.8245521610829,457.0811001232928)
(690.8334518638092,457.02132289264665)
(690.8425341994756,456.9600054836127)
(690.8512787915504,456.90067577246305)
(690.8592440742859,456.846415682193)
(690.8669270145775,456.7939205140403)
(690.8747616501875,456.7402958994742)
(690.8814821752686,456.69424914837623)
(690.8879746514507,456.64978730461206)
(690.8946350948454,456.6042861498974)
(690.9007134653631,456.56294548743926)
(690.9066220351576,456.52302704286683)
(690.9127327399683,456.4821408765124)
(690.9183604216622,456.44493077682273)
(690.9238885292935,456.40890914531167)
(690.9310157239713,456.36352755449013)
(690.9384081656017,456.3178337861616)
(690.945128170723,456.27761460187565)
(690.9512219714433,456.24233591425565)
(690.9581018051077,456.2041081578886)
(690.9644311224076,456.1703470003271)
(690.970571476077,456.1389287984317)
(690.9769127867755,456.1078844398668)
(690.9834937603505,456.07712857761476)
(690.9903531836808,456.0465850035944)
(690.9975295149278,456.01618738398327)
(691.0055254731468,455.98410251453765)
(691.0134702262685,455.95384216555226)
(691.0218420967037,455.9235893163403)
(691.0306724711661,455.8933193793829)
(691.0405676554944,455.86123252096587)
(691.0510362434784,455.8291013473603)
(691.0614540913112,455.79871661560634)
(691.0724153554448,455.76830009683573)
(691.0846376776834,455.7360714132388)
(691.0974750825867,455.70383685636995)
(691.1093638263312,455.67519420760766)
(691.1225200321205,455.64478814163726)
(691.1361770246345,455.6144236977201)
(691.1485929067932,455.58767228022776)
(691.1622231449347,455.55918965892073)
(691.1753087042135,455.53253466818796)
(691.1895768867546,455.50415370479334)
(691.2031845769105,455.47758315589584)
(691.2169813876701,455.45103630224116)
(691.2318616367377,455.42272556415793)
(691.2459039802008,455.39616291366826)
(691.2590488795911,455.3713100027108)
(691.2731276294469,455.3445723852003)
(691.2862154134604,455.31947407182184)
(691.3001254080789,455.2923590334975)
(691.3138648050449,455.2649482308013)
(691.3308992135608,455.2296297693762)
(691.3465923216864,455.1954823236624)
(691.360103683788,455.16447182157947)
(691.3730998622439,455.13270563534775)
(691.3855033501725,455.10008846793914)
(691.3979255321653,455.0643695348147)
(691.4082250428938,455.0319451293564)
(691.4183882050884,454.9962525499159)
(691.4271278766939,454.96175443169585)
(691.4350206745522,454.92616591362815)
(691.4420105537357,454.88943833767974)
(691.4480445296549,454.8515284213694)
(691.4533369750361,454.80970268724377)
(691.4572449870614,454.76923565052465)
(691.4600589923518,454.7274854331107)
(691.461743918144,454.6844290204098)
(691.4622232147183,454.6369950217726)
(691.4614897890972,454.59118607441286)
(691.4562858545112,454.50435805411126)
(691.4521840071833,454.4547609049322)
(691.44643440188,454.4003083500956)
(691.4403623749914,454.3514786045471)
(691.4326804560872,454.29780773384175)
(691.4238516941014,454.2427936633567)
(691.4146459431988,454.19028927556235)
(691.4037179785001,454.13272165456095)
(691.3926399373883,454.0778667917058)
(691.3798220571896,454.0178252618102)
(691.3670962577769,453.9607063295198)
(691.3526619598764,453.89829701255087)
(691.3385715853824,453.839024520424)
(691.3239415968721,453.7787592131491)
(691.3077441734204,453.7130878861787)
(691.2922684477618,453.65087373542843)
(691.2765305989336,453.58776918290584)
(691.2594820279851,453.51917538776513)
(691.2423746165383,453.44964254999036)
(691.2253400055229,453.37921260599416)
(691.208512644488,453.3079265623819)
(691.1920286443968,453.2358242795848)
(691.176024589209,453.1629441845119)
(691.1606363296048,453.0893229275542)
(691.1459977818271,453.01499500275816)
(691.1322397537396,452.93999235248015)
(691.1194888188278,452.8643439791526)
(691.1085708846034,452.79319872533483)
(691.0987295801962,452.72153157365284)
(691.0895226993239,452.6441636036866)
(691.0821826754031,452.57145960635)
(691.076171335809,452.49827055824375)
(691.0715574890569,452.424602174189)
(691.0684027928979,452.3504571044945)
(691.0667614915403,452.2758350605556)
(691.066793814374,452.1953318327126)
(691.0686641461175,452.1142703788113)
(691.0720429930957,452.03811787725044)
(691.077563591316,451.9559459579355)
(691.0850017414723,451.8731796386212)
(691.0943646223143,451.7898029965325)
(691.105649693789,451.7057991871139)
(691.1188449939052,451.62115098619586)
(691.1339294732114,451.53584130458154)
(691.1508733583087,451.449853661645)
(691.1696385373508,451.36317260690146)
(691.1901789621159,451.2757840811141)
(691.2124410628531,451.1876757112095)
(691.2363641736222,451.09883703595693)
(691.2618809671707,451.0092596619262)
(691.2889178994899,450.918937351583)
(691.3173956650031,450.82786604745087)
(691.3472296638727,450.7360438380163)
(691.3783304831607,450.64347087245966)
(691.410604393564,450.550149232351)
(691.4439538632007,450.4560827691716)
(691.47827808949,450.36127691693144)
(691.5134735495828,450.2657384892832)
(691.5494345691154,450.1694754704252)
(691.5860539083061,450.0724968087749)
(691.6232233636431,449.9748122219217)
(691.6608343826475,449.8764320207678)
(691.6987786884698,449.7773669600611)
(691.7369489104135,449.677628121745)
(691.7752392158931,449.57722683670363)
(691.8135459388386,449.47617464958216)
(691.849225303835,449.3813025193515)
(691.8872778701693,449.2790259034676)
(691.9250613457389,449.17613391924874)
(691.9626182693272,449.072853467201)
(691.9998527419056,448.96918242352865)
(692.0366728849681,448.86511599000914)
(692.0729914415352,448.76064701224584)
(692.1087262912764,448.6557662425974)
(692.1415036587402,448.55750911210725)
(692.1759229436091,448.4516121430489)
(692.2095580806999,448.34505010948794)
(692.2423245048402,448.2377597885269)
(692.2741400326946,448.12966157956004)
(692.3049268500049,448.02066278601313)
(692.3346133154081,447.91066086600074)
(692.3631355420708,447.7995465953123)
(692.3904387285094,447.6872070914541)
(692.4164782201561,447.5735286542469)
(692.4412202930332,447.4583993862383)
(692.4646426599202,447.34171156447394)
(692.4867347073993,447.2233637435332)
(692.5074974789451,447.1032625777984)
(692.5269434247201,446.98132435838403)
(692.5450959429332,446.8574762667766)
(692.5619887405695,446.73165735288825)
(692.5776650430954,446.6038192498416)
(692.5964962746343,446.42971601536226)
(692.6095389749961,446.29705919777683)
(692.6215688416765,446.16231788053113)
(692.6326588238297,446.025500112423)
(692.6428858295313,445.8866267211572)
(692.6523296483685,445.745730795345)
(692.6610719169834,445.6028570457464)
(692.6691951443381,445.4580610637488)
(692.676781810415,445.3114084934069)
(692.6839135489796,445.1629741315303)
(692.690670422005,445.0128409683856)
(692.6971302904187,444.861099179649)
(692.7033682830437,444.70784507839244)
(692.7094563630129,444.55318003420825)
(692.7154629885673,444.39720936519404)
(692.7214528630437,444.24004120758445)
(692.7274867670463,444.0817853675093)
(692.7336214642988,443.9225521598894)
(692.7399096715255,443.76245124105577)
(692.7464000819382,443.6015904444404)
(692.7531374315544,443.44007463258436)
(692.7601625977145,443.2780045833292)
(692.767526008675,443.11535903711905)
(692.7752575607752,442.9521665252346)
(692.7833821193966,442.78842373710495)
(692.791919964108,442.6241003963355)
(692.8008872956106,442.45914417602785)
(692.8102967979092,442.293485552669)
(692.8194726914354,442.13818749448336)
(692.8297630918679,441.97092946488925)
(692.8405185368443,441.80271051061374)
(692.8517440189848,441.63343673585814)
(692.8634442338032,441.4630175525327)
(692.8756242294656,441.29136883626944)
(692.8882900237171,441.1184156996942)
(692.9014491750714,440.9440948852964)
(692.9151112887218,440.7683567860845)
(692.92928843455,440.591167106472)
(692.9429820243024,440.4245101295522)
(692.9582002346355,440.2444794228195)
(692.9739857363099,440.0629962194682)
(692.990362513016,439.880096427564)
(693.0073576858837,439.6958349079735)
(693.0250013450252,439.5102854559998)
(693.0433262699364,439.3235405765725)
(693.0623686739566,439.13570258671575)
(693.0821653811165,438.9468954128634)
(693.1027543097393,438.75725603257314)
(693.1241736994302,438.5669340327073)
(693.1464612054958,438.3760909942386)
(693.1696528627947,438.18489971649007)
(693.1937819249994,437.99354329372136)
(693.2188775900935,437.8022140574421)
(693.2449636285007,437.6111123986466)
(693.272056936349,437.4204454852548)
(693.3001660427578,437.2304258913289)
(693.3292896063784,437.0412701560117)
(693.3594149423558,436.85319729150723)
(693.3905166260043,436.6664272607127)
(693.4225552233777,436.4811794462502)
(693.4554762011279,436.2976711335806)
(693.4892090682206,436.11611603155563)
(693.5236667998687,435.93672285411066)
(693.5587455892925,435.7596939867138)
(693.5943249655545,435.5852242605582)
(693.630268305904,435.4134998561771)
(693.6664237591342,435.2446973560692)
(693.7026255829114,435.07898296298583)
(693.7386958835489,434.91651189674525)
(693.7744467320274,434.75742797790093)
(693.8096826160015,434.6018634014533)
(693.8442031748475,434.4499386982834)
(693.8778061541822,434.3017628763571)
(693.9102905082394,434.1574337282535)
(693.941459573405,434.017038286447)
(693.9711242342388,433.88065340318826)
(693.99910600444,433.7483464279151)
(694.0252399492437,433.62017595192697)
(694.0493773823288,433.4961925875822)
(694.0713882790376,433.37643974749676)
(694.0911633580138,433.260954388082)
(694.1086157947304,433.14976768122807)
(694.1236825422252,433.0429055780015)
(694.136325246166,432.9403892289104)
(694.1465307526487,432.8422352266805)
(694.1543112174488,432.7484556396972)
(694.1597038344668,432.6590578074737)
(694.162770208531,432.5740438738871)
(694.1635954033719,432.49341003968846)
(694.1622866993315,432.41714552311015)
(694.1589644509438,432.34484879370814)
(694.1538453576698,432.2763498217543)
(694.1471845045274,432.21139691893296)
(694.1392682411597,432.14966429209187)
(694.130406266151,432.090761144425)
(694.1209232787705,432.0342419669567)
(694.1111505571395,431.9796176382165)
(694.10141779414,431.9263669443944)
(694.0920454758382,431.87394814581063)
(694.0833380286111,431.82181024642466)
(694.0755778975243,431.7694036680974)
(694.0690206559922,431.7161900861348)
(694.063891190181,431.66165124253024)
(694.0603809540753,431.6052966136851)
(694.0586462540072,431.546669866271)
(694.0588074947223,431.4853540853639)
(694.0609493016132,431.4209758012081)
(694.065121423906,431.3532078742322)
(694.0713403194269,431.28177132238943)
(694.0795913212798,431.2064361913157)
(694.0898312888216,431.12702157733145)
(694.1019916485716,431.04339491721186)
(694.1159817344136,430.9554706581264)
(694.1316923402245,430.8632084172551)
(694.1489994017695,430.76661073418956)
(694.1677677283866,430.66572051101446)
(694.1878547087658,430.5606182255005)
(694.2091139191839,430.4514189925806)
(694.2323921299015,430.3341908146918)
(694.257475033149,430.2095103270997)
(694.2841633369504,430.07795762899383)
(694.3103123110052,429.949693946349)
(694.3395996267898,429.80651357277173)
(694.3700131637595,429.65814989948313)
(694.4014293923792,429.5051655368368)
(694.433745679513,429.3481110281061)
(694.4668797330252,429.18752198885227)
(694.5007683930999,429.0239163776949)
(694.5353657823922,428.8577919145982)
(694.5706408485648,428.689623666349)
(694.60657435472,428.51986182375947)
(694.6431553953671,428.3489297007115)
(694.6803775372815,428.17722199072324)
(694.7182347050651,428.0051033213946)
(694.7567169493187,427.8329071499739)
(694.7958062497994,427.6609350435328)
(694.8354725153774,427.489456384159)
(694.87579218431,427.31831046015213)
(694.916682909961,427.1476939438799)
(694.9580383201418,426.9777729061956)
(694.9997262570193,426.8086845396721)
(695.0415879271402,426.640539459465)
(695.0834381101273,426.4734245334898)
(695.1250665128754,426.307406160545)
(695.1662402872435,426.1425338873113)
(695.2067076590381,425.9788442352986)
(695.2462025502969,425.81636459831856)
(695.2844500206523,425.6551170703058)
(695.3211723108013,425.4951220716179)
(695.3560952441292,425.33640165776694)
(695.3889547319963,425.1789824157912)
(695.4176103722538,425.0332204316598)
(695.4457907798358,424.8784205243684)
(695.4697220319281,424.7351824457241)
(695.4911457497461,424.593236607113)
(695.5099520694965,424.4526419772606)
(695.526060459212,424.31346598513613)
(695.5394211844671,424.1757841203083)
(695.5500161067994,424.03967927090173)
(695.5578588236209,423.90524083639133)
(695.5629941746963,423.77256365434135)
(695.565497153624,423.64174678077035)
(695.5654712731836,423.51289216333356)
(695.5630464410576,423.38610324518874)
(695.5583764075868,423.26148353548587)
(695.5516358501934,423.13913518014715)
(695.5430171602816,423.01915756428673)
(695.532726998108,422.90164597571237)
(695.5209826794955,422.7866903582593)
(695.5080084552153,422.67437418599974)
(695.4940317383926,422.56477349932663)
(695.4781662146587,422.4505394681924)
(695.4616843375592,422.33957392888874)
(695.4472813864814,422.2325629257691)
(695.4341282705595,422.12254503216604)
(695.422477459104,422.0099530148487)
(695.4125586527814,421.89521419382015)
(695.4045737715726,421.7787484304699)
(695.3984334738138,421.65245244732654)
(695.3948704997279,421.5251363033548)
(695.3939956881419,421.3972726574315)
(695.395570225584,421.27784946874505)
(695.4000063441285,421.150199608527)
(695.4071414402487,421.0232573566879)
(695.4160618123519,420.9057221581664)
(695.4271212020045,420.7894145729972)
(695.4401632009409,420.6745958005347)
(695.4550011494149,420.561504658096)
(695.4714231686625,420.45035777130624)
(695.4891978749141,420.341350160127)
(695.5080806248009,420.2346562063229)
(695.5292956634371,420.12317565289106)
(695.5496831835145,420.02174223254804)
(695.5704136936898,419.92304423386463)
(695.5912573049421,419.82718839973546)
(695.6120041697412,419.7342700589566)
(695.6324699735624,419.64437530365115)
(695.652500642639,419.5575830841237)
(695.6719761140915,419.4739671278412)
(695.6908130366153,419.39359759046795)
(695.708966295367,419.31654235132936)
(695.7276238122915,419.2378647140404)
(695.7455303130664,419.16314911538984)
(695.7627730177434,419.0924741551757)
(695.7783991861177,419.0300959417355)
(695.794752913064,418.96744409677876)
(695.8098381439011,418.91266608788425)
(695.8249054391163,418.86162725782947)
(695.8401187113138,418.81435793154935)
(695.856768979309,418.768057501835)
(695.872770677235,418.72862318136634)
(695.8893571082847,418.692941203046)
(695.9079069871248,418.658958342693)
(695.9273031731834,418.6291210073884)
(695.9475574011084,418.6032866656493)
(695.9671655918429,418.58250033847474)
(695.9888804348255,418.56383942363465)
(696.0111266968153,418.5485231950053)
(696.0321467484813,418.53687599070776)
(696.0546936079807,418.5271244207741)
(696.0754640290456,418.52007915999087)
(696.0956564090121,418.5147758363364)
(696.1162523567988,418.51071930095287)
(696.1342040281378,418.5079890462991)
(696.1505408729099,418.5059797815261)
(696.1649254498458,418.5043615907384)
(696.17703542875,418.5028150311774)
(696.1865718855003,418.5010363388529)
(696.1932666978308,418.49874218627775)
(696.196912256243,418.49539714612297)
(696.1970418204239,418.49125527943556)
(696.1937585692251,418.4858965575858)
(696.186971114612,418.47915773723025)
(696.1756278296417,418.4702087319923)
(696.1615058560419,418.460252900272)
(696.1439070782753,418.4486416602337)
(696.1211783382987,418.4342859755035)
(696.0947592760452,418.41804448606416)
(696.0670888990024,418.40130596102443)
(696.0366257858774,418.38308165052183)
(696.0036171889524,418.3634970062541)
(695.9683324645252,418.3427066055808)
(695.9282423888595,418.31925860828113)
(695.8891557776145,418.2965707845255)
(695.8487033889544,418.2733060359262)
(695.8041420122405,418.2480002768712)
(695.7587313014099,418.22263219061483)
(695.7159208276148,418.19918292426047)
(695.6698783952188,418.1746353791503)
(695.6239814927651,418.1509992080116)
(695.5815274322089,418.1300151824558)
(695.5396705605183,418.11036638630793)
(695.4986003702029,418.09229980634836)
(695.4556856089496,418.0750302338958)
(695.4167266303602,418.06095205085103)
(695.3763618025095,418.0484316445752)
(695.3374686201946,418.0386726535152)
(695.3025028668546,418.0321047509401)
(695.2688919000175,418.02817725492145)
(695.2366305840707,418.0269585011583)
(695.205809629138,418.0261870931647)
(695.1763342621471,418.0259527617852)
(695.1480631966563,418.0263266493246)
(695.1189464686045,418.0274846736445)
(695.0925585347802,418.0292586817506)
(695.0667127545713,418.0317371301656)
(695.0411431527498,418.0349134451247)
(695.0155697964021,418.0387648486134)
(694.989704968564,418.0432542631576)
(694.9632588830709,418.0483323472224)
(694.9339273996611,418.05438052113584)
(694.9053837752184,418.06048205849936)
(694.8754055758696,418.06696473697946)
(694.8413495989819,418.07425520967405)
(694.8076253491013,418.0812692054424)
(694.7717470899452,418.0884023993912)
(694.7335194098386,418.09555990051126)
(694.6927674079652,418.1026415213728)
(694.6460297204449,418.11001932915656)
(694.5995871518925,418.11660032707647)
(694.5502119492309,418.122749877991)
(694.4978122730681,418.1283285689452)
(694.438115138812,418.1334726000046)
(694.3792464031293,418.13736295978725)
(694.3171953168122,418.14014717621575)
(694.2519514300136,418.1416068600921)
(694.1835256226547,418.1414988629265)
(694.1065978672516,418.13927460685596)
(694.0317128240504,418.13504488997484)
(693.9538269171094,418.12833786657364)
(693.8730528310772,418.11880555513534)
(693.7833570529899,418.10492447538354)
(693.6907247580946,418.0868979180881)
(693.6019356895098,418.0660304939883)
(693.5044092961454,418.03856038799495)
(693.4116002164833,418.00802886628804)
(693.3173236917769,417.9722016551035)
(693.2150305817806,417.9272918452761)
(693.1188506428114,417.87930644107735)
(693.0154639872814,417.8205493621928)
(692.9191468592487,417.75900784809096)
(692.8234662228565,417.6905315177921)
(692.7222251436631,417.6090028805023)
(692.6293574684083,417.52569076875113)
(692.5322699080407,417.4281143382368)
(692.4440447403505,417.30811738427116)
(692.3649773695497,417.16757530218564)
(692.2993640674115,417.02010969147284)
(692.242087859461,416.85781278450673)
(692.1904330383412,416.6685380152305)
(692.1486106331638,416.4655956143472)
(692.1182259057219,416.2657292885969)
(692.0965585598989,416.05672086355975)
(692.0836687895442,415.8398415277642)
(692.0799988506789,415.5998479159844)
(692.0865340054044,415.35369615993625)
(692.1033384168144,415.1027969195386)
(692.1280238430049,414.865670927249)
(692.1617629855594,414.6266517179734)
(692.2083612884667,414.3695586777096)
(692.2609976584214,414.1297863785253)
(692.3228089541561,413.89113837318115)
(692.3938096550035,413.6545214213563)
(692.4804234942857,413.40433506743466)
(692.5775339356303,413.1585084372858)
(692.6772383825542,412.93372438354817)
(692.794353423098,412.6991051804123)
(692.9124612697153,412.486328672705)
(693.0391758831587,412.28045005018424)
(693.1845455472895,412.0685448628864)
(693.3282743934024,411.87899607078816)
(693.4797132858092,411.6982632467186)
(693.6384741562803,411.52689191897747)
(693.8164821997177,411.354600899661)
(694.0018028353722,411.19417976038125)
(694.1805750955846,411.05520727202173)
(694.3645944114576,410.92731424441484)
(694.5671020149617,410.8033014457791)
(694.7600942763547,410.699086690477)
(694.9707051080094,410.6007838256065)
(695.1843251162321,410.51585750071274)
(695.4001107902568,410.444220699533)
(695.6026511952133,410.38876717181563)
(695.8201666003796,410.3421780247723)
(696.022871089768,410.30952780554384)
(696.2389015746681,410.286541455366)
(696.4387884173361,410.2750552148089)
(696.6362625001027,410.2730372584396)
(696.8306706881287,410.2799460923851)
(697.0213820522507,410.29520795953533)
(697.2077917865972,410.3182267143596)
(697.3893247808365,410.3483934132811)
(697.565438782591,410.3850953376063)
(697.7356270976621,410.42772422417386)
(697.9106309558497,410.47951714798273)
(698.0671139052997,410.53256680811126)
(698.2264630002254,410.5941766432092)
(698.3770784064033,410.6599101282445)
(698.5185923695137,410.7291605008502)
(698.6424705383279,410.79636670142196)
(698.7655369479446,410.8708405600728)
(698.871798745378,410.94208205849884)
(698.969325949919,411.01470136504116)
(699.0580200109933,411.0883752975093)
(699.1428352837507,411.1681857806254)
(699.217399383629,411.2485460997644)
(699.2780650891685,411.32377541237435)
(699.3298338872858,411.399019117827)
(699.3727628037949,411.4740861043376)
(699.408704223266,411.55411388858136)
(699.433606449102,411.62829039736766)
(699.4505132911304,411.7070097587954)
(699.4578325429198,411.7848140985084)
(699.4564973574014,411.8565060378108)
(699.4459119226043,411.9321269177954)
(699.428284880453,412.0015540437087)
(699.4031408004058,412.06972625432456)
(699.3678570634003,412.1412132617474)
(699.3245612232851,412.2110273674049)
(699.277482795632,412.2746295319157)
(699.2240433933699,412.33658204491365)
(699.1598603955289,412.4009630815173)
(699.0891798196322,412.4632416521885)
(699.013804502664,412.49780007582916)
(698.9402134336141,412.5074164561106)
(698.8587050936957,412.4933527475213)
(698.7758263234417,412.4566808769926)
(698.6929902640347,412.39917774088906)
(698.6117022295189,412.3226377052956)
(698.5335278483633,412.2288690357635)
(698.4646655824234,412.1279251345917)
(698.397070480075,412.00604566234415)
(698.3407255727401,411.8819034447483)
(698.2894883242702,411.7386197373814)
(698.2487857643148,411.5867919647303)
(698.2198991929423,411.42808774969757)
(698.204219557565,411.2753551817295)
(698.200611362595,411.11922325146423)
(698.2113468591849,410.94932293170143)
(698.2372818040204,410.77805630553456)
(698.2788018730332,410.6065266547123)
(698.331277574308,410.44702833314807)
(698.4032256154148,410.27756217028997)
(698.4906584514591,410.110156427655)
(698.5853743906424,409.9561228278338)
(698.7013527463679,409.7939417581604)
(698.831078211735,409.6348197759532)
(698.9633665646571,409.4890439742656)
(699.117071462181,409.3359877539774)
(699.2700441692181,409.195779755863)
(699.4316498316631,409.0580884689268)
(699.6136758679487,408.91326202742647)
(699.7903296349531,408.78023647354956)
(699.9728576162161,408.64915196651106)
(700.174174917997,408.51069225554045)
