Person 15
Starting Position = (155.64141520979905,360.2492811144492)
(159.155317298337,360.51462660126487)
(162.07949064963043,360.73544820038046)
(164.97968290885984,360.9544682887775)
(168.47562156947987,361.2184928743915)
(171.7074973404189,361.462582766729)
(174.64544643662998,361.68447889140765)
(177.5251296697454,361.90197911787686)
(180.42514268792135,362.12101931606685)
(183.3054074556629,362.33857150541166)
(186.22536978983118,362.5591247254106)
(189.12537648017144,362.77817175590695)
(191.96568134566093,362.9927089825747)
(194.82572384169254,363.20873549101026)
(197.64591793535257,363.42174929366774)
(200.64471239621372,363.6482484371545)
(203.48450096348932,363.862731597801)
(206.32415966003384,364.07719736445273)
(209.14383209847554,364.2901449321949)
(211.9633756195463,364.5030728035704)
(215.358554032305,364.75945547830287)
(218.57487729536672,365.0023112306522)
(221.53296553235228,365.2256479472986)
(224.3321079274226,365.43696529366764)
(227.40902876688858,365.66923022784977)
(230.26745756717216,365.8849805772005)
(233.04636157869544,366.0947074697396)
(235.84498750074678,366.3059009590253)
(238.7228710089117,366.5230515794278)
(241.97768191766565,366.7686108756883)
(244.73621059976242,366.976701289253)
(247.45492791137627,367.1817620658985)
(250.1735224538409,367.3867871077499)
(252.9118340186131,367.59327201670465)
(256.00715264410417,367.8266419754856)
(258.9832710119923,368.05098902162695)
(261.87988463476756,368.2693069928452)
(264.558137929229,368.4711356865483)
(267.23626604197204,368.6729236282439)
(269.93410219345503,368.87616478874236)
(272.61197089118076,369.0778702145152)
(275.289706970425,369.279533809135)
(278.06647361770615,369.4886207869983)
(280.7241019896647,369.68870407594864)
(283.34193213990346,369.88575895059506)
(286.75281547053953,370.1424553379275)
(289.78674311897265,370.37073229460333)
(292.54291297889773,370.57806765081114)
(295.3187603907687,370.78684095470936)
(298.37200317017397,371.0164272941587)
(301.12769587591646,371.22359784813676)
(303.62552961152784,371.411348978273)
(306.16286948089777,371.60203600442827)
(308.85862681090754,371.8045917809438)
(311.5343944208334,372.00560966267784)
(313.9919917473285,372.1902071907744)
(316.46925707092726,372.3762519892484)
(318.90673544443484,372.5592803152471)
(321.4827591664846,372.75268085621946)
(324.0784192735467,372.9475242751594)
(326.47578188103904,373.1274556946611)
(328.91260576711517,373.31032178312853)
(331.4284963140493,373.4990931131784)
(333.9045890718223,373.68485148655145)
(336.3606950547765,373.8690844860519)
(338.85622819069044,374.05624876832)
(341.37137329636215,374.24485796876655)
(343.7279111192255,374.42155102445133)
(346.00507269183817,374.5922726066541)
(348.36125920563734,374.7688988692283)
(350.55888627255,374.9336228213541)
(352.77614506992023,375.09980304019285)
(355.46828005096444,375.30155406507566)
(358.04141615384026,375.4943686172135)
(360.4164241813769,375.6723215557615)
(362.67250408500024,375.8413514701502)
(364.8096805088409,376.00146405028795)
(367.0851896107495,376.1719327572005)
(369.2813726789855,376.3364542677191)
(371.39824648583925,376.4950326504605)
(373.4556082960439,376.6491535057511)
(375.5523659264647,376.8062288798184)
(377.72806279112535,376.96922447665634)
(379.9035750713746,377.1322160377734)
(381.98003195159504,377.28779828018355)
(383.99700194129457,377.43893790245653)
(385.95449823204876,377.58563795532916)
(387.9316121940982,377.7338292727778)
(389.8888024625845,377.8805518241068)
(391.82607327905856,378.02580930158723)
(393.78295907491366,378.17257080272844)
(395.7396920037242,378.319359003024)
(397.6369867765666,378.4617291624416)
(399.5538993179631,378.60561843768045)
(401.4706669040555,378.7495497040615)
(403.367533026881,378.89204452507914)
(405.3037714831261,379.0375643500614)
(407.22011128503425,379.18166204821154)
(409.1165585467505,379.3243435996469)
(410.9733674093213,379.46412727972114)
(412.8695499700355,379.6069719312091)
(414.70635415622246,379.7454434864641)
(416.523289605221,379.8825244226666)
(418.32036203228716,380.01822139951685)
(420.11732267972246,380.1540348822495)
(421.91417369659916,380.2899760696504)
(423.6911742106519,380.42456002252027)
(425.8036856342124,380.5847759701059)
(427.7778757990885,380.7347140687496)
(429.87038978330855,380.8938990301567)
(431.68644408716807,381.03226722139345)
(433.44319865460625,381.1663339639749)
(435.10118988727356,381.2930714137558)
(436.9367405856459,381.43365452847416)
(438.71300628891464,381.5699729514094)
(440.3905281807541,381.6989778329216)
(441.9890539757824,381.82216453857677)
(443.5875283838634,381.94562071557755)
(445.18595404409876,382.06936411638634)
(446.82379886188664,382.19648409699977)
(448.4615991410146,382.3239464237626)
(450.09935888664717,382.45177327960545)
(451.77654477438625,382.58308698648136)
(453.2958509863461,382.7023970181391)
(454.8151339216537,382.8220824315456)
(456.35412765644924,382.94372898113676)
(457.87337497483765,383.0642346374343)
(459.3728804150291,383.18360540483525)
(460.8526483505454,383.3018465669759)
(462.3324131320692,383.4205514763685)
(463.7727185226367,383.53655253654136)
(465.21302889780924,383.6530375606048)
(466.6533484058939,383.7700296351936)
(468.093681392306,383.8875525691997)
(469.5340324122638,384.0056308777394)
(470.95467477815595,384.12265645511474)
(472.33588029968024,384.23698860203336)
(473.73684805805766,384.3535513357494)
(475.1181184226956,384.4690771162587)
(476.47969452927674,384.5835637982426)
(477.86104769932854,384.7003632399385)
(479.202979998816,384.8144661044253)
(480.52522758191503,384.92753558110235)
(481.86726599461497,385.0429799981388)
(483.4067429223261,385.17633744480975)
(484.7094405397244,385.2898748641838)
(486.0122063297581,385.4041307810504)
(487.3150451261242,385.5191272200312)
(488.5982194645249,385.6331209113228)
(489.9012176224009,385.7496525311008)
(491.18455841585126,385.8652003654194)
(492.4877355596663,385.9833533381425)
(493.73176650709564,386.0969093337921)
(495.370890394849,386.24788931854096)
(496.7336564356741,386.37438227554503)
(498.2150746231439,386.5130595334784)
(499.61784248639646,386.64395232302223)
(500.8627973862872,386.76009963292597)
(502.08820732757226,386.87460334401356)
(503.2940477740374,386.98759988347274)
(504.50007404234816,387.10104893662725)
(505.6865033736652,387.2131626319502)
(507.07090324592025,387.34476808929713)
(508.3170497804696,387.4639371213036)
(509.5040255761277,387.578133414421)
(510.65159496039524,387.6892114848604)
(511.7993251839176,387.8010033739577)
(512.9274239093428,387.9115775405242)
(514.0754781435475,388.0248433785399)
(515.2038988680424,388.13689615318594)
(516.391890025397,388.2556781000786)
(517.5800413633063,388.37527470051776)
(518.7881665654093,388.4977190426799)
(519.9172242312056,388.612888574423)
(521.04643872699,388.7288173899405)
(522.1361798061077,388.8413881054132)
(523.2062515881611,388.95259672218344)
(524.2764683397672,389.06448891434286)
(525.3270061753034,389.17496508591455)
(526.357857020756,389.2839846995797)
(527.3888417082717,389.39362727447735)
(528.4199591619791,389.50388658325153)
(529.451207864548,389.61475511136535)
(530.4825858447609,389.7262240367824)
(531.5339297776508,389.84044962633885)
(532.5655608463271,389.95309846102964)
(533.5973122445629,390.06631268848054)
(534.6291798995396,390.1800776525001)
(535.6810070505538,390.2965853638428)
(536.8520455378634,390.4269451895428)
(537.8643942228905,390.5401037529559)
(538.8371247083794,390.64924385650585)
(539.8099304421538,390.7587823231706)
(540.7828040837613,390.86869613191715)
(541.7557374065577,390.9789599301598)
(542.7287212391332,391.0895459206862)
(543.7017453948746,391.2004237183418)
(544.6946574360494,391.313833374402)
(545.6677274841632,391.42519669522824)
(546.6408000038507,391.5367426084811)
(547.5940013569995,391.6461440158003)
(548.5471750956079,391.7556338170352)
(549.5003049233708,391.8651646510015)
(550.5327899431186,391.983808973205)
(551.4262134766075,392.08642093585)
(552.3393962540458,392.19119696626177)
(553.2723105002229,392.29806884256993)
(554.1852368067234,392.40242958273353)
(555.0979992200595,392.50648614329737)
(556.0304042040414,392.6124116332033)
(556.9427476706729,392.71562857410504)
(557.8548342753705,392.8183081736926)
(558.7468115271319,392.9181576155808)
(559.6384692856843,393.0173210510923)
(560.5099669267912,393.11353616642606)
(561.4008651867255,393.2110611764203)
(562.2715292574757,393.30548092042574)
(563.1614709441318,393.40095597379167)
(564.0705931142978,393.4972899473031)
(565.294722075076,393.6245696671621)
(566.3007164373986,393.727323862983)
(567.4040582596002,393.83765862442874)
(568.2700792736492,393.9226451675105)
(569.1154874069027,394.0039316398819)
(569.9598802771834,394.0833060877252)
(570.8227512693082,394.1623681945129)
(571.6843572498581,394.2391100139018)
(572.5250636602731,394.3117359716425)
(573.3643368299405,394.3818347743952)
(574.1826053024196,394.4477452850263)
(574.9604457991278,394.5080685268868)
(575.7367057976801,394.56581826157645)
(576.627145859188,394.6286498542942)
(577.4573560556548,394.68410582432074)
(578.4003673296974,394.74284052689455)
(579.2253370865304,394.7908160781406)
(580.0284646796059,394.8341550896259)
(580.8856628726469,394.8764120386928)
(581.6447905089287,394.9105911749961)
(582.3820103672656,394.9406542534785)
(583.0786090431606,394.96618190141453)
(583.7908776203258,394.98918171580107)
(584.499787144109,395.0089138876279)
(585.2051280882444,395.0253368913387)
(585.9066847833502,395.03841764654845)
(586.6589663245851,395.0485989038747)
(587.4606050244136,395.0549627379678)
(588.1843862882687,395.05699685558477)
(588.8850987051876,395.05542442308416)
(589.598304251873,395.0500800784714)
(590.3057955990345,395.041029858889)
(591.0073425331304,395.02830959358363)
(591.6854927662005,395.01246808831)
(592.3405132260731,394.9938214188393)
(592.9726958170534,394.9726897935966)
(593.5991357230952,394.94865476630133)
(594.2030860791804,394.9226080679578)
(594.8178308469446,394.89311447288543)
(595.410209576628,394.86195202552403)
(596.0129002828747,394.8274317276442)
(596.6094076285332,394.7905591536108)
(597.1997256403005,394.7514912809911)
(597.7526245497146,394.7127426221012)
(598.3000724589864,394.67236357876175)
(598.8421637794246,394.6305348190533)
(599.3790314843275,394.5874572851966)
(599.9258968110588,394.5420545317933)
(600.4527472817582,394.49714111241695)
(600.9898223815724,394.45039898473027)
(601.5077243822459,394.404741932337)
(602.0217068224835,394.359165970343)
(602.5321330974487,394.3139705205817)
(603.0537899097058,394.2681896154181)
(603.5426368551396,394.2231920170521)
(604.0281934390315,394.177073230227)
(604.4968862696561,394.13185847861314)
(604.9775692160828,394.0853659495473)
(605.4846451870704,394.03684738443127)
(606.1445120744952,393.97550760524246)
(606.621438770119,393.93296861929497)
(607.0983682636449,393.8925890543601)
(607.5616056293662,393.8556571978633)
(608.0113580445402,393.82209176057813)
(608.47593153747,393.7898872708256)
(608.9272554667733,393.76089462501045)
(609.393614172665,393.7332492701172)
(609.860893170168,393.7076819210009)
(610.3147992380239,393.68465751635296)
(610.7836103736477,393.66252659861294)
(611.2387312209067,393.6423249191966)
(611.6799314032606,393.6236866686518)
(612.1212278455654,393.60572067929974)
(612.5623902188009,393.5881675285479)
(613.0031691349565,393.5707744399085)
(613.4433013972364,393.5533005215639)
(613.8825148861544,393.5355210422632)
(614.3346237051584,393.5166104897962)
(614.7711260719284,393.497594049239)
(615.1919116564055,393.47840256728745)
(615.6108242524465,393.4582998788566)
(616.0276375579526,393.437185498065)
(616.4421413456151,393.41498198121633)
(616.8404945450617,393.39246144601054)
(617.2499273576868,393.3679894818496)
(617.6565724457405,393.34233537837474)
(618.0603371885437,393.31551568188945)
(618.4611711458402,393.28757011908687)
(618.8590682394828,393.2585605313458)
(619.2540668843498,393.2285693339763)
(619.6592208692983,393.19662654305574)
(620.0410271585587,393.16745970210246)
(620.4250072771799,393.13886101765064)
(620.8105258643952,393.11066853372853)
(621.1835933968523,393.08368258826266)
(621.5702794714826,393.0558246162744)
(622.1295470099719,393.01514348285025)
(622.5410947217063,392.98491005209894)
(622.9378243701585,392.9568790659742)
(623.3586638055866,392.9280483293702)
(623.7636592467835,392.90083866892104)
(624.1526924765315,392.8749498905462)
(624.5257839598305,392.85015972113024)
(624.9209775005412,392.82374228355394)
(625.2874095366493,392.79900668858124)
(625.6490384766917,392.7729633345322)
(625.9940053410461,392.74678150505457)
(626.3230807318286,392.72077391187185)
(626.66088539153,392.6932113249759)
(626.9956931429463,392.66532878031035)
(627.3044507452663,392.6394259180465)
(627.6114881365892,392.61374855266376)
(627.9289260889749,392.5875780938806)
(628.2337495543978,392.56309037962166)
(628.5731518909047,392.53692337076205)
(628.8774385849063,392.51465260986964)
(629.1937976593754,392.49301379229547)
(629.5226453666343,392.4723795326594)
(629.8880505380241,392.4519472372312)
(630.2076644735673,392.43617801849615)
(630.5209642335111,392.4234951988765)
(630.8393128302341,392.41327498869583)
(631.1496027895527,392.4056634716805)
(631.4635620089114,392.40017302669634)
(631.7806444320529,392.39668725541327)
(632.0874139585711,392.3950735905496)
(632.4089712614747,392.3951226394594)
(632.7319564826066,392.3967456119385)
(633.0428248930899,392.39961327198)
(633.3669637449719,392.4038542323016)
(633.6908759138618,392.4091837468045)
(634.0140389713604,392.4154378998817)
(634.3231410586864,392.42215258554154)
(634.643423820457,392.42975773405755)
(634.9489361045501,392.4374824753467)
(635.2395954556486,392.44515241926996)
(635.5650181101652,392.4539849355082)
(635.8868965548155,392.462799364269)
(636.1928080251895,392.47109357137435)
(636.5186538812967,392.47963296367163)
(636.8045232365115,392.4867355122264)
(637.0980156194113,392.4934325525252)
(637.3756987458588,392.49905715655905)
(637.6604296284619,392.50387180679655)
(637.9295788534189,392.50737965176546)
(638.2162193645521,392.50969844470416)
(638.4767101977355,392.5104499565708)
(638.7121755133926,392.5098924670665)
(638.9548508716598,392.5078777786733)
(639.1839757405749,392.5046080649691)
(639.4204609442816,392.49970763228526)
(639.6441522100182,392.4936928477894)
(639.8656259419779,392.48640379706615)
(640.095088763555,392.477476033128)
(640.3130626404392,392.4678691003576)
(640.5299044459564,392.4573384867303)
(640.7459994401852,392.44607624972735)
(640.9519764005247,392.4348405761041)
(641.1580151867946,392.4232969134345)
(641.3644700956012,392.411628709365)
(641.5716870415155,392.400019237535)
(641.779998729561,392.38864560924156)
(641.9897202980156,392.37767338674644)
(642.2011454233344,392.3672520607212)
(642.4145428847312,392.3575115702725)
(642.6301535840495,392.34855995718783)
(642.8481880075439,392.3404821631022)
(643.0688241019247,392.3333399042773)
(643.2922055203743,392.3271724972185)
(643.5184401785918,392.3219984617081)
(643.7586465962551,392.3176580238713)
(643.9797146652551,392.3146081327667)
(644.214798565498,392.3123565541585)
(644.4299063724872,392.3110832925111)
(644.6589379146798,392.3105429930339)
(644.8904766888036,392.31075957085017)
(645.1243962448675,392.31168679791074)
(645.3724515535255,392.31337973865084)
(645.6107194298173,392.31560098775384)
(645.8387185224661,392.3182141154246)
(646.0681574752448,392.3212770003021)
(646.2988146101568,392.32473119823106)
(646.5304534638624,392.32851244461574)
(646.7628259660542,392.3325499496377)
(646.9956766564096,392.33676560730686)
(647.2287478740301,392.3410731913456)
(647.4617857688228,392.345377615263)
(647.6945468939115,392.34957432820386)
(647.9268050530786,392.3535489039056)
(648.1583580106035,392.357176859826)
(648.3890336338634,392.3603237209328)
(648.618695039736,392.3628453218038)
(648.847244357517,392.3645883250837)
(649.0746248015839,392.3653909262369)
(649.3008208589099,392.36508371437475)
(649.5258565281324,392.3634906654114)
(649.7497916842282,392.3604302542204)
(649.972716771672,392.35571668356897)
(650.1947461368007,392.34916123647133)
(650.4160103878004,392.3405737633236)
(650.6366482133639,392.32976431527965)
(650.8567980981484,392.3165449316607)
(651.0765903489474,392.300731583724)
(651.2961524357322,392.2821487546863)
(651.5040538567204,392.26191514997805)
(651.7119181155666,392.2389176592274)
(651.9197930797604,392.2130329429764)
(652.1277046129145,392.1841517827991)
(652.3356558043586,392.15218165592194)
(652.5436275459609,392.1170494791668)
(652.7515802708831,392.0787045122237)
(652.9594566434611,392.03712140726003)
(653.155664333485,391.9949698817847)
(653.3631871229575,391.9471347021451)
(653.5703949440027,391.8961638273791)
(653.7771969862772,391.8421637687375)
(653.9835039733615,391.7852820549918)
(654.1892316126746,391.72570978593666)
(654.3943033915652,391.6636835494946)
(654.5986525604845,391.59948644964504)
(654.8022231976414,391.53344798645446)
(655.0049703152276,391.4659425511008)
(655.2068590403128,391.397386351592)
(655.4189618361999,391.32434405259863)
(655.6189973316766,391.25506371048874)
(655.8071515407745,391.19002549850484)
(655.9945456386927,391.12581964128486)
(656.1812061890384,391.0628912998692)
(656.3671690727786,391.00168406482135)
(656.5524715793069,390.94263235256574)
(656.7371457949781,390.88615409385733)
(656.9212132720701,390.832643993575)
(657.1046809082683,390.7824676067603)
(657.2875379311706,390.73595642734017)
(657.4590809805594,390.69570285811284)
(657.6406554317687,390.6571310979815)
(657.8320445825759,390.6212163436559)
(658.0119416302257,390.59188992493625)
(658.1908651578372,390.5672854779418)
(658.3686818354745,390.5474926999678)
(658.5452408601826,390.5325644838587)
(658.7203761282101,390.5225197389895)
(658.893908871453,390.5173463954907)
(659.0656507623964,390.51700436110093)
(659.2354074858912,390.5214282229268)
(659.4126956111404,390.5313363269611)
(659.5777491295181,390.54525356592615)
(659.7402317541487,390.5635991376508)
(659.8999704239626,390.58622201565413)
(660.05680985832,390.61295119007826)
(660.210617778551,390.64359493805534)
(660.3612899758865,390.6779397130256)
(660.5087550491247,390.71574883181194)
(660.6529786259455,390.75676116711435)
(660.7939668799856,390.8006900692225)
(660.9317691627692,390.8472227426969)
(661.0664795863464,390.89602029085876)
(661.1982374196881,390.9467186134979)
(661.3272261995211,390.9989303026213)
(661.4464329962636,391.0490892526022)
(661.5636755135025,391.0999177460552)
(661.6792322753608,391.1510640030892)
(661.8215159772144,391.2149312159977)
(662.003972018201,391.2966642377298)
(662.1299732449137,391.35184809789445)
(662.2492012926366,391.40224892745607)
(662.3691125684846,391.45050711152487)
(662.4901335465938,391.49621905100406)
(662.6126482963333,391.53901067612736)
(662.7369874552346,391.57854512510494)
(662.8634189769796,391.61452990045905)
(662.9998500249659,391.64838949934096)
(663.1389858130116,391.67778855047874)
(663.2889079988154,391.70370098424104)
(663.4418160489167,391.72441445011555)
(663.5891889942612,391.7393697747955)
(663.7303904841566,391.74939127097963)
(663.8818287624692,391.7555543194417)
(664.0347724949415,391.75747595171356)
(664.1718327797523,391.75602813357693)
(664.3096216362314,391.7516140370465)
(664.4477599976146,391.7444569629232)
(664.5945002768146,391.7340580998546)
(664.7322002888784,391.7220779830435)
(664.8776493553438,391.70723154853476)
(665.0134424369036,391.69170746114594)
(665.1478364693284,391.6749683583532)
(665.2805626331941,391.6573633065576)
(665.403326491694,391.64039757989855)
(665.5242612991144,391.623273407236)
(665.6432372682907,391.6062985157622)
(665.767802215544,391.588735355097)
(665.8824660412298,391.5730637980254)
(665.9949917687568,391.55849758830516)
(666.1053908554803,391.5453447366301)
(666.2137058430856,391.5339070596575)
(666.3269443139927,391.5240114903937)
(666.4311915902384,391.51704010843065)
(666.5403297130503,391.5125465678226)
(666.6606737713121,391.51163627036175)
(666.7852205061756,391.51573002450385)
(666.8760102019762,391.5217457159292)
(666.9723541262767,391.5318584495512)
(667.0679930296938,391.54585008341024)
(667.1631381807792,391.5639086072602)
(667.2642600522018,391.587988741804)
(667.3588782335148,391.61490097285616)
(667.4533716326213,391.6462089947562)
(667.5477273844411,391.6819171981748)
(667.6356001016818,391.71902319160074)
(667.7231490802399,391.7598213550784)
(667.8163604530865,391.8076316619293)
(667.9025882947886,391.85562814427277)
(667.9877579675639,391.90678135421695)
(668.0715412295178,391.96083551898244)
(668.1535781916805,392.0174982361658)
(668.2334860764645,392.0764429882155)
(668.3108686547034,392.1373117462792)
(668.3853261442944,392.19971761723184)
(668.4564653466898,392.2632475251738)
(668.5239097893841,392.327464953224)
(668.5873096366589,392.391912800168)
(668.6463511308463,392.4561164269375)
(668.7007653353756,392.51958697808794)
(668.7535013565164,392.58618062216976)
(668.7977143135095,392.64655801052237)
(668.8368322984778,392.70465101705764)
(668.8708370978509,392.7599556104676)
(668.8997827536195,392.81197703064237)
(668.923797089146,392.8602358155877)
(668.944092823794,392.9071021516272)
(668.9586069822021,392.94616354224206)
(668.9698581178905,392.98419351617)
(668.9764157876468,393.01509361918005)
(668.9791043465237,393.0374082124454)
(668.9796961166941,393.05292856462944)
(668.9792244017889,393.0612411832137)
(668.9785869310917,393.06322198946583)
(668.9787308520101,393.0587960569663)
(668.9806640009717,393.04798303923144)
(668.9854263841427,393.0309045234854)
(668.9949698715161,393.0056838689284)
(669.0088499939225,392.97646853256515)
(669.0286788514913,392.942018971827)
(669.0577920804793,392.8997267524077)
(669.0927125697328,392.85622770004994)
(669.1398537830888,392.8058139823795)
(669.1930021024732,392.75625076088454)
(669.2558144963978,392.70498158930576)
(669.3346637163354,392.6490590886617)
(669.4186367559723,392.5968960245965)
(669.5131715654607,392.54560340183144)
(669.6266655453416,392.4926003065003)
(669.7523399907274,392.4425177971781)
(669.8900522424265,392.39626237526306)
(670.0395542075403,392.3546646983489)
(670.2005039709189,392.31846690664435)
(670.372477579646,392.2883124227799)
(670.5549806288399,392.2647382508856)
(670.747459343952,392.2481697396946)
(670.9493109271392,392.2389177270516)
(671.1598930109699,392.2371779472962)
(671.3785321389367,392.24303255544703)
(671.6045312657477,392.2564535997589)
(671.8371763374372,392.27730825448356)
(672.0757420680744,392.3053656060606)
(672.3029307996645,392.3375401457739)
(672.5508546608633,392.3785268279954)
(672.8025554930755,392.425559352444)
(673.0573099116294,392.4781087056867)
(673.3144059076037,392.53559592575414)
(673.573147375951,392.5974031524416)
(673.8328588566935,392.66288456225635)
(674.092890483047,392.7313769985214)
(674.3526230715293,392.8022101428245)
(674.611473236604,392.8747161117188)
(674.8688983712058,392.94823839857685)
(675.124401308568,393.0221401114162)
(675.3775344726588,393.0958114809653)
(675.6279033350156,393.16867662815554)
(675.8751690236709,393.24019958693583)
(676.1190499719069,393.309889578296)
(676.3593225455828,393.37730552685275)
(676.5958206410422,393.44205980475436)
(676.8131689766734,393.4998773116725)
(677.0270849937878,393.5548512745879)
(677.2523284618056,393.61029866128564)
(677.4736548094851,393.66213254567884)
(677.691142277598,393.71025259795795)
(677.9049071647459,393.7546171890001)
(678.1150981618656,393.79524139544725)
(678.3218899989957,393.8321942702633)
(678.5254762911399,393.86559549292366)
(678.7260614193102,393.8956115475929)
(678.923851220329,393.92245159545695)
(679.1061881270052,393.9449332061894)
(679.299112325384,393.9663530604464)
(679.4897383936714,393.98541435845965)
(679.6735314773019,394.00402395571024)
(679.8761741091128,394.0248315184573)
(680.0692418945039,394.0449111255086)
(680.279423958471,394.06714216837366)
(680.4772847635243,394.08845945563354)
(680.6756550299501,394.11033773228905)
(680.8732969403313,394.13279471366747)
(681.0827534742134,394.1575895848579)
(681.2748255872921,394.18141019259906)
(681.462156976364,394.20597405592355)
(681.6434492002721,394.2313385820203)
(681.829338247903,394.2594958492082)
(681.9943290414461,394.2865952617552)
(682.1498130461263,394.31444026040236)
(682.2949715279025,394.34288043140185)
(682.4379685016144,394.37378624500707)
(682.5601666595952,394.4026290406261)
(682.6781233305886,394.43307212498206)
(682.7834450354452,394.46244544736754)
(682.8713505437074,394.4883239469866)
(682.9545711895196,394.5136731374784)
(683.0281590138582,394.53597837999746)
(683.0936809345525,394.5546404003605)
(683.1528686138282,394.56916646622284)
(683.207545493034,394.5792017605652)
(683.2562491534046,394.5844627501048)
(683.3074490942748,394.58538223296404)
(683.3593916309509,394.5817145173571)
(683.4358398361948,394.56939418158555)
(683.5384505685679,394.5494712377697)
(683.6654329659265,394.5232393337568)
(683.8150158413558,394.4919645541736)
(683.9854521819111,394.4568616121965)
(684.1750232019218,394.4190735027588)
(684.382041676116,394.3796549767898)
(684.6048543993788,394.33955999388826)
(684.8418437399721,394.2996331390751)
(685.0990771686862,394.267797554713)
(685.3749429145545,394.2444314793252)
(685.667888347414,394.2297526670561)
(685.9764213189225,394.22383272971024)
(686.2991116524025,394.2266131148746)
(686.6345929436137,394.2379220416573)
(686.9815647639109,394.25749172425793)
(687.3387952840376,394.2849752585895)
(687.7051242700907,394.31996262618907)
(688.079466349409,394.36199537605006)
(688.4608144065829,394.4105796694361)
(688.8482429487966,394.465197504924)
(689.2409112732113,394.525316071241)
(689.6380662734222,394.5903952960243)
(690.0390447327982,394.6598937637825)
(690.4432749653944,394.7332732626804)
(690.8502776763295,394.81000228571116)
(691.2596659201226,394.88955885698226)
(691.6711440355465,394.9714330783776)
(692.0845054280901,395.05512979583506)
(692.4996290560335,395.14017176751054)
(692.9164744541324,395.2261036771071)
(693.3350751014592,395.3124972729658)
(693.7555299092995,395.3989578251138)
(694.1779925741386,395.4851319764011)
(694.6026585134597,395.5707169186202)
(695.0297490828549,395.6554706492173)
(695.4594927674164,395.73922285813217)
(695.8921030563057,395.8218857555325)
(696.3277527597292,395.9034638741648)
(696.7665446375073,395.9840615527392)
(697.2084784295163,396.0638864107277)
(697.6534148115035,396.1432466459689)
(698.1010376240935,396.22253945326963)
(698.5508172017917,396.30222744032153)
(699.001980015219,396.3828000753853)
(699.4857780200987,396.47067811098765)
(699.9362877002704,396.55443068100556)
(700.384265982505,396.64010108127826)
