Person 84
Starting Position = (242.22114921920496,649.9567382227516)
(245.70500783147116,648.0544518920035)
(248.61774926553147,646.4640405178146)
(251.52036737619096,644.8791863330666)
(254.2310066123275,643.3991773712993)
(256.94795448200375,641.9157477203331)
(259.6146249135429,640.459791808234)
(262.2119811106043,639.0417019972548)
(264.82724802378647,637.6138575359125)
(267.4075574281476,636.2051235221762)
(270.00548743116593,634.7867975291791)
(272.6034518402603,633.3684836074766)
(275.1838837790778,631.9597745515821)
(277.729224346611,630.5702579835973)
(280.27458136460194,629.1807722236216)
(282.97794893211585,627.7050845912021)
(285.5233457174183,626.3156761197419)
(288.0863191309591,624.9167292882081)
(290.61420718223076,623.5369928138249)
(293.15967814008866,622.1477282248309)
(296.05629947818835,620.5669303976354)
(298.72474009887594,619.1107512232186)
(301.2878860552495,617.7121240746256)
(303.7808500337654,616.351890190081)
(306.50210790258564,614.86724084538)
(309.1532034449893,613.4210159165542)
(311.7165785142258,612.0227897401861)
(314.2097913198835,610.6629852774421)
(316.65040250464347,609.3320295383238)
(319.1086557787269,607.9916375234386)
(321.5494416772691,606.6609699700272)
(323.99032996052904,605.3304688389208)
(326.43133225502163,604.0001513509468)
(328.85489737037784,602.6796019914565)
(331.2961656147733,601.3497069503138)
(333.7024573304579,600.0391806990477)
(336.1089157015931,598.7289130438476)
(338.51555895241574,597.4189302028054)
(340.90483586922545,596.118814599699)
(343.2943349741379,594.8190354647098)
(345.7016548695895,593.5100780083229)
(348.1268288109964,592.1919903330808)
(350.51715344812976,590.8934449194342)
(352.87264278667965,589.6144560884286)
(355.2284830127957,588.3359766861221)
(357.84855812931306,586.9151905136748)
(360.3108407147914,585.5808866815738)
(362.75604549289164,584.2568356876226)
(365.0785993159247,583.0001276072967)
(367.52495087720087,581.677682856306)
(369.9191512616312,580.384678284716)
(372.2612085371204,579.121105467603)
(374.55113155635587,577.8869616363655)
(376.77129725729304,576.6917102370165)
(378.97460003248364,575.5069408168076)
(381.19637725387054,574.3138203292037)
(383.401422310545,573.1313521988204)
(385.6074460262339,571.9501650176288)
(387.84987393330545,570.7515412838721)
(390.04044649214035,569.5826528267248)
(392.16145872739025,568.4528323713773)
(394.30137527227856,567.3151411947375)
(396.4249001293824,566.1884598119348)
(398.5675455481673,565.0541699501796)
(400.6762285011836,563.9403987052298)
(402.76871338202517,562.8378218536177)
(404.84505555829713,561.7464862098684)
(406.88752170239013,560.6756967317378)
(408.93171559121095,559.6069326901257)
(410.99556626617016,558.531093550145)
(413.00788075137,557.485159914538)
(415.00428980099684,556.4506181030438)
(417.02058981096036,555.4091834108515)
(419.11066392701844,554.3336943225983)
(421.34667009615026,553.1883835940935)
(423.3882160337942,552.1462208785954)
(425.45019454619427,551.0975900415553)
(427.44281932722913,550.08780384201)
(429.40189998178107,549.0985423470171)
(431.6162202957282,547.9865003489446)
(433.6197743381641,546.9928203925558)
(435.5368568156888,546.0499090078886)
(437.4572203695383,545.1116615148037)
(439.32598957339775,544.2033842092158)
(441.1973659016147,543.298133012796)
(443.0712579328268,542.3956497690223)
(444.929347912457,541.5043896844977)
(446.7532343184854,540.6327204169747)
(448.5793517961216,539.7631432415066)
(450.42603231350034,538.887049727214)
(452.23829347426994,538.030149619469)
(454.0527128250938,537.1750814986459)
(455.79570291644325,536.3558838175788)
(457.5590263440741,535.5295733213878)
(459.4165690611669,534.6623821420295)
(461.18408620099643,533.8393970655267)
(462.91658253327597,533.034612682152)
(464.6509087897891,532.2309280742836)
(466.38707700995883,531.4283426981639)
(468.08799698179917,530.6436689924479)
(469.88347530982725,529.8178384765645)
(471.5880417960014,529.0352229148995)
(473.2942690208704,528.253280459384)
(474.964914548039,527.4887709925076)
(476.63709582713835,526.7247288929624)
(478.2921627409237,525.9695265723406)
(479.94870920431964,525.2146787962001)
(481.7189625808686,524.4100408031056)
(483.6035721009598,523.5563071518878)
(485.2841296268807,522.7951879762924)
(486.9659631105558,522.0338346094808)
(488.630336963319,521.2806547815153)
(490.22083346992315,520.5606886525469)
(491.81233996755907,519.8402281648656)
(493.55548773847437,519.0524982986316)
(495.28146853987545,518.2733006988902)
(496.8957761569195,517.544109663884)
(498.51104179076924,516.8142076546573)
(500.1084263988628,516.0920266955222)
(501.6689806221733,515.3859293630704)
(503.2114564183607,514.6874213201094)
(504.6980173632466,514.0133757361236)
(506.1662798452278,513.3468155620807)
(507.6540426733304,512.6708395161202)
(509.1235837441005,512.0024939641436)
(510.5937649436241,511.3332554117748)
(512.0835430117575,510.65463642559934)
(513.5171951251757,510.00071175961517)
(514.9702914065315,509.3372320902257)
(516.4050021965053,508.68133621750525)
(517.8212421663097,508.0329798190424)
(519.2189380212251,507.3921370243072)
(520.6359820905898,506.74160898788926)
(522.0155032262567,506.1072570628118)
(523.3763311118937,505.4804001771987)
(524.7373953526021,504.8523929252655)
(526.0987105473994,504.2232600714214)
(527.4602426906063,503.59298501491145)
(528.8029391485593,502.9702300663027)
(530.1456708048737,502.3462267634255)
(531.4314165610397,501.74718133808636)
(532.7359143003454,501.13800905127596)
(534.0212540442011,500.53631565240175)
(535.4583381082878,499.86300006119717)
(536.7436764945896,499.2590611309019)
(538.0285781256748,498.653691837276)
(539.2940941290937,498.05581161710455)
(540.5591499169956,497.45658206191445)
(541.8237608694797,496.8560560448643)
(543.0879310490426,496.2542787464816)
(544.351655463456,495.65129033649174)
(545.6149217130693,495.04712804909144)
(546.8398519388289,494.4597873578537)
(548.0452640591648,493.8803072624915)
(549.5722838054022,493.1470480668793)
(550.8344294711186,492.5392103399279)
(552.0767768697256,491.93920751858815)
(553.3182165888983,491.3380830237428)
(554.5398954667698,490.74501019920524)
(555.7417919674655,490.16007813317225)
(556.9238908012647,489.58338048265165)
(558.0673637817343,489.0241362636067)
(559.2285923453616,488.45503417253997)
(560.5959193800837,487.78507797591953)
(561.8687160426767,487.1606524558038)
(563.0653496214255,486.5724580182407)
(564.279461444978,485.974771676401)
(565.4548295050255,485.39520194191414)
(566.6288103990792,484.8155194552387)
(567.726658435451,484.2724860856869)
(568.8415977052344,483.7202936689907)
(569.8991844474224,483.19578785066693)
(570.9738157734594,482.6624105262829)
(571.9912811346211,482.1569702249867)
(573.0072135468664,481.6520730212426)
(574.0401350136191,481.13879999582133)
(575.0530774995204,480.6356160131133)
(576.0829102679535,480.1244856072695)
(577.092734469135,479.6237996750426)
(578.1008824311717,479.12463974623637)
(579.0889303058542,478.6361982442268)
(580.0568307834532,478.1585621479006)
(581.0410906171104,477.674007385664)
(582.0051116001966,477.20063346635624)
(582.9670304752193,476.7297025448612)
(583.9448947824691,476.2527067683518)
(584.9204170459565,475.778784619799)
(585.8934534456918,475.30819496529625)
(586.8278474292653,474.85830830600935)
(587.7595331379996,474.4119477241224)
(588.688396791357,473.96936530363723)
(589.6143171264189,473.530811032927)
(590.519399505292,473.1047737294938)
(591.4036419755922,472.691211950161)
(592.2847002172559,472.2819896859442)
(593.1624777054607,471.87731448764254)
(594.0368749592673,471.4773815793271)
(594.907791759169,471.08237179888505)
(595.7924850486918,470.6847813280438)
(596.6733827449056,470.29257017875887)
(597.4987934757908,469.9282536019769)
(598.3376192921842,469.5615211284204)
(599.1555739931623,469.20731423970057)
(599.9697429958004,468.8582353248382)
(600.7969722047792,468.50732641934985)
(601.6034464882774,468.16883417155526)
(602.4225939546402,467.82890867044546)
(603.2043269196744,467.50802350899085)
(603.965539835248,467.1989457596786)
(604.7064165544753,466.90139449535206)
(605.4435101174142,466.60872225407115)
(606.1768130386698,466.3210089345249)
(606.9063059386439,466.0383419997679)
(607.6319585471989,465.760814931286)
(608.3537314047527,465.48852453682946)
(609.1513362870462,465.19268170875915)
(609.8651279394574,464.93182276868316)
(610.5748345811074,464.676435039755)
(611.280426535998,464.42657178199886)
(612.0910334986886,464.1454378941786)
(612.8502332387898,463.88711577058973)
(613.573975296056,463.6452488658676)
(614.2779972631222,463.4140289992472)
(614.9777897363986,463.18812859852466)
(615.673470673795,462.9673162625234)
(616.3651850169067,462.75131335547735)
(617.0231755763621,462.54876925338823)
(617.6628274826552,462.3544138046912)
(618.2844877447609,462.1677109965382)
(618.9032387369881,461.983878161552)
(619.5192880684413,461.80265440298905)
(620.1324372843881,461.6239580635532)
(620.8012824500453,461.43106356529023)
(621.4532150014529,461.24473247386726)
(622.10309438512,461.06052120430314)
(622.7367470021638,460.88221403750305)
(623.3544356024188,460.70953600262294)
(623.9563690914604,460.5422821191785)
(624.5570565116893,460.3764053134274)
(625.127916516274,460.2196430770087)
(625.6976130135463,460.0641389387885)
(626.2518945377021,459.91376603958844)
(626.8050010556492,459.76472759297513)
(627.3569030157305,459.6171344129787)
(627.9075501993229,459.4711144436056)
(628.4427427428802,459.3304492031999)
(629.1320985893464,459.1523277728342)
(629.6791113602255,459.01258266199164)
(630.2244108357728,458.8750322618879)
(630.7399898476617,458.74663942755564)
(631.2677174871511,458.6171900518665)
(631.7797487430461,458.49359361526024)
(632.3037874266992,458.36944045153444)
(632.8121922079712,458.25135449805515)
(633.3324873639277,458.13322732232547)
(633.8372456078221,458.02134014305545)
(634.3538217161837,457.90989751391896)
(634.8550118767275,457.80477500372655)
(635.368020756397,457.7004834056742)
(635.8658718533902,457.60243361799394)
(636.3621757690887,457.5078610374722)
(636.8705062154265,457.414330061842)
(637.3507974329897,457.32877773561154)
(637.8299854280334,457.24608941783475)
(638.3082670785528,457.16601479994364)
(638.7725122688745,457.0903351988053)
(639.2495400803148,457.0144635738184)
(639.7262927345566,456.94017044540936)
(640.2029650489502,456.86703558126123)
(640.6797311933364,456.79462376934254)
(641.1701339078497,456.72052538093243)
(641.6343085532556,456.6502318037661)
(642.0855045227843,456.5813354024691)
(642.5370627873328,456.51145508874276)
(642.9756182809708,456.44238049752227)
(643.4144275431606,456.3718066063627)
(643.8534010850482,456.2995413501026)
(644.2923820341209,456.22545326062317)
(644.7311475239461,456.1494696434936)
(645.1694139010827,456.07157039841167)
(645.606845464717,455.991778254571)
(646.0430662244842,455.91014648050975)
(646.4776739324257,455.8267453273127)
(646.9102554277139,455.74164856024)
(647.3795977051242,455.64691561730314)
(647.8044584590085,455.55801254244903)
(648.211295730805,455.46993348005344)
(648.613002307248,455.38003006656515)
(649.0096247829413,455.28831816207503)
(649.4012386344367,455.1947891063728)
(649.7759166797572,455.10244923917645)
(650.1579026331838,455.00525606417483)
(650.5352426127016,454.9061547220095)
(650.8964545622885,454.8083342003724)
(651.2649407299645,454.70542018482973)
(651.6291522748758,454.6005859544576)
(651.9891593565566,454.4938796577148)
(652.3338838340787,454.38882611901204)
(652.6855404323875,454.2787103796885)
(653.032922313119,454.1670790560184)
(653.3651785931311,454.05769420761266)
(653.7035321997059,453.94368549131053)
(654.0265938863747,453.8324552821942)
(654.3344312913027,453.7243220153601)
(654.6371805972976,453.61595400752435)
(654.9443826850797,453.5040144857187)
(655.2359370927288,453.39600334859784)
(655.5308869477547,453.2850291519209)
(655.8099808675255,453.17850604618025)
(656.0915025737364,453.06964544523845)
(656.3571943020902,452.96568435204324)
(656.6245917980492,452.859992849648)
(656.8765111326514,452.75955511696634)
(657.129745713976,452.6579574309679)
(657.3681667740777,452.56187236664033)
(657.6001395880189,452.4681910635358)
(657.8483254409782,452.3682536688532)
(658.1116712943005,452.263174477101)
(658.3534865777615,452.1675995592458)
(658.5746629442509,452.08097240167706)
(658.7894023272441,451.9977083011438)
(658.9911284126171,451.92016039225393)
(659.1801622688248,451.84791651032793)
(659.3688590152648,451.77606618886387)
(659.5507281082064,451.7066906003188)
(659.7256537032795,451.63933687476754)
(659.8989952364423,451.57135963006806)
(660.0602286853065,451.50624649862624)
(660.2053735597123,451.4453221675567)
(660.3454454514678,451.38378083858805)
(660.4765819814475,451.3232474831408)
(660.5999094060696,451.26342054638457)
(660.730093678645,451.19715703975567)
(660.8455366842423,451.1359094321283)
(660.9651135484104,451.0702906771003)
(661.0807052189748,451.0052986953256)
(661.2260161376075,450.9231500949967)
(661.3606139687845,450.84739655022616)
(661.4937588727428,450.7736783036395)
(661.6461877655476,450.69255590631366)
(661.7930748852672,450.6181632856197)
(661.9333193817845,450.551173411478)
(662.0826039329338,450.4854088567976)
(662.2355339030152,450.4246721919033)
(662.3918128648443,450.3703342621886)
(662.5510782469615,450.32377663893885)
(662.7129298663685,450.28634711248486)
(662.8708869539727,450.2598416907614)
(663.0364962036693,450.2438444495024)
(663.197379075881,450.23990598054763)
(663.353010441836,450.2473002375663)
(663.502997932869,450.26504372002245)
(663.6593087415973,450.29519465395396)
(663.809653784246,450.3348560048825)
(663.9599411615513,450.3848737215684)
(664.1100852179799,450.44471614807674)
(664.2600354926429,450.5136363024989)
(664.4036913022446,450.58730374357157)
(664.5531196218154,450.6711519495701)
(664.6963124699286,450.7570937351732)
(664.8393054747607,450.847346512008)
(664.9761505094843,450.936731095752)
(665.1189268607452,451.0319815442146)
(665.261797803051,451.12801666093753)
(665.4048866555743,451.22367113353687)
(665.5483216771657,451.31782764829205)
(665.6861341973813,451.40575627234193)
(665.8244090844039,451.49051984442366)
(665.9632394431558,451.57132826829485)
(666.0965353851161,451.6443891835743)
(666.2365662618611,451.7154878249421)
(666.3772852963841,451.78074205847395)
(666.5186675577526,451.839669544162)
(666.6606478865418,451.89186546644925)
(666.8031190961677,451.9370003337241)
(666.9459316819579,451.97481706606123)
(667.0826076730509,452.00415902351597)
(667.2254363618104,452.0272054925607)
(667.3679441306247,452.0425577441421)
(667.5036363030848,452.05022823150017)
(667.7192786904161,452.0436929172959)
(667.8594596446827,452.0319427954064)
(667.9977935405727,452.012873466123)
(668.1339722438286,451.98665340189535)
(668.2619379914477,451.95523653902404)
(668.3930421083888,451.9156394836402)
(668.5212557559538,451.869521780223)
(668.6410437076239,451.8196882907792)
(668.752657608955,451.76712156600246)
(668.8666374762488,451.7067410465565)
(668.9727296805727,451.64447419465506)
(669.0810888857337,451.5743210691214)
(669.1868821222158,451.49940918950074)
(669.2857422834481,451.42371892221433)
(669.3782265525815,451.3479478203598)
(669.4694282549979,451.26855367032175)
(669.5643640389363,451.18121664170246)
(669.6544873466514,451.0944837241421)
(669.7495126422081,450.99947724621404)
(669.8456218895184,450.90052959802574)
(669.9386807799798,450.80273069575105)
(670.0388456513101,450.69606397830756)
(670.1369704694918,450.59087126100377)
(670.2437085865579,450.47638864787837)
(670.349122992797,450.36370372169597)
(670.4645075378394,450.24130170458733)
(670.5789011466707,450.12102808733766)
(670.6980424900244,449.9970324779821)
(670.8155734190401,449.8758829994508)
(670.9442783392892,449.74459488267314)
(671.0709691707839,449.616483731154)
(671.2092456335545,449.47783223383817)
(671.3448385328434,449.3426974727663)
(671.4844886313534,449.2041353324254)
(671.6358155819257,449.0544455034176)
(671.7831295311253,448.90880112311345)
(671.941875208672,448.75165342781094)
(672.095590486499,448.59893464040516)
(672.2602984637239,448.4343689414678)
(672.4189443047106,448.2746492237845)
(672.5879984195014,448.10279101941063)
(672.750002978765,447.9362413599159)
(672.9217329679099,447.7573378204276)
(673.0855159023565,447.58426263357694)
(673.2582851156736,447.398721572993)
(673.4223313702479,447.21959610770824)
(673.5946032159645,447.0280249768522)
(673.7575156098103,446.843531216808)
(673.9193888875618,446.6567527177958)
(674.0883700352837,446.45786284683174)
(674.255633536784,446.2570200904815)
(674.4126895063991,446.06480525089876)
(674.5757610651942,445.8612665125086)
(674.7283887369175,445.6672276003484)
(674.8863304329967,445.4626555306244)
(675.0335559978752,445.2684395408504)
(675.1778850027571,445.07472296796544)
(675.3119624688584,444.8919895666329)
(675.4505963653514,444.7002867332072)
(675.5793623538578,444.52005290613425)
(675.7056480010453,444.34147029428107)
(675.8363592205972,444.15507587600416)
(675.9579688804889,443.9806728929303)
(676.0775071985746,443.80869301203523)
(676.2016003890981,443.63009356556046)
(676.3174164413065,443.4637825561878)
(676.4316434503896,443.30056767129906)
(676.5506555467373,443.1319287100902)
(676.7362600125016,442.87463628252567)
(676.8525313515039,442.715849289532)
(676.9615771626075,442.569314106175)
(677.0695704620317,442.4267805184996)
(677.1824612029449,442.2808586959131)
(677.2883806766052,442.1467694560857)
(677.393242001457,442.01687048433604)
(677.502725458129,441.8844163275449)
(677.6053181077843,441.7630101281873)
(677.7067183421175,441.6455835579293)
(677.8013289858991,441.53813463253874)
(677.8947213564281,441.4340058972509)
(677.9921978373169,441.3272851148783)
(678.0881705149799,441.2239269753094)
(678.177349089513,441.1291903164075)
(678.264974618136,441.03721097511425)
(678.3557067925834,440.94277089764626)
(678.4346166137146,440.86110122333844)
(678.5117253850855,440.7816473823865)
(678.5915826036445,440.6996677020389)
(678.6648261675576,440.6246685079005)
(678.7361073122789,440.5518305303986)
(678.8096120362601,440.4768919242171)
(678.8767622400261,440.40858386468904)
(678.941867286501,440.34254708382815)
(679.0240019380341,440.2598141521632)
(679.1064849032442,440.1776053925713)
(679.1785163635329,440.10670117682946)
(679.2409771838846,440.0460736124942)
(679.3076781545662,439.9826478273123)
(679.3656050331294,439.9287688817464)
(679.4185512458528,439.8807088788901)
(679.4698893546041,439.83539540795437)
(679.5197848448456,439.7927109619438)
(679.5684096617655,439.7524988108749)
(679.6159371998491,439.71456365112783)
(679.665256071912,439.67666178268354)
(679.7110743448642,439.64262966602604)
(679.7562777143324,439.61006764057925)
(679.800993387462,439.5786603785259)
(679.8479404868963,439.54629314674315)
(679.8945757003812,439.514413320228)
(679.9383640381386,439.4844211883713)
(679.9819134320148,439.4542210011076)
(680.0277626328086,439.4216247570973)
(680.0732892053962,439.3880774758755)
(680.113398657063,439.35734341521714)
(680.1555274247869,439.3234165855524)
(680.1970517242712,439.28802149977173)
(680.2330965343618,439.25559358640754)
(680.2707679437278,439.21951226170546)
(680.3052912026303,439.18433785377965)
(680.3411175773582,439.1451916946325)
(680.3737335200799,439.1070536010897)
(680.40531511913,439.06744308039305)
(680.4377896720177,439.0234394165968)
(680.4673124639604,438.980386013712)
(680.4941192488525,438.9386035497056)
(680.5221859462165,438.89181151544733)
(680.5480224739689,438.8462393946591)
(680.5756509601675,438.79492957777705)
(680.6036182396136,438.74084190396394)
(680.6405749178615,438.6669069516232)
(680.6776756705899,438.5915154083025)
(680.7127526087091,438.5200326097321)
(680.7503938387375,438.4437401273219)
(680.7910167408116,438.36234067922385)
(680.8380110270165,438.26971277733355)
(680.8826384899335,438.183195274962)
(680.9341049387488,438.08525985810775)
(680.9858503323553,437.98851160245033)
(681.0411743483675,437.88683410589334)
(681.1001093606169,437.78028216422683)
(681.1626391757321,437.668958981627)
(681.233390224016,437.5448732246218)
(681.303134005611,437.42413416536755)
(681.376144094755,437.29922111132976)
(681.4522348844756,437.1704049923025)
(681.5366736656989,437.02882994738115)
(681.6184219861727,436.8928676363126)
(681.7734446060958,436.6363693821441)
(681.8612220636265,436.4918476762596)
(681.9563382163925,436.33579618002216)
(682.0403440335846,436.19831077145625)
(682.1308848743043,436.0502698824951)
(682.2215519976733,435.9019376237763)
(682.3059181974837,435.7636777721265)
(682.3956130883332,435.6161050613062)
(682.4783411386048,435.4792897267463)
(682.5654288803598,435.33409598985634)
(682.6449803553932,435.20020259453077)
(682.7278153004704,435.05891444694106)
(682.8026724557126,434.9293026918117)
(682.8747418820046,434.80222059454604)
(682.9483932226408,434.6691921657785)
(683.0138799713734,434.5477889918176)
(683.0759440539879,434.42924179263713)
(683.1384238013995,434.3054558860582)
(683.1968795990053,434.1848210061559)
(683.251400441423,434.0671667704577)
(683.3021639497258,433.9522405747639)
(683.3494276323725,433.8397199573018)
(683.3935186665702,433.72922662909014)
(683.4348226835211,433.62034161664144)
(683.4737720550712,433.51262091695895)
(683.5108341535138,433.40561106685925)
(683.546499999051,433.29886407365547)
(683.5789636129648,433.19916784940335)
(683.6110140312956,433.0990573599743)
(683.6454093286826,432.99088573420994)
(683.6779429548917,432.88892631091204)
(683.7113014027756,432.78573934493255)
(683.7458627693157,432.68113816535083)
(683.7819865473158,432.57497970934435)
(683.8200110663937,432.46716518425654)
(683.8633541839221,432.34961235102105)
(683.9096528774439,432.23001646899183)
(683.9556672617687,432.11671178794944)
(684.0085147812074,431.99339171315535)
(684.0651627663696,431.86827419914687)
(684.125831607377,431.74151507150293)
(684.1907084152839,431.613293516119)
(684.2599474849277,431.483804362476)
(684.333670752216,431.353250632854)
(684.4119682096496,431.2218366050326)
(684.4948982712367,431.0897615962438)
(684.5824881017928,430.9572146307582)
(684.674733944312,430.8243701044088)
(684.771601491428,430.6913845090257)
(684.8730263522872,430.55839423089265)
(684.9789146644746,430.42551439265793)
(685.0891438926762,430.2928386700039)
(685.2035638428645,430.16043998455274)
(685.3219979046933,430.02837195390697)
(685.4442445174318,429.8966709684658)
(685.5700788380238,429.7653587619837)
(685.6992545753535,429.6344453473533)
(685.8315059437297,429.5039321989835)
(685.9665496816881,429.3738155764153)
(686.1040870796895,429.2440898985427)
(686.2438059619805,429.1147510922962)
(686.3853825732856,428.98579985258834)
(686.5284833294106,428.85724476080827)
(686.6727664014734,428.72910521671156)
(686.8178831155655,428.6014141430683)
(686.9634791624871,428.4742204241031)
(687.0994436117106,428.35604959646844)
(687.2449052418438,428.2300782194638)
(687.3904289558843,428.10369089108)
(687.5357000516477,427.97697699562127)
(687.6804502191512,427.8499927890033)
(687.8244557133978,427.7227645000631)
(687.9675349951143,427.59529139688857)
(688.1076094039988,427.4661498437945)
(688.264491898106,427.3168877948408)
(688.4274294679672,427.157626241565)
(688.5956930331349,426.98929384333456)
(688.768571203541,426.81284630040244)
(688.9453689617974,426.62926138379316)
(689.1254060051032,426.4395338397977)
(689.3080148080993,426.2446699854838)
(689.4925384800141,426.0456818125005)
(689.6783285057269,425.8435804263635)
(689.8647424804882,425.63936867110596)
(690.0511419707933,425.43403282820174)
(690.2368906571711,425.22853333665824)
(690.4213529352819,425.0237945590553)
(690.6038931656643,424.82069371445664)
(690.7838757651436,424.6200492086636)
(690.9606663198097,424.42260870672976)
(691.133633867041,424.2290374001264)
(691.3563244522873,423.97851282613243)
(691.518080603729,423.7956732461677)
(691.6739875450271,423.6182097601527)
(691.8234852827796,423.44632693307733)
(691.9660493685268,423.28011012974196)
(692.1011993631284,423.1195271523167)
(692.2285072533085,422.96443301561027)
(692.3476054161017,422.81457762053515)
(692.4581937555636,422.66961588715753)
(692.5600456975644,422.5291197517128)
(692.6530128146617,422.39259133475866)
(692.7370279525884,422.25947656002313)
(692.8121068300096,422.1291785467078)
(692.8783481713258,422.0010702054869)
(692.935932497448,421.8745056277951)
(692.9851197329525,421.74883005305946)
(693.0262457838895,421.62338841082226)
(693.0597181962041,421.49753264307975)
(693.0860109230766,421.3706281897351)
(693.105658123783,421.2420601288233)
(693.1192468185579,421.1112394520361)
(693.1339584423239,420.96103840215125)
(693.1501708443151,420.7925515000528)
(693.1682139280733,420.6068527854272)
(693.1883652701495,420.40499735678657)
(693.2108465707066,420.18802314125816)
(693.2358211188184,419.9569530253484)
(693.2633924456652,419.7127974499389)
(693.2913895357032,419.4744151677623)
(693.3240196014981,419.20784584048715)
(693.359216660405,418.9311109515566)
(693.3968632796606,418.64520783848513)
(693.4367967087373,418.3511422982119)
(693.4788162142069,418.0499343194835)
(693.5226916673778,417.7426241562075)
(693.5682017450127,417.4302786291114)
(693.615198640786,417.11399753680195)
(693.6636200287105,416.7949200280571)
(693.7100513659976,416.49571638866985)
(693.7613736376264,416.1746774656374)
(693.8144892139214,415.8544617724266)
(693.8697111956379,415.5364140239172)
(693.9274402258247,415.2219374899733)
(693.9881547209312,414.91249168794025)
(694.0523983802974,414.60958628562827)
(694.1216587747442,414.31102067107787)
(694.196618438146,414.0182861315322)
(694.2779708873549,413.7329170166811)
(694.3663991611447,413.45647521504037)
(694.4625519661605,413.1905282773732)
(694.567017824426,412.9366208724299)
(694.6802979303287,412.69623984487595)
(694.802778807723,412.4707739057596)
(694.9347062456792,412.26146985236056)
(695.0761622961408,412.069388063545)
(695.2270472432666,411.8953606846784)
(695.387068326244,411.739956229569)
(695.5557365840724,411.60345415059976)
(695.7323725251143,411.4858322131695)
(695.9161205028478,411.3867683246947)
(696.105970842,411.3056569934354)
(696.3007880524486,411.24163908303996)
(696.4993430058693,411.19364224653236)
(696.700346786264,411.16042856902266)
(696.9024840478278,411.14064561598656)
(697.1044440565637,411.1328772522798)
(697.3049480626346,411.1356911538126)
(697.5027721552623,411.14768071949436)
(697.6967652172555,411.16749994435366)
(697.8858619769213,411.1938906059182)
(698.0690914342904,411.22570176277844)
(698.2455811207813,411.26190203219676)
(698.4145577537267,411.301585405872)
(698.5753448912011,411.34397150670986)
(698.7273581987739,411.38840122283244)
(698.8700989243083,411.4343286172729)
(699.0031461504518,411.48130993692087)
(699.1261483627278,411.5289904582859)
(699.2388148358165,411.5770898276797)
(699.3409073007338,411.62538648846163)
(699.4322323088778,411.67370174019317)
(699.5126346528291,411.7218839409008)
(699.5819921367098,411.76979333777507)
(699.6402119106806,411.81728798566064)
(699.6872284965449,411.86421117895287)
(699.723003538164,411.91038077518937)
(699.7475272167815,411.95558072498153)
(699.7608211835706,411.9995550436522)
(699.7629427858084,412.0420043687974)
(699.7539903039142,412.082585150634)
(699.7348789116388,412.0899242226971)
(699.7066047081079,412.0658706703929)
(699.6703048610703,412.01226445141924)
(699.6272351411769,411.9309381738913)
(699.5787460387878,411.82371759795075)
(699.5262583966753,411.6924211431014)
(699.4712394602066,411.53885870395004)
(699.4151801690432,411.3648300708603)
(699.3595743862651,411.17212322130183)
(699.305900584663,410.962512696246)
(699.2556062961991,410.73775820947105)
(699.2100953957338,410.4996035631774)
(699.1707180535014,410.24977586882835)
(699.1387629722598,409.98998500566495)
(699.1154513429999,409.7219231982119)
(699.1019318238951,409.4472645640513)
(699.0992757846947,409.1676644775188)
(699.1084720739724,408.88475861378)
(699.1304206662321,408.60016157678564)
(699.1659247300713,408.31546506497494)
(699.2156809182417,408.032235576874)
(699.2802679942731,407.7520116887605)
(699.3601342441871,407.4763009329752)
(699.4555844311939,407.2065762590067)
(699.5667672883228,406.9442719726286)
(699.6936646684537,406.69077893897327)
(699.8360834626448,406.4474387356237)
(699.9936512635126,406.21553639057333)
(700.1658165261482,405.99629136995236)
