Person 61
Starting Position = (199.84300735866535,568.4756457420511)
(203.55510974251882,566.7985335957991)
(206.6636220534787,565.4369921104285)
(209.76519447992865,564.1139948049959)
(212.66454260185773,562.903733435285)
(215.5729211899377,561.7111628072496)
(218.42926923557042,560.5570791965389)
(221.21276940008335,559.4461623365393)
(224.01660571877704,558.3386491983239)
(226.78389040377994,557.2552715213983)
(229.57085085969123,556.172558917065)
(232.35850308166886,555.0969055070062)
(235.1278889079714,554.0347609753501)
(237.86006284556365,552.9925933356893)
(240.59263477406867,551.9553269544774)
(243.49522964310452,550.8580112593992)
(246.22846920547647,549.8291958156834)
(248.98081138214485,548.7971005796077)
(251.69565746197077,547.7826423234454)
(254.4295443854275,546.7642797786782)
(257.54089629990085,545.6076304862809)
(260.40721868905234,544.5455907170497)
(263.16047413565934,543.5286438296615)
(265.83836378052587,542.5423433397459)
(268.7615809443688,541.467670990481)
(271.6094421708203,540.4231354161249)
(274.36304310470376,539.4156469655113)
(277.04122864296903,538.4380637220669)
(279.6628531197012,537.4832391559193)
(282.3033666529653,536.5233705239691)
(284.9250408006247,535.5721196986931)
(287.5467339851775,534.6225381043714)
(290.1684427222335,533.6745734172337)
(292.77129904301535,532.7350533028666)
(295.39302588531064,531.7902570213571)
(297.9770298202787,530.8606775827378)
(300.56103170180137,529.9326560980487)
(303.14502822330235,529.0061655176787)
(305.71015290223113,528.0880036562063)
(308.27526321484856,527.1713748252116)
(310.8592160579283,526.2494852923254)
(313.46200594177054,525.3223407434739)
(316.02704432690194,524.4102759208652)
(318.5543274842239,523.5133244957811)
(321.08156864243375,522.6179904474689)
(323.89165261147355,521.6230123345092)
(326.53193254796236,520.6901348276276)
(329.15328205196613,519.7658526137616)
(331.6425641717413,518.8903249381319)
(334.2637448562403,517.9698204756925)
(336.82825077165637,517.0710043565491)
(339.3360863119942,516.1939547803692)
(341.7872534805463,515.3386379220783)
(344.1629065486868,514.5116039626445)
(346.51958908718007,513.6928851561169)
(348.89497145483665,512.8691157772846)
(351.2513411439587,512.0533882989193)
(353.60753016461086,511.2390762307033)
(356.00119412475595,510.4129328504248)
(358.3381235914567,509.607794094021)
(360.59950812582923,508.83027495160127)
(362.8795233995478,508.04757538503145)
(365.14047436091033,507.2726008090555)
(367.4200041300523,506.49219624584936)
(369.66161456911266,505.72584838034606)
(371.88413959020033,504.96703264565525)
(374.08757441942873,504.2156692936301)
(376.25310149725505,503.4781911914543)
(378.418354237045,502.74153194306945)
(380.60211678933837,501.9990204467206)
(382.7291393678236,501.2765185703345)
(384.8370668008313,500.5610981172752)
(386.9634920723025,499.83965109657294)
(389.16475584480133,499.09239999911955)
(391.51591114057294,498.292656165811)
(393.6599179051176,497.56421236407084)
(395.82240908511363,496.829722881186)
(397.9094397972476,496.12142946164715)
(399.9586272256139,495.4264075793864)
(402.2703207710898,494.639811876657)
(404.3937997884474,493.91750183769443)
(406.479417043388,493.20814527028574)
(408.47088224306964,492.53117256874935)
(410.46205630385475,491.8540141898583)
(412.39662181045,491.19588889836)
(414.33087755900726,490.5371973054055)
(416.26479355832817,489.8776558021448)
(418.1796016724631,489.22366556300244)
(420.0565731013924,488.58182029518053)
(421.93322252109436,487.9390794655425)
(423.82826956515174,487.2887018850898)
(425.685504705184,486.6503423307026)
(427.5424501857245,486.0109949665986)
(429.3242206584603,485.3971091091326)
(431.12454129278206,484.7759495476974)
(433.0182471217501,484.1205270157611)
(434.81808767657975,483.4969223591657)
(436.5803826004159,482.8858916985099)
(438.34262162925603,482.27424037720937)
(440.1048143891024,481.661845928031)
(441.8295514209039,481.0620347646486)
(443.6478989770518,480.42802808971413)
(445.37264201931816,479.82636881333366)
(447.0975155700186,479.22422101889026)
(448.7850986003202,478.63495128075994)
(450.4728915800178,478.04529853439914)
(452.1421851920231,477.46189669274787)
(453.81174642174807,476.8780771502102)
(455.5939752915298,476.2531229924423)
(457.48878578508146,475.585820375782)
(459.1777720075914,474.9918043750975)
(460.8672732310548,474.3980884789019)
(462.5385352610576,473.81125490239884)
(464.1352949965386,473.2515965822516)
(465.7326313988035,472.6923672006377)
(467.48068034569667,472.0789277072669)
(469.21045614794537,471.4712377103506)
(470.82814279188017,470.90385100563077)
(472.4465380972729,470.336861948873)
(474.0468414343403,469.77687432931816)
(475.6102461797903,469.23066350497703)
(477.15557133379673,468.6915698911367)
(478.64513967952126,468.17303360320807)
(480.11661423556484,467.6617446197862)
(481.6076841436031,467.14413146699883)
(483.08062029541054,466.6333514401358)
(484.55429439415207,466.12271232732127)
(486.04759427528535,465.60538501277364)
(487.4849609088319,465.108141876349)
(488.941998548516,464.60445900813124)
(490.38088464813694,464.1075685881424)
(491.80161400984593,463.617575815008)
(493.2041753373369,463.1345549718836)
(494.6264522652081,462.645144479814)
(496.0115743583008,462.16926883225614)
(497.37848636805353,461.70045512144753)
(498.7461495903338,461.232057416188)
(500.1145554628085,460.7639899217297)
(501.4827299587359,460.29692683355483)
(502.8319949487714,459.8372233246504)
(504.18156078681034,459.37812617912914)
(505.47458802104006,458.93932619618323)
(506.78719275468507,458.4945445366731)
(508.08141173782536,458.05670018574773)
(509.5285384477294,457.5659956733454)
(510.82410653116364,457.1276689192183)
(512.1204543832888,456.68991466374735)
(513.3985185494512,456.25923421912637)
(514.6773583387375,455.82907725146697)
(515.9569672885658,455.3993703218663)
(517.2373370551178,454.97007109160245)
(518.5184573710482,454.541161498286)
(519.8003160118662,454.1126421421403)
(521.0446199702081,453.6976583718084)
(522.2704595907398,453.28988382238464)
(523.8226210306226,452.77013149994053)
(525.107221421725,452.3415160675202)
(526.3733182352364,451.920636087696)
(527.6400482091547,451.50094983619)
(528.8881754297463,451.0888669307373)
(530.1176469036811,450.6843938312879)
(531.3284098668303,450.2875187809953)
(532.5011858696158,449.9046521778443)
(533.6936081304618,449.5165856760263)
(535.0980333250644,449.05822992161814)
(536.4066548178442,448.63178121928144)
(537.6386213503426,448.231819251246)
(538.8901161723592,447.82675336521936)
(540.1033224568786,447.4356168613534)
(541.3166952277381,447.04585359014317)
(542.4531309470574,446.68269612255017)
(543.5550380137013,446.32550794231076)
(544.6784678270458,445.96266855220495)
(545.7452280232004,445.6199477053603)
(546.8130042774781,445.278735784941)
(547.9008801205013,444.9328615762306)
(548.9696906489355,444.5949703803055)
(550.0580461013342,444.25274153546997)
(551.1268538979866,443.91865600170297)
(552.1953585231995,443.5866749049321)
(553.2439782676224,443.2629863009741)
(554.272595062902,442.94765001816126)
(555.3198803823396,442.62864539422645)
(556.3469309364668,442.3179540148421)
(557.3730214967511,442.009687535126)
(558.4173570044705,441.697985681138)
(559.4604524547478,441.38875227567206)
(560.502181952172,441.08208294577446)
(561.5039345885303,440.7895738590932)
(562.5041786156095,440.4998952418705)
(563.5027972528375,440.2130911163415)
(564.4996712110751,439.92921908644104)
(565.4755729631829,439.65386008218064)
(566.4304905905615,439.3870361682837)
(567.3834514083112,439.1233618793194)
(568.3343470029763,438.86286314044804)
(569.2830693362636,438.60557530656723)
(570.2295116637913,438.3515404888628)
(571.1924119188449,438.095674093519)
(572.1003028861635,437.85112235111046)
(573.0279068191353,437.5989669327276)
(573.9365412347095,437.351132746848)
(574.8444507780251,437.10369607058135)
(575.769901697677,436.85248019564375)
(576.6745995462985,436.6088815061274)
(577.5957441149332,436.3634633053749)
(578.4766820394021,436.1320786665848)
(579.3360812581128,435.9100763381626)
(580.1738935479716,435.6976202168494)
(581.0086314025322,435.49005684659056)
(581.8401602543112,435.28748413202914)
(582.668375973114,435.0899325895425)
(583.4931993996096,434.897373545103)
(584.314570721013,434.70972789720264)
(585.2229605839027,434.5060698663207)
(586.0369630529513,434.32758465267636)
(586.8473859433129,434.1537084704912)
(587.6541974292217,433.98422989642137)
(588.5817247441951,433.7922789742258)
(589.4513853133269,433.6155334260854)
(590.2814633300336,433.45008329592923)
(591.0898961352904,433.2920703207673)
(591.8942726200644,433.1377688927094)
(592.6945085455302,432.9869930058772)
(593.4905069029318,432.8395781456667)
(594.2479211326194,432.70187106344423)
(594.9842225976292,432.5704486437586)
(595.6995726713947,432.44509298494995)
(596.4109671913004,432.3225857544116)
(597.1182580383298,432.20279109479924)
(597.8212732746009,432.085599537025)
(598.5858194809472,431.9595030444951)
(599.3282687464919,431.83856932487976)
(600.0649038566888,431.7201218960869)
(600.7792582399026,431.60694476045416)
(601.4713597970401,431.49909773493243)
(602.1412370172169,431.3966089277896)
(602.804300013229,431.29716635787696)
(603.4292568780538,431.20554690274054)
(604.047280164537,431.1170279394051)
(604.6428743511332,431.0338274328989)
(605.2310727071914,430.9537509814032)
(605.8114456513307,430.8768277233682)
(606.3835599454713,430.80309231955533)
(606.9327804552657,430.73442367577985)
(607.6262487937369,430.6490654826228)
(608.1687194933506,430.5846390446586)
(608.7014059754601,430.5236987057487)
(609.1977777418462,430.46918817323206)
(609.6978403943167,430.4164801378755)
(610.1754036793591,430.3682689373926)
(610.6558957964139,430.3217900422628)
(611.1142899817817,430.27937694732947)
(611.5751191306016,430.2385381589994)
(612.0145558942532,430.2012825124089)
(612.4562996140284,430.16535787093056)
(612.8777254666621,430.13249060020183)
(613.3018040231927,430.10062504314146)
(613.7070621330349,430.0712522734836)
(614.1053430328858,430.0432788753999)
(614.5078315793311,430.0156468889964)
(614.8841959583082,429.9903711446558)
(615.2564977825971,429.9657217535298)
(615.6256547255646,429.94142553911445)
(615.9824956598623,429.91797088951034)
(616.348200496481,429.8936835411366)
(616.713448297161,429.86901281244826)
(617.0790447162154,429.8437700696629)
(617.4457001946818,429.81780521818)
(617.8242601828421,429.7901527023296)
(618.1784830168555,429.76543717818413)
(618.5203674827632,429.74234313039267)
(618.8613619758484,429.71961822221084)
(619.1926390179875,429.6974915206711)
(619.5251625645029,429.6748701720197)
(619.8596753493625,429.6514151995318)
(620.1967137440317,429.62688690851877)
(620.5366079008821,429.6011485832771)
(620.8794937578197,429.57416175972736)
(621.2253339890968,429.5459750618645)
(621.5739450497898,429.5167086479607)
(621.9250277044538,429.4865361873608)
(622.2781987614653,429.45566605417287)
(622.6654649800098,429.42119754939426)
(623.0224793279219,429.3895351940444)
(623.3700100188945,429.35900339961796)
(623.7183513364631,429.3287856127422)
(624.0670096088904,429.29900447193876)
(624.4155360066798,429.2697563064145)
(624.7526629095195,429.24204546809955)
(625.0998129129548,429.2140671930483)
(625.4458322868602,429.1867236730011)
(625.779752411922,429.1608751202036)
(626.1229309932335,429.13476310006445)
(626.4644692936878,429.109166526708)
(626.8042743831528,429.08402000520346)
(627.1317415559676,429.06007783376896)
(627.467908396219,429.0356680413982)
(627.8021436471043,429.0115004738978)
(628.1240149316942,428.98832704710554)
(628.4541687939716,428.96450332269984)
(628.7718988344033,428.9415512667321)
(629.0772671957229,428.9194985699268)
(629.3804036611949,428.89759405163295)
(629.6911524303943,428.87505969092814)
(629.9893379801886,428.8534220037705)
(630.2946182885946,428.8312049882279)
(630.5871652390842,428.8099222576223)
(630.8862598013721,428.7881232869651)
(631.1725109782152,428.76728167876246)
(631.4648316681725,428.7459534324756)
(631.7443572445635,428.7255461809849)
(632.0296658709298,428.7045944802968)
(632.3024805931915,428.6844271853875)
(632.5721604210967,428.6642550655753)
(632.8655195675515,428.64166736368696)
(633.1824241673038,428.6160308821077)
(633.4794354441777,428.59080935544625)
(633.7574784783911,428.5660303439411)
(634.0347450373414,428.539896417754)
(634.3032518815994,428.51307199125665)
(634.5635845292859,428.4854850641716)
(634.8338475584559,428.45488023800937)
(635.1059733590662,428.4219124331619)
(635.3804903715774,428.38635169005977)
(635.6669575661373,428.3465993550689)
(635.9475841404576,428.3051752711088)
(636.2128093204631,428.2639301053834)
(636.4807828137612,428.22013283699243)
(636.7419452414687,428.1755055506827)
(636.9958520185004,428.13034655097215)
(637.2709511444826,428.07924018804465)
(637.5190837097949,428.03152810054434)
(637.7782528763111,427.97988091890886)
(638.0289429301124,427.9282760789534)
(638.3396169142001,427.86138142383066)
(638.6223923372901,427.79830668686026)
(638.8963845951071,427.7352533105435)
(639.20125930351,427.6625948679129)
(639.487700979421,427.59242179657224)
(639.7554766722986,427.52543512104893)
(640.034707587601,427.4542295708364)
(640.3158124271225,427.38145793733275)
(640.5991707512006,427.3073377262156)
(640.8851847018001,427.2321387894465)
(641.1742575089083,427.1561891404996)
(641.4561181324941,427.08269698355696)
(641.7522020614899,427.0065497696679)
(642.0414163163246,426.9337242070803)
(642.3234751302722,426.8647033682604)
(642.5980341175514,426.7998878330068)
(642.887370351007,426.73459353377103)
(643.1690220178627,426.6743729538712)
(643.4540708950179,426.6172604563255)
(643.7424023850305,426.5638327334352)
(644.0338372382265,426.5146917986398)
(644.3161875183578,426.47209415633426)
(644.6128938434656,426.43322867103177)
(644.8997506095349,426.40162834410637)
(645.1883145194755,426.3762847912405)
(645.4660703900865,426.35827106540984)
(645.7569764808726,426.34673387239593)
(646.0486387928124,426.34291467596177)
(646.3407633897758,426.34721382282294)
(646.6330938825649,426.3599564293012)
(646.9131961375334,426.38017250034085)
(647.1931229291575,426.4085027488784)
(647.4728012832303,426.44495553364686)
(647.7400386048973,426.48719527113894)
(648.0192074414671,426.539170328615)
(648.298264894795,426.5986312578804)
(648.577372501624,426.6651321928706)
(648.8567429553111,426.7381145272356)
(649.1366311929171,426.8169132904303)
(649.4173228856487,426.9007659375186)
(649.686773359752,426.98486204455867)
(649.9698728746746,427.0761033809861)
(650.2546625963917,427.1696876075238)
(650.5287984504268,427.26045970238425)
(650.9715762303641,427.4040428198836)
(651.2647582241972,427.49718652502236)
(651.5601880672948,427.5881185222394)
(651.857807008133,427.675887470982)
(652.1442931585449,427.75619675987565)
(652.4455973491405,427.8353504721449)
(652.7483457749888,427.90901862024)
(653.0387962770192,427.9740091327806)
(653.3163765104915,428.0307606929456)
(653.6070977256329,428.08409822074054)
(653.8839740832934,428.1293386888886)
(654.1728024430305,428.17039496665797)
(654.4597628126236,428.2051406094296)
(654.7313331903483,428.2327153155498)
(654.9872856867703,428.25409828811723)
(655.2400536617598,428.270792435101)
(655.5014333636939,428.28336601853124)
(655.7461689138823,428.29117019758934)
(655.9980224324129,428.29505485436323)
(656.2442337996162,428.2950062685067)
(656.4731407613981,428.29178411347965)
(656.7069641905663,428.28524199163286)
(656.9233794938962,428.2765468349395)
(657.1434614226545,428.26504208861036)
(657.3463829194367,428.2523158458738)
(657.5520377203201,428.23732165623807)
(657.741191736874,428.22190718322395)
(657.9237799824894,428.2056361169049)
(658.0915166251248,428.1896585683532)
(658.2620965923024,428.172452931106)
(658.4191269577649,428.1559681090714)
(658.5793861453719,428.13861085875806)
(658.7276119470064,428.12228748702813)
(658.8723842360762,428.1062530993648)
(659.0216404718701,428.0897938503725)
(659.161239849183,428.07465436626217)
(659.3064760654428,428.0593357546252)
(659.4435375567459,428.0454262654612)
(659.5874846909903,428.03153090936576)
(659.7245042060835,428.01905451338513)
(659.869624446836,428.0067178213794)
(660.008745977278,427.99572757979485)
(660.1570412627517,427.9849135982449)
(660.299908011916,427.97528705049945)
(660.452801421134,427.96576200809176)
(660.6004769410293,427.9571793252164)
(660.7587647269895,427.9484957790244)
(660.9117156721361,427.94043380351764)
(661.0672194812646,427.9323903431796)
(661.2336731332131,427.9237042250343)
(661.4027206934245,427.91456353610687)
(661.5654131187671,427.9052781193046)
(661.7387525877159,427.89455709250325)
(661.9049629072833,427.88332043258623)
(662.0812970806243,427.8700476846358)
(662.249637093223,427.8559520040951)
(662.4186832035111,427.84007053072435)
(662.5792621527199,427.82322219614724)
(662.7491487556655,427.8031409375209)
(662.9103186045387,427.7818520761076)
(663.0716435934581,427.7580885614332)
(663.2420642352274,427.7300049144913)
(663.4035192232063,427.7005723918171)
(663.5648843878273,427.6681910024785)
(663.7350216495623,427.6306029609287)
(663.8958485618143,427.59192517535456)
(664.0561550830698,427.55018569439494)
(664.2246149150219,427.50274283096684)
(664.4890991369859,427.4189095026126)
(664.6551193630339,427.3629037484627)
(664.810795483087,427.30745641062066)
(664.9646467895784,427.24982557999874)
(665.1248197422987,427.18677439642136)
(665.2743360299324,427.125320376877)
(665.421471554302,427.0623684310023)
(665.5740340029323,426.99445091933586)
(665.7161043522199,426.9289518405119)
(665.8557538852034,426.8624299328749)
(665.9855964184104,426.7987877276538)
(666.1136025457055,426.7343379809627)
(666.2474222089203,426.6651073078093)
(666.3799028792417,426.5947953766171)
(666.504160088587,426.5273496827865)
(666.6279089323706,426.45872492729563)
(666.7588013326797,426.3845119469778)
(666.8753211754051,426.3172214695424)
(666.9922833771982,426.24844539330525)
(667.1173732315879,426.1734496223749)
(667.2360324098108,426.1010247432838)
(667.3558121128655,426.0265799220551)
(667.4845626123882,425.94494042364363)
(667.6071583480931,425.86571414868826)
(667.7312709855867,425.783920495935)
(667.8971764078824,425.67134956943573)
(668.0744039670698,425.5471888610304)
(668.2382256445215,425.42906729316303)
(668.387726807408,425.31847592789256)
(668.5563992728776,425.189905787151)
(668.710094873593,425.06963181885783)
(668.8568116873068,424.9519740255384)
(669.0049961912904,424.83020246734884)
(669.1545514999916,424.7043006329616)
(669.3053788130094,424.5742853127366)
(669.4573796666181,424.4402075631033)
(669.6195677727981,424.293684322426)
(669.7737211615001,424.1514604303797)
(669.9287610032968,424.00554920670976)
(670.0846017311237,423.8561336987589)
(670.2504559192928,423.6941305973731)
(670.4170598603754,423.5286163407144)
(670.5749547680228,423.3695391297437)
(670.7333194049215,423.2079746902387)
(670.9014833585585,423.03432753117835)
(671.0700338167869,422.8584568042529)
(671.2200085330131,422.700824800402)
(671.3794902610497,422.5320458150603)
(671.5391205447312,422.3621654228499)
(671.6799512176738,422.2117698660029)
(671.8301337996724,422.05085918600037)
(671.9708180329571,421.89979323434727)
(672.1207571298046,421.73845500808824)
(672.2611475415548,421.58721080969065)
(672.4013362248767,421.43606873476733)
(672.5506586778474,421.2749842987235)
(672.6903998176625,421.1242586036362)
(672.8216012228037,420.9835021227516)
(672.9629678645932,420.83261782575534)
(673.09543760537,420.691874183078)
(673.2378685891639,420.5411732720494)
(673.3806417016557,420.39064383239975)
(673.5620208845172,420.1998779577899)
(673.7339884188937,420.0192867067958)
(673.8866719997106,419.85908030695504)
(674.0390330848885,419.69918556188577)
(674.1909534716374,419.53955756820403)
(674.3518345730964,419.37005752163526)
(674.4932389146228,419.2206224292695)
(674.64350861467,419.0611120053662)
(674.7838886111647,418.91136970327426)
(674.9238592669002,418.7612236724864)
(675.0635496952275,418.61044860743215)
(675.2031273794186,418.45880137483505)
(675.3521859442887,418.2956723214922)
(675.4922593919316,418.1413349364833)
(675.6329150200908,417.9853300635575)
(675.7744149572785,417.82739779906603)
(675.9266907032003,417.656377864378)
(676.0708228475733,417.4936130960968)
(676.3382625858918,417.189622965185)
(676.4886729367563,417.0177558827407)
(676.6514183818086,416.8307611805342)
(676.7955343914231,416.6642692309604)
(676.9520074935299,416.4823945163826)
(677.1105161995172,416.2968977028875)
(677.2601061032242,416.1205531624516)
(677.4222146309667,415.9277928822397)
(677.5749054474264,415.74453124039275)
(677.7399466982705,415.5442513611453)
(677.8949666172775,415.35392063141927)
(678.061961690912,415.146069834362)
(678.218286017273,414.94873381039963)
(678.3747975711972,414.7481343910309)
(678.5424172159395,414.5295672931905)
(678.702096036151,414.3206054033528)
(678.8643318554099,414.1071379525561)
(679.0403117702473,413.87382948580523)
(679.2175924115769,413.63663514653035)
(679.3953156551745,413.39634983102275)
(679.572623623314,413.153865561814)
(679.7486609846832,412.91017997004474)
(679.922576345119,412.6664028041657)
(680.0935228742421,412.4237595322138)
(680.2606584100164,412.18359092000185)
(680.4231453958702,411.9473473004608)
(680.5801511270076,411.71657614398805)
(680.7211905383166,411.50737620925815)
(680.8560653115062,411.305719762012)
(680.993273911585,411.09877893091686)
(681.1142861553259,410.9147983225415)
(681.227614381135,410.740941517949)
(681.3326416430832,410.57794707509976)
(681.4287867822575,410.42629233635904)
(681.5155263432256,410.2861637724541)
(681.5971636639164,410.14911932436036)
(681.6671026152967,410.02461853150015)
(681.7219884832974,409.9185383943019)
(681.7688456756865,409.815358313838)
(681.8039470950598,409.7211727522957)
(681.8277208948123,409.63432569833583)
(681.8408283375377,409.5530747420847)
(681.8441509685276,409.4756743628538)
(681.8387681533445,409.400449492311)
(681.8259270789142,409.32585535938125)
(681.8070075672642,409.25052179297893)
(681.7834839955989,409.17328203297564)
(681.7568863639254,409.09318747371583)
(681.7287622047828,409.0095105885191)
(681.7006406662999,408.92173861953586)
(681.6739997669813,408.82956058399856)
(681.6502375392514,408.73284987691244)
(681.6306475512976,408.63164435728345)
(681.6163991146029,408.5261253771452)
(681.6085223343359,408.41659680684745)
(681.6078980276689,408.3034647578941)
(681.6152524099991,408.18721841931307)
(681.6311563244532,408.06841220666695)
(681.6560286648912,407.9476492693898)
(681.6901435210183,407.8255663039861)
(681.7336404641756,407.70281956833975)
(681.7865373039159,407.58007197623493)
(681.8487445882386,407.45798116166)
(681.9200811016491,407.33718843053595)
(682.000289638424,407.21830855498746)
(682.0890523924354,407.1019204051191)
(682.1790177769967,406.99589361429446)
(682.2832347301947,406.8857750345954)
(682.3948594096578,406.7795661706456)
(682.5222301601157,406.67198577111907)
(682.6642218689088,406.56389887628563)
(682.8196316586339,406.45606900606793)
(682.9872041357681,406.34915983510393)
(683.1656544889106,406.24373860486384)
(683.3405442772684,406.147019392815)
(683.5629461226483,406.0540443834965)
(683.8177171269256,405.9713588972829)
(684.1022175823279,405.89837781408613)
(684.4138418851941,405.834315937474)
(684.75003937282,405.7782144614875)
(685.1083327981607,405.7289707903766)
(685.4863344116042,405.6853703600476)
(685.881759693147,405.6461191957915)
(686.292438819657,405.609876153396)
(686.7163259751514,405.5752840727725)
(687.1515066254823,405.5409993678433)
(687.5962028858072,405.5057198360659)
(688.0487771105254,405.4682106623538)
(688.5077338315152,405.42732869755986)
(688.9717201633312,405.3820451076821)
(689.4395247869627,405.33146642470865)
(689.9100756212837,405.2748539001745)
(690.5410109017508,405.18793084771744)
(691.0149586304718,405.11566850916864)
(691.4890119903291,405.03621839785274)
(691.9626475224562,404.9496714772181)
(692.43545170115,404.8563286511822)
(692.9071131828883,404.7566959889937)
(693.3774146073885,404.6514731034993)
(693.8462238828143,404.5415340294609)
(694.3134846993131,404.4279002060541)
(694.7792057700455,404.31170552930934)
(695.2434480153785,404.19415392040423)
(695.7063086172568,404.0764704691722)
(696.1679006253656,403.9598479702984)
(696.628326660474,403.8453915778918)
(697.0876453282166,403.73406536323876)
(697.5458293851638,403.62664576703907)
(698.0027157730489,403.52368825803984)
(698.4579498554482,403.42551476486653)
(698.9109302532522,403.33222999310175)
(699.3607669914838,403.24377292427647)
(699.8062727865686,403.16000274155283)
(700.246009488317,403.08080397862153)
