Person 14
Starting Position = (276.52034585717956,478.52967184344067)
(280.41278336034907,477.7825875775768)
(283.6660478388281,477.1554377628836)
(286.9067580022169,476.52752151112276)
(289.9319193281753,475.93826765031935)
(292.9628128013856,475.34453188393434)
(295.9362823876452,474.75859754944145)
(298.83113035933155,474.18471009939753)
(301.7445272692451,473.6034860455691)
(304.617550120184,473.0266020747684)
(307.5086874483334,472.44216980920174)
(310.3983084918697,471.8539976636506)
(313.2668505988592,471.2660015154137)
(316.0948082719175,470.68221188559585)
(318.9211733596339,470.09454081661545)
(321.921142763263,469.46593746983217)
(324.74415500048934,468.8700800902225)
(327.5849656889095,468.2660268057041)
(330.3852283023716,467.66624930280307)
(333.20328128970914,467.05824540047666)
(336.4079124530247,466.36116199743896)
(339.3583056002168,465.7146988515579)
(342.1906466664241,465.08985085921483)
(344.9439068783824,464.47847902509756)
(347.9475016314365,463.8068805968332)
(350.8720056828494,463.1487280185319)
(353.6982493422432,462.5088741082841)
(356.44576127678147,461.88336052986125)
(359.1340225563816,461.2681109961676)
(361.8404488614248,460.6455565249798)
(364.52643582116656,460.02474213269886)
(367.21137098615117,459.40136460848885)
(369.89531394612925,458.7755787044404)
(372.5590295045209,458.1520796018147)
(375.24118011635255,457.5219813304783)
(377.88395435095435,456.8990901546933)
(380.52600519521025,456.27450124247576)
(383.1673928523685,455.6483772711586)
(385.78890313336115,455.02547052085015)
(388.4098746403735,454.4013717561708)
(391.04963351102464,453.771643810496)
(393.70823302254524,453.1364436471069)
(396.3279361203275,452.50976670091103)
(398.90880499989487,451.89179847827324)
(401.48941752459797,451.27348107444084)
(404.35876227912956,450.5858317673143)
(407.05464472025324,449.93980032287885)
(409.73119054209934,449.2986821028368)
(412.27287009947725,448.6902504419704)
(414.9493801168743,448.05024756922614)
(417.5681641358706,447.424890096176)
(420.12923057919943,446.81430214252913)
(422.6325860277142,446.2185911773097)
(425.0589630353159,445.6424019670505)
(427.4661584541562,445.07214755192655)
(429.8927317902483,444.49894132045165)
(432.3001672096281,443.93209165581584)
(434.7077418072627,443.3673127241323)
(437.1540289614779,442.79596198312714)
(439.5426507419288,442.24072296422275)
(441.85427180164845,441.7061028259149)
(444.1852517148913,441.17013294425595)
(446.4970299458644,440.64196841929794)
(448.82814618718527,440.1132185108603)
(451.12071787017516,439.59723197082053)
(453.39396156057035,439.08990301656985)
(455.6478215266154,438.5914866082221)
(457.86294797927434,438.10638048418417)
(460.0778373752383,437.6264373132408)
(462.3117247201361,437.1479583464809)
(464.4903822954786,436.69077533115876)
(466.65112320592704,436.2452670148877)
(468.83194444226893,435.8028273668863)
(471.0905479611023,435.35183229904146)
(473.50428831498664,434.87786456821897)
(475.7054056923783,434.4514123256116)
(477.9257064902301,434.027016292559)
(480.0684977260471,433.62249471310633)
(482.1724041023207,433.22999792337066)
(484.5471561993192,432.79342449004747)
(486.7286210770749,432.396865220738)
(488.87131846025267,432.0113852194041)
(490.91726188381506,431.64659920081874)
(492.96318834541603,431.28495788234346)
(494.95121123153757,430.93621815017184)
(496.9394318721899,430.5899499749781)
(498.9280220880814,430.2459356762559)
(500.8977735822985,429.90722233966216)
(502.82941570458206,429.5767886922045)
(504.7617701788606,429.24784500627413)
(506.71442052832515,428.91702106323584)
(508.6293820732222,428.59391315183734)
(510.54551987691394,428.27190323461593)
(512.3852750442537,427.9637713165407)
(514.2457523571626,427.65335851429813)
(516.2051698517296,427.328064858167)
(518.0644764376684,427.0177627286434)
(519.8838349144421,426.7139080322688)
(521.7031828329959,426.4108862284145)
(523.5233258894252,426.1093624803291)
(525.3059553150662,425.81615211942363)
(527.1874950710251,425.5096680881519)
(528.9738998771437,425.22159525881096)
(530.7624202336377,424.93644677060905)
(532.5142060469484,424.6605524411641)
(534.2683422011725,424.38802731843856)
(536.0054192464784,424.12213315382826)
(537.7451038844856,423.8601969786201)
(539.605540404702,423.58566745027537)
(541.5878683424984,423.3001267771661)
(543.3572794305846,423.0508140875639)
(545.1299507716271,422.80708263611547)
(546.8863307072677,422.5719582584667)
(548.5669620929416,422.35312374594434)
(550.2510897773141,422.14040979851836)
(552.0986922061977,421.9155694836825)
(553.9314849299786,421.700992042183)
(555.6491775361495,421.50714401780436)
(557.3716867745993,421.3200050175599)
(559.0791956874582,421.1414401943461)
(560.751586316775,420.97290790824763)
(562.409056221947,420.81177315153576)
(564.0109041590025,420.6610978249477)
(565.597570860278,420.51637372172195)
(567.210020645005,420.37350237312484)
(568.8073962056543,420.23549936224236)
(570.410072691832,420.0999830868096)
(572.0385868227648,419.96467524029157)
(573.6097064081499,419.8356405350746)
(575.2055954864085,419.70554016992935)
(576.783983520703,419.5771981588443)
(578.3437746057192,419.4501388662183)
(579.8837013831218,419.3239867362645)
(581.4439851302147,419.1950386805314)
(582.9604899949288,419.0682136806868)
(584.4522274433164,418.9416858030818)
(585.937878129594,418.81366628835275)
(587.4150924645205,418.68418765301476)
(588.8813040515786,418.5533772144602)
(590.3137782952881,418.42328755699907)
(591.7301963892288,418.2924419457372)
(593.0695229525467,418.1667540469597)
(594.4085069502529,418.039377629573)
(595.7065282263627,417.91453066065037)
(597.1284128788518,417.77696461944527)
(598.3761134520753,417.6557839499179)
(599.5984476594127,417.53465304058824)
(600.7781007213583,417.4164865407168)
(601.9334396111217,417.3005328795616)
(603.065305080135,417.1876484694926)
(604.1748949690771,417.07849849553395)
(605.2635775967117,416.97354520786126)
(606.3326416454605,416.8730382093442)
(607.3521842792195,416.7796322869914)
(608.3393083599007,416.69145657608686)
(609.5623689326956,416.587164691524)
(610.5461015378727,416.5210800706691)
(611.4911500203604,416.46921284444284)
(612.4156406422608,416.4245369231351)
(613.3100844733187,416.3823894629128)
(614.1795011498061,416.33900370004915)
(615.0288838641142,416.2922323561433)
(615.8494363704068,416.2421130800721)
(616.685535542831,416.18637338925873)
(617.6785633360604,416.11662941005585)
(618.6158251983355,416.049273431813)
(619.5115175660056,415.98511309821953)
(620.4365654840951,415.9208603606681)
(621.3475669469964,415.8603751853967)
(622.272064891885,415.80235325788686)
(623.1480840639131,415.7500453334808)
(624.0475281925749,415.6989565470822)
(624.9073874045332,415.65180689982526)
(625.7853562802374,415.60496867245337)
(626.6180126315746,415.5610403083611)
(627.4482279400185,415.51736648925953)
(628.2884186763334,415.4730831945483)
(629.106390462376,415.4296954024514)
(629.9299409507104,415.38579137044457)
(630.7287500560701,415.3430504027773)
(631.5172560416573,415.3008989640957)
(632.2820209739853,415.26022950874074)
(633.0246682299722,415.22113341375734)
(633.7745917638288,415.18237957861373)
(634.5059355537419,415.14544105071116)
(635.2343351860848,415.109651351435)
(635.975041432556,415.0743683255326)
(636.7156931177849,415.04001211237085)
(637.4572538666312,415.00614544076217)
(638.1727005249935,414.973335305438)
(638.8894594840349,414.93972615590866)
(639.6071207992645,414.9046624905569)
(640.3249977242966,414.86749770878055)
(641.0284637395511,414.8283762143893)
(641.7165402563456,414.78692602433136)
(642.4016168906891,414.7419646044954)
(643.0817338131992,414.69312263957863)
(643.7540802262461,414.64003456247434)
(644.4146336881407,414.58226636272724)
(645.0702784819424,414.51786776676056)
(645.7001303899274,414.44699935231114)
(646.2622614526651,414.37309865812273)
(646.7961980877719,414.2882766431953)
(647.2754030907478,414.19364987251026)
(647.7099386971825,414.0848457670761)
(648.1133893005249,413.95691449384213)
(648.4847399745676,413.81484414671644)
(648.8600920222588,413.65440330826897)
(649.2396956571256,413.4906181905419)
(649.6445803078309,413.3143683298269)
(650.0888665485408,413.13635095251027)
(650.5915677168949,412.9619070228496)
(651.1563086884612,412.79838309499723)
(651.7804236252848,412.6504062388049)
(652.4561993002644,412.5196748033702)
(653.1726220913534,412.40528905897185)
(654.0032243721669,412.29474608541454)
(654.7653070022112,412.20403066965514)
(655.531186258169,412.1173432528961)
(656.2920500537633,412.02984558276313)
(657.1553228266791,411.92091859034696)
(657.9500349421357,411.80645669004645)
(658.6945777407644,411.682345634809)
(659.4081119385389,411.5450513646146)
(660.1096304226348,411.3911323614649)
(660.8030560358974,411.2212098739736)
(661.4933080656277,411.03693690725385)
(662.1561552867539,410.8494185596963)
(662.8110694611848,410.65682446800406)
(663.459856290638,410.46100872974836)
(664.1166469974452,410.2583531480991)
(664.7760687488845,410.04938749783514)
(665.428030567543,409.8340195958696)
(666.1163921590753,409.5885495784771)
(666.744543975809,409.33692367088815)
(667.3064267057981,409.07134845349896)
(667.7750031338553,408.7985750798037)
(668.1457182378914,408.5244083253322)
(668.4235073100019,408.25929024342463)
(668.6240072659115,408.0105741554949)
(668.7616223830345,407.80312999280653)
(668.8597451315326,407.63869188347195)
(668.9322746971627,407.5287123265615)
(668.9950753839958,407.4740911461387)
(669.0600416757769,407.47594064452363)
(669.1371732814374,407.5319496226854)
(669.231463869796,407.63294981224715)
(669.3933897455262,407.8264936936339)
(669.5523745614099,408.008429826544)
(669.7439789616947,408.20627138554573)
(669.9681170963513,408.3954346721392)
(670.2540088017123,408.57881414725193)
(670.5955333380195,408.734285157623)
(671.0199375228254,408.8576552798333)
(671.5054030615391,408.934961727848)
(672.0779969904972,408.9653286319991)
(672.7001419604251,408.9498455782126)
(673.3989613797196,408.8928412218632)
(674.1265737862494,408.80848811827127)
(674.9126865398387,408.70438361581387)
(675.7034692694883,408.6004995645183)
(676.5074500081059,408.5082117168204)
(677.3328330840305,408.44044468044046)
(678.12467373505,408.4033845815847)
(678.9004224683932,408.4095934137079)
(679.6315497550497,408.4733630245867)
(680.2732809510198,408.59968649993016)
(680.8376842917953,408.80222048721157)
(681.2957881422246,409.07473688110156)
(681.6552545562752,409.4056572970628)
(681.9412069657051,409.7735915659737)
(682.1939507481295,410.1598812659306)
(682.5391063885846,410.48243342276686)
(682.9559871833396,410.73689882680446)
(683.4459925316997,410.91829776668686)
(683.9678195354998,411.0207999472263)
(684.5121296774188,411.0472334794611)
(685.0549566981219,410.9969103096522)
(685.5738400848265,410.87047635129807)
(686.0495506981136,410.66949610458744)
(686.4676342752529,410.3962719652765)
(686.819594703045,410.05391081363507)
(687.1035663392068,409.646559396095)
(687.3243908633541,409.1796929941117)
(687.4931124226537,408.6603357510898)
(687.6345890081978,408.0412757123929)
(687.7507399046019,407.4410632874129)
(687.9551595393925,406.75348593822605)
(688.2616377876477,405.9938891872135)
(688.6779785546554,405.1919409786985)
(689.2075299864088,404.37232071461654)
(689.8245742255947,403.58010773438974)
(690.5649855503061,402.77964932779986)
(691.3970951681566,402.0098075729711)
(692.276478156243,401.30390484142464)
(693.2494383067435,400.6286383867994)
(694.2754570328684,400.0169046615312)
(695.3440619653962,399.47795775995377)
(696.4109701252455,399.0324402272135)
(697.5387245983952,398.663034952259)
(698.6841954616037,398.3940086852513)
(699.7938591100926,398.23707184559584)
(700.9033187725374,398.1827536572694)
