5 221.554003
6 162.328416
7 124.741909
8 105.714127
9 90.087168
10 85.857620
11 71.335814
12 57.869024
13 54.879760
14 51.232355
15 45.630199
16 42.640406
17 38.267813
18 38.686424
19 34.999439
20 33.431583
21 30.993841
22 31.113884
23 27.371332
24 25.841012
25 24.683588
26 23.666523
27 22.681697
28 21.892621
29 20.999557
30 20.201923
31 19.550343
32 18.880475
33 18.342213
34 17.839061
35 17.322242
36 16.752539
37 16.269313 
38 15.805873
39 15.393519
40 14.980761
41 14.668172
42 14.317288
43 14.063921
44 13.761073
45 13.408892
46 13.123365
47 12.838010
48 12.475489
49 12.165441
50 11.886766