Person 91
Starting Actual Velocity = [ 1.04251742 -0.47677173]
[16.84052371 -6.30562645]
[17.67841403 -6.50095516]
[17.97573305 -6.44174089]
[18.14532744 -6.31174932]
[18.25029169 -6.19300374]
[18.32507192 -6.09106566]
[18.38294617 -6.00341281]
[18.43255976 -5.9201852 ]
[18.47354943 -5.84733373]
[18.51205032 -5.77132622]
[18.5394232  -5.71860243]
[18.56657994 -5.65920146]
[18.58949644 -5.60657576]
[18.61097127 -5.55251792]
[18.63360049 -5.48803177]
[18.64814544 -5.44693455]
[18.66821082 -5.37844538]
[18.70447494 -5.23881364]
[18.69579653 -5.26905181]
[18.69725917 -5.25745117]
[18.71052882 -5.1892501 ]
[18.70965439 -5.18350047]
[18.71117637 -5.16432757]
[18.71325187 -5.14005394]
[18.71518793 -5.11342297]
[18.7237407  -5.04420285]
[18.72356075 -5.01407132]
[18.71797124 -5.01111081]
[18.71368023 -4.99987761]
[18.70985537 -4.98474461]
[18.70638418 -4.96549707]
[18.70260436 -4.94535149]
[18.69824807 -4.9255507 ]
[18.69322719 -4.90652853]
[18.68753259 -4.88838697]
[18.68063375 -4.8745128 ]
[18.67358919 -4.85923601]
[18.66588138 -4.84544522]
[18.6651842  -4.79164788]
[18.65293163 -4.78903746]
[18.63937431 -4.79282977]
[18.62656816 -4.79126171]
[18.62073491 -4.75381903]
[18.60360393 -4.76196891]
[18.58826956 -4.76234083]
[18.57439612 -4.75584833]
[18.56095899 -4.74614037]
[18.54745364 -4.7348072 ]
[18.53446495 -4.71905776]
[18.52081146 -4.70285953]
[18.50690446 -4.68436929]
[18.48911212 -4.67665072]
[18.47247745 -4.66274578]
[18.45601414 -4.64532566]
[18.44026226 -4.62198008]
[18.41990207 -4.6094548 ]
[18.40180869 -4.58687587]
[18.38191238 -4.56570648]
[18.36143506 -4.54237639]
[18.33978481 -4.51742467]
[18.31846064 -4.48621738]
[18.29604419 -4.4524203 ]
[18.27592019 -4.40617205]
[18.2730865 -4.3071029]
[18.23224148 -4.2877987 ]
[18.19122696 -4.2702794 ]
[18.15652084 -4.23679779]
[18.13551432 -4.16627995]
[18.10445447 -4.10976351]
[18.06333621 -4.0714462 ]
[18.02229601 -4.03231352]
[17.98201858 -3.99090295]
[17.9436406 -3.9445817]
[17.90767129 -3.89186624]
[17.87753426 -3.82607343]
[17.83405331 -3.78065148]
[17.79275419 -3.73231058]
[17.75225335 -3.68308458]
[17.71071442 -3.6378042 ]
[17.66778101 -3.59728374]
[17.62550639 -3.55874101]
[17.58624042 -3.51920615]
[17.54081652 -3.48718325]
[17.49907628 -3.45374345]
[17.45945189 -3.41994667]
[17.4195916  -3.38745954]
[17.39182919 -3.34945798]
[17.35391437 -3.31738585]
[17.30799595 -3.2900432 ]
[17.26127714 -3.26433716]
[17.21715801 -3.23884846]
[17.17733564 -3.21311586]
[17.15134572 -3.18689464]
[17.14642871 -3.1647721 ]
[17.07693012 -3.13628101]
[17.0137913  -3.10956791]
[16.95784716 -3.08467474]
[16.89978138 -3.05978081]
[16.87273617 -3.04885988]
[16.84430206 -3.04567233]
[16.73683913 -3.00137563]
[16.64218784 -2.96685742]
[16.55517838 -2.94114414]
[16.46973173 -2.92192005]
[16.38236556 -2.90757578]
[16.2928317  -2.89854113]
[16.20546363 -2.9007016 ]
[16.11502951 -2.90990642]
[16.02217566 -2.92693513]
[15.92771672 -2.9523845 ]
[15.83612151 -2.99207487]
[15.7411505  -3.03638546]
[15.6437214  -3.08295751]
[15.55476456 -3.14495605]
[15.46876487 -3.21312279]
[15.38450866 -3.28284197]
[15.31397134 -3.36769549]
[15.25530205 -3.46359538]
[15.19707457 -3.5547817 ]
[15.13449171 -3.63344627]
[15.07692198 -3.70829639]
[15.03358132 -3.78828871]
[14.99573654 -3.86503991]
[14.95584448 -3.93228623]
[14.56699937 -4.02118842]
[14.31917813 -4.08126209]
[14.16664176 -4.11927558]
[14.09114574 -4.15288295]
[14.10112062 -4.20229567]
[14.08868362 -4.22433519]
[14.43304472 -4.42014729]
[14.38876268 -4.43357775]
[14.20733202 -4.38180294]
[14.05455511 -4.34779492]
[13.93127376 -4.3334352 ]
[13.84198436 -4.34334898]
[13.78101031 -4.37676145]
[13.78639039 -4.45347515]
[13.67377644 -4.4716448 ]
[13.54907024 -4.48763135]
[13.46132254 -4.53605661]
[13.31905708 -4.56269634]
[13.18286752 -4.6038353 ]
[13.04949678 -4.65731739]
[12.92986859 -4.73060186]
[12.80815213 -4.81079524]
[12.69471615 -4.90404093]
[12.58377477 -5.00773195]
[12.46065344 -5.10809757]
[12.3341397 -5.2103182]
[12.20314086 -5.30961632]
[12.0719517  -5.40059143]
[11.95016609 -5.47685884]
[11.84462476 -5.52842032]
[11.76615732 -5.5500624 ]
[11.72127053 -5.53760384]
[11.71031814 -5.48899363]
[11.73566778 -5.404868  ]
[11.77581865 -5.28760015]
[11.82509061 -5.14268824]
[11.87457409 -4.97559429]
[12.61671507 -4.74417931]
[12.30305897 -4.53734513]
[11.99979258 -4.33863944]
[11.72281494 -4.13979033]
[11.51646133 -3.89319196]
[11.32514282 -3.65053504]
[11.1677622  -3.40419348]
[11.07340497 -3.14835363]
[11.04810772 -2.89660347]
[11.12784542 -2.65781396]
[11.30477331 -2.45647362]
[11.48917674 -2.31776964]
[11.740292   -2.23655412]
[12.02513363 -2.217774  ]
[12.28635793 -2.25865851]
[12.47332347 -2.34828391]
[12.58856123 -2.47899205]
[12.57100972 -2.62807235]
[12.4427983  -2.78338849]
[12.20647768 -2.90466886]
[11.86977052 -3.00180446]
[11.5021518  -3.03734846]
[10.98033978 -2.95037906]
[10.33353186 -2.76799068]
[ 9.69056974 -2.48126368]
[ 9.12490262 -2.14648983]
[ 8.67862364 -1.68818015]
[ 8.37500592 -1.16391579]
[ 8.23150794 -0.59974394]
[ 8.26584965 -0.03183924]
[8.47989942 0.47795533]
[8.90705509 0.88793432]
[9.74004222 1.16018796]
[10.42251917  1.11207289]
[11.23320631  0.82183509]
[11.7459815  0.3734779]
[12.10715988 -0.15934793]
[12.31244741 -0.71569713]
[12.39304926 -1.25757722]
[12.39388539 -1.763241  ]
[12.29737609 -2.18941098]
[12.14505697 -2.52268242]
[11.95938753 -2.75203661]
[11.77050229 -2.87118617]
[11.68802331 -2.82080741]
[11.45306607 -2.76403274]
[11.24534126 -2.63622753]
[11.08998001 -2.43919167]
[10.9775342  -2.20587261]
[10.89007409 -1.97518122]
[10.84539873 -1.74648713]
[10.78764777 -1.56800736]
[10.71493201 -1.45780472]
[10.60505114 -1.41274339]
[10.43986702 -1.42732357]
[10.24747733 -1.46776106]
[10.03024665 -1.51871019]
[ 9.8176832  -1.54703544]
[ 9.5796078  -1.56665372]
[ 9.38634045 -1.52096211]
[ 9.33573626 -1.31669894]
[ 9.32182312 -1.06149551]
[ 9.38281833 -0.78270104]
[ 9.55138087 -0.46309477]
[ 9.86854994 -0.0842531 ]
[10.33171614  0.3346242 ]
[10.94282404  0.6996313 ]
[11.78715077  1.06051515]
[12.77545134  1.33756206]
[13.76798151  1.45914955]
[14.75760013  1.40528076]
[15.5893969   1.13652726]
[16.18591641  0.66388845]
[16.51042866  0.03056007]
[16.62615274 -0.7361039 ]
[16.55961569 -1.49668341]
[16.4925954  -2.27538684]
[16.48802566 -3.07832184]
[16.49944758 -3.83563487]
[16.52350536 -4.56407316]
[16.47189685 -5.1827644 ]
[16.31784346 -5.70705907]
[16.00090095 -6.12818969]
[15.46052177 -6.41049771]
[14.67660419 -6.609105  ]
[13.70974892 -6.74504855]
[13.094259  -7.1204022]
[12.21026406 -7.34762934]
[11.07865013 -7.44963726]
[ 9.80267091 -7.41814133]
[ 8.65621783 -7.42001377]
[ 7.57683135 -7.33277068]
[ 6.57363655 -7.18484026]
[ 5.70129827 -7.00464234]
[ 5.00277005 -6.81383583]
[ 4.50383575 -6.62594553]
[ 4.20868509 -6.44639595]
[ 4.09780221 -6.27604379]
[ 4.13581059 -6.10305556]
[ 4.32356993 -5.81130349]
[ 4.51356788 -5.752154  ]
[ 4.70876683 -5.91374764]
[ 4.94718542 -6.3100563 ]
[ 5.27219219 -6.92624768]
[ 6.62856538 -8.21099246]
[ 7.73919127 -9.23472064]
[  8.69085818 -10.05594765]
[  9.47440197 -10.65994973]
[ 10.12384786 -11.10097141]
[ 10.64796198 -11.44460528]
[ 11.0009247  -11.72407229]
[ 11.47208445 -12.15464416]
[ 11.83290686 -12.68770373]
[ 12.0729527  -13.28315354]
[ 12.23164579 -13.91389659]
[ 12.35750183 -14.6031336 ]
[ 21.24158631 -11.59594841]
[27.39210573 -9.31351285]
[31.36641164 -7.54934069]
[35.89145917 -4.80585904]
[36.88921559 -3.21366827]
[37.30545228 -1.55107042]
[37.38881045  0.25719701]
[37.24532231  1.98380142]
[36.96719422  3.59998904]
[36.58128852  4.89273041]
[36.10524835  5.74284743]
[35.52748855  6.21523802]
