Person 91
Starting Actual Velocity = [1.19584154 0.1398369 ]
[18.89901072  2.12928411]
[19.70979309  2.23759137]
[19.91183209  2.26820827]
[19.97865329  2.27746369]
[19.999013    2.28146082]
[20.00564644  2.28402541]
[20.00807872  2.28624306]
[20.01040848  2.28755762]
[20.01183051  2.28927159]
[20.01513308  2.28967197]
[20.01417428  2.29313582]
[20.01565512  2.29496562]
[20.01617568  2.29755792]
[20.0176504   2.29961461]
[20.02235876  2.29968427]
[20.02129203  2.30382593]
[20.02838057  2.30276053]
[20.06100011  2.28501182]
[20.03687711  2.30604929]
[20.02821584  2.31631468]
[20.03768562  2.31504624]
[20.02819653  2.32597423]
[20.02371766  2.33362501]
[20.02127146  2.34003994]
[20.01991172  2.34591031]
[20.03227786  2.34403883]
[20.03244631  2.35017824]
[20.02457376  2.36113854]
[20.01984467  2.37024753]
[20.01657854  2.37861129]
[20.01473649  2.38637681]
[20.01331528  2.39418527]
[20.01193331  2.40228933]
[20.01044309  2.41079336]
[20.00878559  2.41974454]
[20.0058456   2.42967903]
[20.00338802  2.43968802]
[20.00043596  2.45027197]
[20.01161982  2.45465073]
[20.0043222   2.46905723]
[19.99511124  2.48432188]
[19.98790928  2.49857605]
[19.99326949  2.50761881]
[19.98212475  2.52454106]
[19.97375963  2.54003435]
[19.96748219  2.55460714]
[19.96198147  2.5689355 ]
[19.95672898  2.58328224]
[19.95264746  2.59735543]
[19.94841347  2.61171771]
[19.94465425  2.62613996]
[19.93695527  2.64206158]
[19.93104157  2.65725621]
[19.92589222  2.67218344]
[19.92227231  2.68666894]
[19.9145432   2.70248451]
[19.90972862  2.71719414]
[19.90386586  2.73214702]
[19.89815858  2.74688196]
[19.89196199  2.76154998]
[19.88675965  2.77568929]
[19.88145372  2.78964251]
[19.87930169  2.80253043]
[19.89605655  2.80984229]
[19.88096615  2.82755153]
[19.86658638  2.84388753]
[19.85759565  2.85785968]
[19.86043816  2.86820599]
[19.85737859  2.88016904]
[19.84794346  2.89338617]
[19.83914875  2.90572775]
[19.8313368   2.91716101]
[19.82525044  2.92760343]
[19.82133747  2.93707151]
[19.82213986  2.94509801]
[19.81573267  2.95459953]
[19.81112348  2.96323486]
[19.80749404  2.97126598]
[19.80370971  2.97893849]
[19.79924636  2.98642564]
[19.79509622  2.99349359]
[19.79244548  2.99991874]
[19.78671065  3.00668141]
[19.7825082   3.01277245]
[19.77916268  3.01838692]
[19.77564062  3.02376394]
[19.77763703  3.02780722]
[19.77538597  3.03257452]
[19.76967576  3.03777785]
[19.76349595  3.0427713 ]
[19.75827333  3.04730474]
[19.75483429  3.05127682]
[19.75755112  3.05397463]
[19.7714181   3.05458878]
[19.75851776  3.06005096]
[19.74857326  3.06467913]
[19.74210881  3.06846646]
[19.7357087   3.07201196]
[19.74408969  3.07308534]
[19.75661535  3.0735829 ]
[19.7370218   3.07894332]
[19.72308777  3.08315743]
[19.71303431  3.08655214]
[19.70469693  3.08947208]
[19.69675488  3.09212046]
[19.68901395  3.09454111]
[19.68304411  3.09657406]
[19.67693891  3.09845863]
[19.67068854  3.10019696]
[19.66428694  3.10178573]
[19.65887268  3.10310088]
[19.65225307  3.10435992]
[19.64434619  3.10554713]
[19.63772829  3.10639017]
[19.63077702  3.10702653]
[19.623042    3.10747683]
[19.61686672  3.10748294]
[19.61166497  3.10704703]
[19.60522551  3.10633152]
[19.59687323  3.10537419]
[19.58837216  3.10395803]
[19.58129441  3.10181575]
[19.57451043  3.09894136]
[19.56722735  3.09530687]
[19.56008914  3.09067973]
[19.55066145  3.08531959]
[19.53941346  3.07923049]
[19.52894629  3.07184035]
[19.52271688  3.06186955]
[19.51143227  3.05076303]
[19.54574882  3.02618154]
[19.53001131  3.00422471]
[19.5015043   2.98547608]
[19.47709945  2.96441857]
[19.45589145  2.9404368 ]
[19.43759731  2.91206278]
[19.42147466  2.87812083]
[19.41137557  2.83119019]
[19.3921078   2.78745823]
[19.3727518   2.73970366]
[19.35608712  2.67784734]
[19.33544742  2.61674898]
[19.3145319   2.54779644]
[19.29263849  2.47169174]
[19.26963322  2.38527106]
[19.24473654  2.29336334]
[19.21802734  2.19328768]
[19.18909092  2.08519542]
[19.15783479  1.97314946]
[19.1239705   1.85373142]
[19.08708973  1.72721962]
[19.04680004  1.59399952]
[19.0027232   1.45459563]
[18.98458155  1.34013341]
[18.95744698  1.21483283]
[18.92271462  1.08033805]
[18.88135534  0.93847128]
[18.8333365   0.78824383]
[18.77962214  0.63465385]
[18.71964605  0.47676424]
[18.65226699  0.3136702 ]
[18.5147279  -0.01946614]
[18.43016984 -0.15933939]
[18.34158334 -0.29373042]
[18.24791744 -0.42333159]
[18.14956598 -0.54633973]
[18.05069016 -0.65687915]
[17.94993487 -0.7574463 ]
[17.84358482 -0.85209944]
[17.73376743 -0.93839473]
[17.61628179 -1.01997202]
[17.49325684 -1.09495828]
[17.37566823 -1.15722804]
[17.25307932 -1.21566934]
[17.12570428 -1.27099596]
[16.99616356 -1.32280751]
[16.86712128 -1.37084832]
[16.73404303 -1.41826986]
[16.60421368 -1.46167124]
[16.47279987 -1.50351903]
[16.34138038 -1.54234784]
[16.20913401 -1.5772245 ]
[16.0350848  -1.62466857]
[15.84585855 -1.66398093]
[15.66642712 -1.68328659]
[15.4722233  -1.75055551]
[15.29882827 -1.7830556 ]
[15.11865447 -1.79718551]
[14.94034378 -1.79035311]
[14.76045622 -1.76573247]
[14.57536715 -1.72553561]
[14.38459019 -1.67209788]
[14.1812672 -1.6066343]
[13.94286399 -1.52422158]
[13.7185125  -1.44815229]
[13.47661171 -1.37117486]
[13.25259504 -1.31184339]
[13.03364244 -1.25703741]
[12.82040637 -1.20598904]
[12.60999901 -1.15747296]
[12.39655682 -1.11003767]
[12.18737551 -1.06988884]
[11.98220257 -1.03848293]
[11.785491   -1.01889274]
[11.60153142 -1.01246983]
[11.43232099 -1.01553298]
[11.31071476 -1.04485187]
[11.23036271 -1.08477332]
[11.19741846 -1.13038236]
[11.21352084 -1.17613496]
[11.27198749 -1.21634234]
[11.37220474 -1.24594376]
[11.49515446 -1.26211296]
[11.62760248 -1.26382869]
[11.75632158 -1.25046187]
[11.86695246 -1.22627957]
[11.96731482 -1.18938803]
[12.04890423 -1.14148986]
[12.11296567 -1.08109078]
[12.12807747 -1.0255127 ]
[12.11793659 -0.96756822]
[12.09651904 -0.89852824]
[12.033228   -0.84515952]
[11.94471526 -0.80670327]
[11.84226412 -0.77934664]
[11.73004866 -0.761306  ]
[11.60941551 -0.75396563]
[11.48335509 -0.75886483]
[11.35368787 -0.77492232]
[11.2233137 -0.8029892]
[11.09698864 -0.84192537]
[10.97966826 -0.89243765]
[10.87814146 -0.95183414]
[10.79907785 -1.01712469]
[10.74796841 -1.08437594]
[10.54800979 -1.03574902]
[10.42189857 -1.01033071]
[10.35790601 -1.00155352]
[10.35346354 -1.0059566 ]
[10.39468244 -1.01793991]
[10.47695777 -1.03207965]
[10.57668703 -1.04134703]
[10.6916794  -1.04117662]
[10.81504643 -1.02573146]
[10.91295875 -0.99234747]
[10.98946329 -0.93883788]
[11.01699003 -0.87311617]
[11.01814366 -0.79149593]
[10.97935775 -0.70670962]
[10.92040185 -0.61161092]
[10.84174304 -0.51085225]
[10.57873163 -0.27790049]
[10.3472682  -0.08385873]
[10.14710157  0.08354079]
[9.98191092 0.22437277]
[9.85171587 0.34137137]
[9.75275674 0.43914073]
[9.6777373  0.52323737]
[9.6164942  0.59920243]
[9.56012712 0.67388068]
[9.52887923 0.76810208]
[9.42961373 0.85359555]
[9.27744275 0.92958934]
[9.08177538 0.99174097]
[8.85180343 1.02615745]
[8.59979869 1.02978782]
[8.35211074 1.00254725]
[8.11945024 0.94022257]
[7.92050972 0.84161185]
[7.77064002 0.7049504 ]
[7.68939092 0.52789818]
[7.67773316 0.33785862]
[7.72284815 0.15455818]
[ 7.83827531 -0.03610228]
[ 8.00850586 -0.21320508]
[ 8.23705674 -0.37623364]
[ 8.58611232 -0.54665108]
[ 8.91968108 -0.54043079]
[ 9.30908009 -0.53785885]
[ 9.73171815 -0.54073261]
[10.63819609 -0.6028299 ]
[11.16517181 -0.6128059 ]
[11.69832848 -0.62476008]
[12.26361603 -0.63888995]
[12.80092906 -0.6483511 ]
[13.33815141 -0.65193805]
[13.83681934 -0.64345862]
[14.2651114  -0.61903809]
[14.65157425 -0.57497581]
[14.93875427 -0.51210394]
[15.16050712 -0.42787363]
[15.31419287 -0.32149504]
[15.39902422 -0.19311108]
[15.41594656 -0.04369628]
[15.36742759  0.12509048]
[15.25716861  0.3110644 ]
[15.09305907  0.50417807]
[14.88634139  0.69987349]
[14.63989705  0.91336802]
[14.36359345  1.12245457]
[14.0532163   1.34325813]
[13.71384695  1.56073747]
[13.35372057  1.75897352]
[12.96084708  1.95262064]
[12.54081235  2.12346621]
[12.09431097  2.26404511]
[11.62342712  2.3672449 ]
[11.14281618  2.42148403]
[10.64144492  2.43558823]
[10.14093009  2.39953326]
[9.67966853 2.31438873]
[9.256644   2.19102818]
[8.89563077 2.0346852 ]
[8.6196429  1.84891044]
[8.46088565 1.64771357]
[8.4311246  1.43744107]
[8.53954678 1.22653143]
[8.78537758 1.0226241 ]
[9.1578594  0.83207688]
[9.63764508 0.65963799]
[10.20487557  0.51153402]
[10.80263233  0.39000285]
[11.40476443  0.2944949 ]
[12.04965957  0.22014489]
[12.74603488  0.16784569]
[13.34396432  0.13889418]
[13.86532029  0.12744548]
[14.35328461  0.13108992]
[14.74448759  0.14431406]
[15.07776133  0.16607321]
[15.31995643  0.1907311 ]
[15.46173017  0.169091  ]
[15.51152698  0.16114974]
[15.51668687  0.17186876]
[15.47424153  0.20079752]
[15.40038278  0.2471051 ]
[15.303899    0.31108179]
[15.18874166  0.38191293]
[15.06495104  0.4624231 ]
[14.93990017  0.54039279]
[14.82088643  0.62128647]
[14.71418211  0.69483571]
[14.62434583  0.76956064]
[14.55191564  0.83819402]
[14.49676516  0.907645  ]
[14.46193525  0.99142489]
[14.45142656  1.08622417]
[14.46039469  1.19648656]
[14.50288844  1.33971951]
[14.57057685  1.50750688]
[14.66411126  1.71219344]
[14.77506978  1.95592095]
[14.90103721  2.25344949]
[15.01713372  2.58762278]
[15.09817633  2.93188909]
[15.14496633  3.31222692]
[15.12627143  3.67888064]
[15.03648826  4.05729269]
[14.85594621  4.39551724]
[14.56831066  4.71602657]
[14.34299015  5.04527197]
[13.96851863  5.29981932]
[13.44290814  5.46981507]
[12.76846212  5.54530058]
[11.95303674  5.5163187 ]
[11.01127778  5.37335305]
[9.96557774 5.10822885]
[8.84646564 4.71552505]
[7.64252741 4.16981779]
[6.49990125 3.52040005]
[5.41735364 2.76304328]
[4.44432677 1.92110586]
[3.62758842 1.02642521]
[3.00771074 0.11735392]
[ 2.61587928 -0.76441254]
[ 2.47137699 -1.57764453]
[ 2.58004626 -2.28528453]
[ 2.93395289 -2.85739254]
[ 3.51233818 -3.27295274]
[ 4.28375812 -3.52051121]
[ 5.25792123 -3.59889922]
[ 6.30130274 -3.42203075]
[ 7.43054017 -3.04378556]
[ 8.61556486 -2.46726799]
[10.82531552 -1.64761035]
[12.75882438 -0.76080248]
[14.63000982  0.26518838]
[16.31222287  1.34384629]
[17.72212836  2.37707768]
[19.17649862  3.58452201]
[20.72081384  5.04531758]
[21.81274523  6.2326398 ]
[22.54358878  7.15721779]
[23.05086036  7.93539191]
[23.30626     8.49470955]
[23.41016446  8.97021854]
[23.34119601  9.30655736]
[23.13046434  9.61975241]
[22.79414373  9.75087736]
[22.35401749  9.85229011]
[21.84511606  9.9071246 ]
[21.2476232   9.95210446]
[21.99660888 11.30496625]
[22.55900908 12.39341437]
[23.07035306 13.42426913]
[23.50299161 14.33465329]
[23.84728381 15.08653789]
[24.14473884 15.73607555]
[24.42434649 16.31511977]
[24.65831455 16.75782502]
[24.87591933 17.10087203]
[25.10006204 17.35803885]
[25.32159695 17.50435559]
[25.53113133 17.53831001]
[25.7616889  17.47107265]
[25.98423978 17.30543419]
[26.21311819 17.04594437]
[26.46176881 16.67676714]
[26.69466891 16.23585889]
[26.93813209 15.68598797]
[27.21412074 14.95690782]
[27.47387822 14.10008789]
[27.67206819 13.21031248]
[27.7978015  12.32519501]
[27.84176971 11.43740917]
[27.77052672 10.62061286]
[27.55843642  9.89263414]
[27.14316857  9.17951335]
