Person 91
Starting Actual Velocity = [ 1.1184642  -0.44214702]
[18.61081811 -6.69878942]
[19.21586358 -7.1097634 ]
[19.32731372 -7.26892033]
[19.37501261 -7.3605936 ]
[19.37093278 -7.43530907]
[19.34747802 -7.50412555]
[19.31616194 -7.56943342]
[19.29483127 -7.63045435]
[19.26706867 -7.68925435]
[19.26022111 -7.74364253]
[19.2099288  -7.79774653]
[19.18751446 -7.84564775]
[19.15778853 -7.88968306]
[19.13997882 -7.92904725]
[19.1549251  -7.96433981]
[19.11498797 -7.99686993]
[19.15382674 -8.0256346 ]
[19.42997598 -8.05656641]
[18.81594918 -8.15789465]
[18.63884446 -8.18197948]
[18.72673088 -8.18260032]
[18.68276164 -8.16382552]
[18.68761191 -8.14409617]
[18.70862178 -8.12394609]
[18.73569789 -8.10363461]
[18.87513081 -8.09487059]
[18.90559263 -8.07439974]
[18.86935549 -8.04428672]
[18.85916033 -8.01620483]
[18.86197919 -7.98826   ]
[18.87693077 -7.96069113]
[18.89630097 -7.93251836]
[18.9172666 -7.9035382]
[18.93888956 -7.87384482]
[18.96093701 -7.84366033]
[18.97656585 -7.81175563]
[18.99706039 -7.78106509]
[19.01658091 -7.75044011]
[19.11902502 -7.74249479]
[19.11920454 -7.70602499]
[19.11157177 -7.66913359]
[19.22502973 -7.42998577]
[19.33619854 -7.34191293]
[19.33358145 -7.30721364]
[19.33559905 -7.30154236]
[19.34551881 -7.30915495]
[19.36004747 -7.32139426]
[19.37789796 -7.33432915]
[19.40299229 -7.34816692]
[19.43045827 -7.36007272]
[19.46266116 -7.37079799]
[19.4841105  -7.37355409]
[19.51408051 -7.37708373]
[19.54938115 -7.37997432]
[19.592632   -7.38326935]
[19.62675545 -7.37985889]
[19.67220292 -7.37865929]
[19.71817868 -7.37508335]
[19.76798403 -7.37073681]
[19.81997752 -7.36523574]
[19.87805643 -7.36040556]
[19.93972013 -7.35567125]
[20.01329942 -7.35446309]
[20.13612014 -7.37109449]
[20.20388298 -7.36778027]
[20.27149589 -7.36819197]
[20.34865228 -7.37511428]
[20.45075815 -7.39453981]
[20.54655329 -7.41716044]
[20.63074804 -7.44206802]
[20.7116222  -7.47200093]
[20.78802451 -7.50620032]
[20.8601708  -7.54497691]
[20.92808421 -7.58917444]
[20.99474794 -7.64238617]
[21.04453861 -7.69634925]
[21.08471557 -7.75484483]
[21.11223217 -7.81624497]
[21.12428819 -7.87871752]
[21.11880388 -7.94019609]
[21.09438688 -7.99948175]
[21.04897234 -8.05587367]
[20.9823395 -8.1042422]
[20.89252592 -8.14464535]
[20.77799649 -8.17442878]
[20.63934251 -8.19117521]
[20.46692266 -8.19375285]
[20.27538695 -8.18092896]
[20.07155544 -8.15095476]
[19.85356854 -8.09921726]
[19.61838886 -8.02060772]
[19.36260131 -7.90976982]
[19.07027055 -7.75413386]
[18.72721215 -7.53890183]
[18.44402567 -7.33955948]
[18.13565618 -7.08895581]
[17.77448032 -6.75711412]
[17.3658903 -6.3465684]
[16.8400732  -5.77997005]
[16.31172454 -5.15614464]
[16.04019093 -4.78747179]
[15.79699324 -4.43358226]
[15.56616088 -4.09461871]
[15.35349248 -3.81709601]
[15.17528518 -3.64880539]
[15.04638405 -3.60468791]
[14.96918673 -3.66738409]
[14.94367887 -3.80400311]
[14.94837799 -3.95892897]
[14.95486071 -4.0788739 ]
[14.94024063 -4.1286692 ]
[14.91323928 -4.09603302]
[14.88916617 -3.98836105]
[14.88103914 -3.81328665]
[14.9127743  -3.60188509]
[15.00502868 -3.39386973]
[15.1648022  -3.20703315]
[15.37801657 -3.05356385]
[15.54182744 -2.89626028]
[15.43995197 -2.63190711]
[14.98142256 -2.17238037]
[14.32644717 -1.51861547]
[13.95594092 -0.87179426]
[14.21170475 -0.46970424]
[14.92735722 -0.31265908]
[15.79611786 -0.34400685]
[16.50705425 -0.52271546]
[16.83837086 -0.89377295]
[16.44937883 -1.62095983]
[15.21385809 -2.73062656]
[11.99350049 -4.5126688 ]
[11.60211794 -3.31787263]
[11.68658175 -1.71873303]
[11.33119927 -0.65265162]
[10.10987261 -0.19840437]
[ 7.95163804 -0.07580122]
[ 5.32295687 -0.04582284]
[ 3.17317453 -0.30689091]
[ 3.74276461 -0.63331503]
[ 5.66575277 -0.9887573 ]
[ 8.18519665 -1.01429415]
[ 9.58963949 -0.17898739]
[9.69582591 1.50757544]
[8.72904983 3.82184446]
[7.86615232 5.88278342]
[8.75009235 6.301655  ]
[11.08800742  4.75733739]
[14.02582056  2.16598984]
[16.67220343 -0.55132047]
[18.3429661  -2.61278857]
[18.69163924 -3.6529466 ]
[17.60725489 -3.59924183]
[15.13031049 -2.54964383]
[11.57310783 -0.79574612]
[7.53329907 1.18879269]
[3.94018662 2.91626626]
[2.40556148 3.87232156]
[2.5955887  4.16028731]
[4.04036665 3.27507404]
[5.89878868 1.18034611]
[ 7.51742675 -1.9016269 ]
[ 9.24165178 -8.35835623]
[  9.44044266 -11.20281828]
[ 10.06865067 -13.36445038]
[ 11.40383531 -14.76506742]
[ 16.53944574 -17.7793883 ]
[ 20.38513456 -18.27684365]
[ 22.9972025  -15.81022183]
[ 24.69127873 -10.01846313]
[25.72406989 -2.68446483]
[25.87127888  2.58875531]
[24.195863    3.16219462]
[20.63939682 -0.31866746]
[14.70015908 -4.40983403]
[ 7.22459667 -7.2262627 ]
[ 0.22706344 -7.84201757]
[-4.50498235 -6.4802656 ]
[-6.87355194 -4.4873576 ]
[-6.89440947 -3.8920926 ]
[-4.6997265  -5.38115469]
[  1.3991288  -14.22046143]
[  7.11348433 -20.58269256]
[ 12.59930187 -26.04214595]
[ 15.92812144 -28.09198022]
[ 18.25643804 -26.34775307]
[ 21.03914087 -21.92971153]
