Person 91
Starting Actual Velocity = [ 0.48485885 -1.09761659]
[  7.62115666 -17.25405689]
[  7.96076435 -18.00584895]
[  8.05145949 -18.19180766]
[  8.0854446  -18.24663363]
[  8.10095112 -18.25851647]
[  8.11102354 -18.25748953]
[  8.11928105 -18.25228539]
[  8.12675638 -18.24507913]
[  8.13337515 -18.23711853]
[  8.13916429 -18.2275707 ]
[  8.14304422 -18.21945167]
[  8.14530229 -18.20973416]
[  8.14513869 -18.20026574]
[  8.14247045 -18.18977875]
[  8.13755393 -18.1758101 ]
[  8.12802153 -18.16645436]
[  8.11837746 -18.14740306]
[  8.12315319 -18.09502072]
[  8.08691821 -18.10927882]
[  8.06107298 -18.10652143]
[  8.05362488 -18.0724537 ]
[  8.02224386 -18.07555066]
[  7.99836553 -18.07057211]
[  7.97838547 -18.06263618]
[  7.96091144 -18.0532777 ]
[  7.97681836 -18.00461311]
[  7.95885314 -17.99029019]
[  7.91205354 -18.00502463]
[  7.86771589 -18.01433594]
[  7.81751834 -18.02378548]
[  7.75667404 -18.03355791]
[  7.67587604 -18.04832052]
[  7.56727272 -18.0709543 ]
[  7.42352416 -18.10400154]
[  7.23784789 -18.15038237]
[  7.0054078  -18.21917874]
[  6.72742226 -18.30655396]
[  6.40735708 -18.42446039]
[  6.00212618 -18.50602189]
[  5.62366139 -18.75003072]
[  5.29108353 -19.07754473]
[  4.03327658 -19.95682525]
[  3.66377429 -20.65110379]
[  4.11008011 -21.45166517]
[  4.54035428 -22.38908502]
[  4.86634009 -23.39510901]
[  5.20442355 -24.11559773]
[  5.61930795 -23.73257683]
[  5.91820667 -21.21979588]
[  5.86785694 -17.48518103]
[  6.57684835 -21.60776172]
[  7.30105172 -22.48204966]
[  8.27917848 -22.43757379]
[  9.75899026 -21.26727756]
[ 12.04785774 -18.69274109]
[ 17.04318993 -17.79857971]
[ 19.24420827 -11.71590239]
[18.68730382 -2.99761187]
[14.36062652 -4.01474479]
[ 9.18300049 -8.58783425]
[  8.89367605 -16.91984509]
[ 13.04088954 -16.77781958]
[ 19.15113015 -15.84542525]
[ 17.98543534 -16.32231173]
