Person 91
Starting Actual Velocity = [ 1.05319127 -0.57509415]
[16.56359085 -9.04417092]
[17.28827271 -9.4396731 ]
[17.47082619 -9.53916762]
[17.52880704 -9.57063466]
[17.54603147 -9.57985817]
[17.55130858 -9.58255949]
[17.5529949  -9.58329405]
[17.5535938  -9.58341335]
[17.55383848 -9.58332155]
[17.55399286 -9.5831369 ]
[17.55410159 -9.58292976]
[17.55422695 -9.58267839]
[17.55436111 -9.58240141]
[17.55452022 -9.58208251]
[17.55472722 -9.5816882 ]
[17.55492646 -9.58129424]
[17.55522018 -9.58075378]
[17.55575637 -9.57979597]
[17.55598446 -9.57934588]
[17.55632359 -9.57872237]
[17.55688668 -9.57771651]
[17.55732399 -9.57694979]
[17.55784713 -9.5760453 ]
[17.55844688 -9.57502144]
[17.55912935 -9.57386919]
[17.56015047 -9.5720922 ]
[17.5611717  -9.57038442]
[17.56215058 -9.56882731]
[17.56326772 -9.56704405]
[17.56452455 -9.56504598]
[17.56595643 -9.56277312]
[17.5675712  -9.56022525]
[17.56938556 -9.55738343]
[17.57142091 -9.55421994]
[17.57370202 -9.55070187]
[17.57619684 -9.54691942]
[17.57899992 -9.54268078]
[17.582099   -9.53804537]
[17.58645756 -9.53087289]
[17.59052239 -9.52503045]
[17.5947513  -9.51913871]
[17.59940941 -9.51259106]
[17.60568002 -9.50280137]
[17.61127815 -9.49537807]
[17.61743908 -9.48703672]
[17.62427044 -9.47766268]
[17.6317604  -9.46739296]
[17.63992839 -9.45625982]
[17.64902687 -9.44377768]
[17.65897595 -9.43024753]
[17.66997518 -9.41530208]
[17.68107752 -9.40110395]
[17.69330038 -9.38523724]
[17.70661532 -9.36794037]
[17.72141459 -9.34848998]
[17.73611159 -9.33048325]
[17.75255818 -9.30964916]
[17.76972944 -9.28848437]
[17.78792902 -9.26627605]
[17.80687383 -9.24365796]
[17.82714388 -9.21938604]
[17.84835779 -9.19438886]
[17.87218269 -9.16521336]
[17.90625098 -9.11514302]
[17.92971778 -9.09321749]
[17.95210273 -9.07318538]
[17.97677022 -9.04842669]
[18.00908421 -9.0086972 ]
[18.06082143 -8.89062434]
[18.09917276 -8.82003152]
[18.1306552  -8.77207011]
[18.15890703 -8.73410425]
[18.18598273 -8.69971726]
[18.21431216 -8.66165951]
[18.23876286 -8.63758133]
[18.26326367 -8.61294619]
[18.28778486 -8.58840927]
[18.31189076 -8.56553847]
[18.33520273 -8.5453297 ]
[18.35823658 -8.52604723]
[18.3818531  -8.50536479]
[18.40306723 -8.49177917]
[18.42468927 -8.47685256]
[18.44649562 -8.46161403]
[18.46782404 -8.44797211]
[18.49311955 -8.42461483]
[18.51555563 -8.41028026]
[18.53480564 -8.40420731]
[18.55280959 -8.40070587]
[18.57089569 -8.3966809 ]
[18.59012955 -8.39012121]
[18.61504457 -8.37155716]
[18.65027212 -8.33116908]
[18.66191962 -8.34664951]
[18.67465718 -8.35790588]
[18.68999638 -8.36304779]
[18.70459831 -8.36932886]
[18.73571666 -8.3439519 ]
[18.77240022 -8.31068095]
[18.77213561 -8.34912207]
[18.77651545 -8.37647035]
[18.78454383 -8.39603197]
[18.79393718 -8.41248579]
[18.80308931 -8.42876197]
[18.81184479 -8.44519122]
[18.82308779 -8.45774768]
[18.83387798 -8.47106077]
[18.84419526 -8.48512911]
[18.85401987 -8.49994156]
[18.86466946 -8.51352548]
[18.87193646 -8.53150999]
[18.87548163 -8.55387897]
[18.88065261 -8.57391137]
[18.8845149  -8.59538263]
[18.88621653 -8.61914469]
[18.89101961 -8.63921902]
[18.89806261 -8.65697198]
[18.90261091 -8.67775852]
[18.90277786 -8.70313405]
[18.90243565 -8.7286482 ]
[18.90559355 -8.75036046]
[18.90973739 -8.77104144]
[18.91290718 -8.79262249]
[18.91671836 -8.81348481]
[18.91458828 -8.83954599]
[18.90703975 -8.8695672 ]
[18.9012424  -8.89701573]
[18.90767627 -8.91325352]
[18.90097558 -8.94009763]
[19.01670376 -8.85713024]
[19.00721481 -8.89192428]
[18.9546779  -8.95739972]
[18.91061781 -9.01192654]
[18.87415579 -9.05706536]
[18.84633276 -9.09280799]
[18.82611473 -9.1202503 ]
[18.83004758 -9.12752423]
[18.80174982 -9.15537048]
[18.7733127  -9.18040271]
[18.76071148 -9.19140294]
[18.73269053 -9.2101084 ]
[18.7073179  -9.22388213]
[18.68210392 -9.23428586]
[18.65922035 -9.24001001]
[18.63410757 -9.24375149]
[18.61022821 -9.2429497 ]
[18.58695271 -9.23771713]
[18.56075116 -9.23046351]
[18.53474648 -9.21845244]
[18.50814465 -9.20168576]
[18.48024772 -9.18006859]
[18.45044727 -9.15342153]
[18.4168576  -9.12294333]
[18.37966611 -9.08826768]
[18.33901526 -9.04909047]
[18.29502144 -9.00516631]
[18.248838   -8.95463258]
[18.19894431 -8.89908202]
[18.14648721 -8.83654867]
[18.09202179 -8.76491566]
[18.17980475 -8.53248362]
[18.06801731 -8.47062308]
[17.96425681 -8.40014314]
[17.8643118  -8.31850197]
[17.76766164 -8.22670302]
[17.67195276 -8.12972379]
[17.57696549 -8.02577482]
[17.48240637 -7.91014053]
[17.38680625 -7.78590718]
[17.29031655 -7.6477118 ]
[17.19147003 -7.49912057]
[17.08843219 -7.357104  ]
[16.984649   -7.20621068]
[16.87964677 -7.04712073]
[16.7728684  -6.88411666]
[16.66441143 -6.72149193]
[16.55550135 -6.55275654]
[16.44522535 -6.38936027]
[16.33515984 -6.2243247 ]
[16.22519218 -6.06161419]
[16.11581489 -5.90135779]
[16.01887232 -5.68337276]
[15.91900564 -5.45915859]
[15.80360338 -5.27014419]
[15.68580868 -5.09866157]
[15.56778306 -4.95444733]
[15.45447719 -4.80345607]
[15.34381095 -4.65489305]
[15.236011  -4.5044797]
[15.13113193 -4.34820009]
[15.02909209 -4.18589109]
[14.9311102  -4.00984467]
[14.84637326 -3.79071144]
[14.75336679 -3.59959541]
[14.67163781 -3.38929539]
[14.5854647  -3.21283123]
[14.50659006 -3.04349015]
[14.43514709 -2.88185183]
[14.37184292 -2.72461895]
[14.31851724 -2.56492407]
[14.27168154 -2.41230381]
[14.2321197  -2.26381847]
[14.19883393 -2.1204742 ]
[14.17260324 -1.97934213]
[14.16883548 -1.81616649]
[14.14033551 -1.69581595]
[14.11277367 -1.58154127]
[14.08673275 -1.46945369]
[14.05879179 -1.36219394]
[14.02662238 -1.26198686]
[13.99421064 -1.16253343]
[13.95757368 -1.06968999]
[13.91778662 -0.98335455]
[13.87584122 -0.90367941]
[13.83139205 -0.83326079]
[13.78908682 -0.76537099]
[13.74866443 -0.70154747]
[13.71293039 -0.63963518]
[13.66983681 -0.59610674]
[13.62787673 -0.56094098]
[13.59611943 -0.52768207]
[13.45169217 -0.56434009]
[13.3231113  -0.60517666]
[13.20337705 -0.64928263]
[13.08601957 -0.6970618 ]
[12.96569811 -0.74854545]
[12.84018853 -0.80135842]
[12.70081169 -0.85780832]
[12.54206711 -0.91702573]
[12.36017288 -0.97769867]
[12.1439073 -1.0410744]
[11.88846655 -1.10554339]
[11.58808582 -1.16996792]
[11.23847046 -1.23275682]
[10.82961341 -1.29243558]
[10.39539247 -1.34400254]
[ 9.92015513 -1.38699749]
[ 9.40046848 -1.41827629]
[ 8.86762389 -1.43496029]
[ 8.3146187  -1.43311323]
[ 7.77879202 -1.41270732]
[ 7.25707112 -1.36890569]
[ 6.76267434 -1.29595502]
[ 6.33761248 -1.20313005]
[ 5.98425255 -1.08387954]
[ 5.72146762 -0.95939235]
[ 5.54033106 -0.81200797]
[ 5.43406073 -0.66542185]
[ 5.40226665 -0.49741486]
[ 5.43663681 -0.31340791]
[ 5.52762928 -0.1128617 ]
[5.6459374 0.0893654]
[5.79574398 0.30688243]
[5.96633917 0.53841595]
[6.1474608  0.78144333]
[6.32988331 1.03198382]
[6.50587298 1.28456536]
[6.66947093 1.53239935]
[6.82533831 1.77620788]
[7.04393748 2.07288204]
[7.18153872 2.28254893]
[7.27387828 2.42579489]
[7.34335707 2.51522852]
[7.37709029 2.54095504]
[7.39015371 2.51961857]
[7.39205068 2.46222311]
[7.39279152 2.37436101]
[7.38894698 2.26004408]
[7.38507721 2.12315738]
[7.38506175 1.96626916]
[7.37169061 1.80625686]
[7.34686148 1.65368939]
[7.32429553 1.50227555]
[7.29798003 1.36172612]
[7.27105808 1.23173709]
[7.2584718  1.10460836]
[7.24529091 0.99184632]
[7.21800626 0.89642174]
[7.18139729 0.81426793]
[7.22927189 0.74072361]
[7.17790006 0.66037434]
[7.12777619 0.57969022]
[7.08295702 0.49433549]
[7.04035428 0.40479483]
[7.00448509 0.30713566]
[6.97384519 0.20166115]
[6.94662755 0.09049026]
[ 6.92814858 -0.02983882]
[ 6.91098494 -0.15124793]
[ 6.90053368 -0.27665768]
[ 6.89697549 -0.40460221]
[ 6.90047649 -0.53342187]
[ 6.91119376 -0.66131159]
[ 6.92926656 -0.78636376]
[ 6.95466826 -0.90643879]
[ 6.98340181 -1.0171379 ]
[ 7.01506908 -1.11715673]
[ 7.0576899  -1.20949828]
[ 7.10199623 -1.28886381]
[ 7.15666399 -1.35725844]
[ 7.21613027 -1.41196654]
[ 7.27429683 -1.45232978]
[ 7.3403429  -1.47848615]
[ 7.40759724 -1.49010559]
[ 7.47458838 -1.48770937]
[ 7.53978112 -1.47227233]
[ 7.59682585 -1.4474991 ]
[ 7.65433374 -1.41083558]
[ 7.70440579 -1.36550013]
[ 7.73957315 -1.32141716]
[ 7.76832095 -1.27537525]
[ 7.78982835 -1.22968075]
[ 7.8061677  -1.18381035]
[ 7.81065222 -1.14569845]
[ 7.80627931 -1.11405596]
[ 7.79283807 -1.09031158]
[ 7.77029973 -1.07548646]
[ 7.73882341 -1.07015575]
[ 7.698757   -1.07443781]
[ 7.65068822 -1.08809961]
[ 7.59559701 -1.11059182]
[ 7.53541711 -1.13997245]
[ 7.47018914 -1.17543677]
[ 7.39965554 -1.21706035]
[ 7.32722123 -1.26169284]
[ 7.2543131  -1.30763024]
[ 7.17996804 -1.35520626]
[ 7.10717195 -1.40125191]
[ 7.03481402 -1.44621052]
[ 6.96466132 -1.48775813]
[ 6.8974145 -1.5245441]
[ 6.83504938 -1.55464399]
[ 6.7755971  -1.57868811]
[ 6.72047898 -1.59537388]
[ 6.6691143  -1.60434422]
[ 6.62125234 -1.6041581 ]
[ 6.57700677 -1.59571077]
[ 6.53604873 -1.57654823]
[ 6.49774571 -1.54931844]
[ 6.46210738 -1.51036542]
[ 6.42795781 -1.46418211]
[ 6.39556531 -1.40589737]
[ 6.36346135 -1.34181461]
[ 6.33166635 -1.26968946]
[ 6.30064803 -1.18218329]
[ 6.26759009 -1.10030632]
[ 6.23400205 -1.01363488]
[ 6.19984973 -0.91875963]
[ 6.16458656 -0.82581883]
[ 6.12856717 -0.73165758]
[ 6.09189969 -0.63763356]
[ 6.05478636 -0.54080518]
[ 6.01729382 -0.44747902]
[ 5.97975628 -0.36327275]
[ 5.94264787 -0.28170252]
[ 5.90610433 -0.21177562]
[ 5.8705663  -0.14814848]
[ 5.83597951 -0.09791715]
[ 5.80274732 -0.05721798]
[ 5.77053096 -0.03175087]
[ 5.73952413 -0.01753576]
[ 5.70956492 -0.01475585]
[ 5.68041305 -0.02335541]
[ 5.6517535  -0.04304085]
[ 5.62320146 -0.07328596]
[ 5.59430882 -0.11334168]
[ 5.56457195 -0.1622505 ]
[ 5.53311194 -0.22154414]
[ 5.49978872 -0.28480474]
[ 5.46385778 -0.35293857]
[ 5.42469473 -0.42437862]
[ 5.38167635 -0.49748283]
[ 5.33419374 -0.57056803]
[ 5.28166555 -0.64194431]
[ 5.22355109 -0.70994927]
[ 5.15936313 -0.77298129]
[ 5.08868017 -0.82953161]
[ 5.01115797 -0.87821451]
[ 4.9265401  -0.91779549]
[ 4.83126718 -0.94907443]
[ 4.73678583 -0.96809796]
[ 4.63651465 -0.97770081]
[ 4.53085061 -0.97784698]
[ 4.42528774 -0.96941604]
[ 4.32096318 -0.95375975]
[ 4.20784508 -0.92897937]
[ 4.0914674  -0.89617367]
[ 3.97813409 -0.85814921]
[ 3.84489813 -0.80540422]
[ 3.679424  -0.7288456]
[ 3.52418856 -0.65029057]
[ 3.38086198 -0.57332535]
[ 3.23831937 -0.49339065]
[ 3.10962976 -0.41996345]
[ 2.97739932 -0.34421073]
[ 2.85440833 -0.27528074]
[ 2.71898507 -0.2032921 ]
[ 2.61609181 -0.15308345]
[ 2.51274718 -0.10885525]
[ 2.4197264  -0.07635566]
[ 2.32788256 -0.0543632 ]
[ 2.24272293 -0.04638798]
[ 2.1719667  -0.05153788]
[ 2.10396907 -0.07228691]
[ 2.04305032 -0.10935155]
[ 1.99193424 -0.15962335]
[ 1.9475385  -0.22596747]
[ 1.90831857 -0.31497564]
[ 1.87802811 -0.41567043]
[ 1.85461925 -0.53340107]
[ 1.83760618 -0.67741451]
[ 1.8280392  -0.84010876]
[ 1.82528344 -1.00958116]
[ 1.8294762  -1.20709112]
[ 1.83909747 -1.40792   ]
[ 1.85422084 -1.62273644]
[ 1.8761521  -1.86531823]
[ 1.90125879 -2.10532897]
[ 1.93275701 -2.37189204]
[ 1.97595872 -2.69968858]
[ 2.02645969 -3.05563493]
[ 2.07771297 -3.40101682]
[ 2.12850179 -3.73271991]
[ 2.18092803 -4.06643912]
[ 2.2311689  -4.38188392]
[ 2.27863198 -4.67773742]
[ 2.32884251 -4.98784818]
[ 2.37237591 -5.25858848]
[ 2.41217292 -5.50780426]
[ 2.45086188 -5.75165055]
[ 2.48818459 -5.98927851]
[ 2.52391052 -6.21991501]
[ 2.55783717 -6.44286427]
[ 2.58978993 -6.65750785]
[ 2.61962158 -6.8633035 ]
[ 2.64918143 -7.0726658 ]
[ 2.67607239 -7.27092573]
[ 2.69855796 -7.44615992]
[ 2.71859094 -7.61107039]
[ 2.7361517  -7.76546032]
[ 2.75124306 -7.90918933]
[ 2.76388957 -8.04216981]
[ 2.77413709 -8.1643634 ]
[ 2.78205219 -8.27577759]
[ 2.78772183 -8.37646233]
[ 2.7918166  -8.47284073]
[ 2.79318918 -8.55163686]
[ 2.79270467 -8.62008853]
[ 2.79165229 -8.68068789]
[ 2.78961343 -8.72863512]
[ 2.78744331 -8.76973724]
[ 2.78554496 -8.8046052 ]
[ 2.78388081 -8.83095302]
[ 2.78349711 -8.855294  ]
[ 2.78429784 -8.87480539]
[ 2.78650694 -8.88985081]
[ 2.79030623 -8.90074413]
[ 2.79583647 -8.90775457]
[ 2.80319831 -8.91111156]
[ 2.8124531  -8.91100919]
[ 2.82362361 -8.90761006]
[ 2.83669473 -8.90104842]
[ 2.85161421 -8.89143256]
[ 2.8682994  -8.87886695]
[ 2.88491993 -8.8633376 ]
[ 2.90289305 -8.84539871]
[ 2.92586486 -8.82470618]
[ 2.94612218 -8.80155478]
[ 2.96530414 -8.77680515]
[ 2.98699734 -8.74917426]
[ 3.00909625 -8.71916445]
[ 3.03137227 -8.68674349]
[ 3.05359256 -8.65186995]
[ 3.08587743 -8.60840787]
[ 3.10681098 -8.56712749]
[ 3.12695259 -8.52323641]
[ 3.14610202 -8.47669165]
[ 3.16407769 -8.42746037]
[ 3.17922966 -8.37813366]
[ 3.19454213 -8.32373943]
[ 3.20828561 -8.26666443]
[ 3.22038083 -8.20695924]
[ 3.23077912 -8.14470506]
[ 3.23946299 -8.08001601]
[ 3.24560289 -8.01666015]
[ 3.25106981 -7.94777216]
[ 3.25494654 -7.87698292]
[ 3.25733134 -7.80453896]
[ 3.25834731 -7.73071586]
[ 3.25813967 -7.6558141 ]
[ 3.25687262 -7.58015412]
[ 3.25563124 -7.50636687]
[ 3.25379115 -7.43719334]
[ 3.2524131  -7.36980668]
[ 3.25204921 -7.30519866]
[ 3.2531969  -7.24424976]
[ 3.25629726 -7.18772436]
[ 3.26292858 -7.1340536 ]
[ 3.27120539 -7.08856982]
[ 3.28243564 -7.04910975]
[ 3.29683289 -7.0159531 ]
[ 3.31455913 -6.98926681]
[ 3.33572753 -6.9691107 ]
[ 3.36040549 -6.95544441]
[ 3.38861789 -6.94813541]
[ 3.42035043 -6.94696767]
[ 3.45555293 -6.95165102]
[ 3.49414262 -6.96183059]
[ 3.53600729 -6.97709649]
[ 3.58100826 -6.99699325]
[ 3.62898321 -7.02102891]
[ 3.68443803 -7.05209018]
[ 3.7379093  -7.08293717]
[ 3.79373653 -7.11627586]
[ 3.85168655 -7.15155052]
[ 3.91151437 -7.1882076 ]
[ 3.97296546 -7.22570231]
[ 4.02876658 -7.25155028]
[ 4.09170513 -7.28202038]
[ 4.15123207 -7.31053995]
[ 4.21240692 -7.34018738]
[ 4.27509034 -7.37082931]
[ 4.33913009 -7.40233486]
[ 4.40436256 -7.43457904]
[ 4.47061409 -7.46744548]
[ 4.53770226 -7.5008285 ]
[ 4.60543701 -7.53463454]
[ 4.67362166 -7.56878308]
[ 4.74205391 -7.60320697]
[ 4.81052662 -7.63785227]
[ 4.87882867 -7.67267766]
[ 4.94674563 -7.70765347]
[ 5.01406047 -7.74276035]
[ 5.08055419 -7.77798764]
[ 5.14600645 -7.8133315 ]
[ 5.21019615 -7.84879288]
[ 5.27290208 -7.88437529]
[ 5.33390348 -7.92008247]
[ 5.39298067 -7.95591606]
[ 5.44991566 -7.99187315]
[ 5.50449275 -8.02794397]
[ 5.55649918 -8.06410952]
[ 5.6057257  -8.10033936]
[ 5.65196715 -8.13658954]
[ 5.69923679 -8.17654314]
[ 5.74251841 -8.21627413]
[ 5.77793336 -8.25197537]
[ 5.80957097 -8.28733499]
[ 5.83725422 -8.3222122 ]
[ 5.86357837 -8.35998779]
[ 5.88245239 -8.39324373]
[ 5.8968672  -8.42544158]
[ 5.90666925 -8.45634272]
[ 5.91170971 -8.4856828 ]
[ 5.91286501 -8.51612798]
[ 5.90811891 -8.54395664]
[ 5.89730229 -8.56874262]
[ 5.88024808 -8.59002225]
[ 5.8567902  -8.60729302]
[ 5.82676255 -8.62001208]
[ 5.78999825 -8.6275945 ]
[ 5.74632932 -8.62941179]
[ 5.69558656 -8.624791  ]
[ 5.6376001  -8.61301373]
[ 5.57220049 -8.59331507]
[ 5.50339984 -8.56631642]
[ 5.42794955 -8.53111994]
[ 5.3457225  -8.48699207]
[ 5.16980663 -8.37505266]
[ 5.06289967 -8.29430169]
[ 4.94118751 -8.1946639 ]
[ 4.81110717 -8.07975489]
[ 4.67267052 -7.94853947]
[ 4.53532958 -7.81012117]
[ 4.39093104 -7.65592717]
[ 4.23962373 -7.48521659]
[ 4.08161393 -7.29731941]
[ 3.91717135 -7.09165857]
[ 3.7466348  -6.86777358]
[ 3.57041779 -6.62534465]
[ 3.38901352 -6.36421729]
[ 3.18996269 -6.06355438]
[ 2.98641326 -5.74174491]
[ 2.7793102  -5.39942883]
[ 2.56971943 -5.03758833]
[ 2.35882726 -4.65757078]
[ 2.14793744 -4.26110539]
[ 1.95214714 -3.87868348]
[ 1.758804   -3.48573981]
[ 1.5692051  -3.08458359]
[ 1.37193705 -2.64783285]
[ 1.1855798  -2.22063735]
[ 1.01052886 -1.80045354]
[ 0.86002693 -1.42367687]
[ 0.71612118 -1.04479616]
[ 0.59228996 -0.6999806 ]
[ 0.49044894 -0.39598737]
[ 0.41579676 -0.15300273]
[0.35961759 0.05878515]
[0.32827585 0.21077608]
[0.31766329 0.31711972]
[0.32716547 0.37800454]
[0.35585342 0.39447328]
[0.40253119 0.36829   ]
[0.46578309 0.30180406]
[0.54401899 0.19781813]
[0.63551673 0.05946547]
[ 0.73846    -0.10990175]
[ 0.85097222 -0.30681018]
[ 0.97114668 -0.52774688]
[ 1.09707327 -0.76922528]
[ 1.22686193 -1.02783641]
[ 1.35866315 -1.30028693]
[ 1.51206424 -1.62866178]
[ 1.66288919 -1.96608951]
[ 1.78850679 -2.2620018 ]
[ 1.90905342 -2.55944588]
[ 2.02314049 -2.85598003]
[ 2.12949595 -3.14932071]
[ 2.23480596 -3.45932386]
[ 2.32149319 -3.73924085]
[ 2.39732099 -4.00983591]
[ 2.46153606 -4.26935387]
[ 2.51792483 -4.53465899]
[ 2.55613341 -4.76589409]
[ 2.58123243 -4.9812279 ]
[ 2.60231087 -5.19084087]
[ 2.61086099 -5.39673371]
[ 2.60411561 -5.58206318]
[ 2.58357441 -5.73555225]
[ 2.55098159 -5.87162147]
[ 2.50704118 -5.99046464]
[ 2.44926281 -6.10003211]
[ 2.38429006 -6.18375432]
[ 2.31052283 -6.25088229]
[ 2.22888674 -6.30163027]
[ 2.14033588 -6.33621529]
[ 2.04584369 -6.35485652]
[ 1.9463944  -6.35777486]
[ 1.8362862  -6.34458592]
[ 1.72967223 -6.31558606]
[ 1.62110634 -6.27155279]
[ 1.51154103 -6.21271655]
[ 1.40190493 -6.13931262]
[ 1.28608166 -6.04542069]
[ 1.17909995 -5.94257795]
[ 1.07469085 -5.82593514]
[ 0.9736337  -5.69576283]
[ 0.87665982 -5.55234412]
[ 0.7844488  -5.39597601]
[ 0.69224269 -5.21471693]
[ 0.61180031 -5.03252627]
[ 0.53340253 -4.8242393 ]
[ 0.46687439 -4.61773888]
[ 0.4076794  -4.40010308]
[ 0.35330371 -4.15498995]
[ 0.31020651 -3.91574724]
[ 0.27521801 -3.66686353]
[ 0.24743916 -3.3898985 ]
[ 0.22961228 -3.12314378]
[ 0.22038385 -2.82864727]
[ 0.21990865 -2.54760617]
[ 0.2292565  -2.24009388]
[ 0.24598421 -1.94967454]
[ 0.27089149 -1.65693465]
[ 0.30713383 -1.34201798]
[ 0.34845263 -1.05039879]
[ 0.397383   -0.76252303]
[ 0.45864322 -0.46030277]
[ 0.52229811 -0.18810071]
[0.59245347 0.07256779]
[0.66858638 0.31897821]
[0.75008205 0.54842119]
[0.83623161 0.75827554]
[0.92623451 0.94608293]
[1.01920615 1.10961989]
[1.11419057 1.24696289]
[1.2126987  1.34538577]
[1.31136869 1.41094213]
[1.40931877 1.43902732]
[1.51334815 1.42282733]
[1.60655498 1.36543456]
[1.69597253 1.26615645]
[1.78069483 1.12616586]
[1.85993752 0.94757981]
[1.9330644  0.73325202]
[1.99960293 0.48657718]
[2.0592504  0.21131412]
[ 2.11636297 -0.11295442]
[ 2.16538869 -0.46038175]
[ 2.20312282 -0.79921336]
[ 2.2374096  -1.17756697]
[ 2.26223462 -1.53715278]
[ 2.28386769 -1.929312  ]
[ 2.29818203 -2.29466817]
[ 2.3101462  -2.68567979]
[ 2.3184691 -3.0709646]
[ 2.32288035 -3.42132473]
[ 2.32712    -3.78742515]
[ 2.32955392 -4.11562842]
[ 2.33238991 -4.43042386]
[ 2.33649064 -4.73028501]
[ 2.34433625 -5.03446729]
[ 2.35365464 -5.29922766]
[ 2.36671663 -5.54546804]
[ 2.38423933 -5.77233148]
[ 2.406879   -5.97909361]
[ 2.43522167 -6.165153  ]
[ 2.46977409 -6.33002307]
[ 2.51539611 -6.48298498]
[ 2.56394996 -6.60283798]
[ 2.61968321 -6.70066309]
[ 2.68269511 -6.77638826]
[ 2.75296658 -6.8300365 ]
[ 2.83035482 -6.86172488]
[ 2.9145891  -6.87166408]
[ 3.00526796 -6.86015792]
[ 3.10185805 -6.82760284]
[ 3.20369471 -6.77448675]
[ 3.30739284 -6.80588603]
[ 3.41455676 -6.80851531]
[ 3.52460184 -6.78344649]
[ 3.63681048 -6.73180625]
[ 3.75033675 -6.65477957]
[ 3.87412525 -6.5441609 ]
[ 3.98698395 -6.41868158]
[ 4.09783942 -6.27182787]
[ 4.21488672 -6.09077349]
[ 4.32635868 -5.88867953]
[ 4.4305355  -5.66741898]
[ 4.52567226 -5.42890024]
[ 4.60278625 -5.19420748]
[ 4.66931124 -4.94762609]
[ 4.7239437  -4.69069792]
[ 4.76545943 -4.42493774]
[ 4.79273733 -4.1518191 ]
[ 4.80731689 -3.85047968]
[ 4.80315389 -3.54414642]
[ 4.77944992 -3.25718016]
[ 4.73838405 -2.96824367]
[ 4.67712244 -2.65545664]
[ 4.59532339 -2.34300408]
[ 4.49846035 -2.05470275]
[ 4.38439778 -1.76816673]
[ 4.25372334 -1.48401467]
[ 4.10722113 -1.20275979]
[ 3.9458599  -0.92481507]
[ 3.7707777  -0.65050018]
[ 3.57146441 -0.35875862]
[ 3.37210075 -0.09277594]
[3.15000625 0.18967912]
[2.91893554 0.4671564 ]
[2.69531574 0.71979354]
[2.45272393 0.98781448]
[2.22209383 1.23178505]
[1.99062109 1.47169593]
[1.75988029 1.7075769 ]
[1.51652107 1.95759703]
[1.29184605 2.18498407]
[1.07204932 2.4082239 ]
[0.85820435 2.62718018]
[0.65121994 2.84165448]
[0.45183141 3.05138098]
[0.26059593 3.25602278]
[0.07789203 3.45517028]
[-0.09607683  3.64834128]
[-0.26127471  3.83498328]
[-0.41782213  4.0144776 ]
[-0.57567952  4.19925362]
[-0.72450719  4.37395819]
[-0.86493386  4.53763436]
[-0.99769245  4.68928666]
[-1.12358889  4.82789856]
[-1.23579766  4.94388242]
[-1.34335704  5.04696791]
[-1.44695264  5.13636213]
[-1.54724044  5.21131115]
[-1.64482925  5.2711131 ]
[-1.74733203  5.31796483]
[-1.8480489   5.34583595]
[-1.94033257  5.35413505]
[-2.03877801  5.34387512]
[-2.13640354  5.31335021]
[-2.23327819  5.26239645]
[-2.32934075  5.19099827]
[-2.42440542  5.09929066]
[-2.51817048  4.98755889]
[-2.61022984  4.85623578]
[-2.7000868   4.70589668]
[-2.78716993  4.53725206]
[-2.8638819   4.36495232]
[-2.93711885  4.17823058]
[-3.00634701  3.97791971]
[-3.07102802  3.76492056]
[-3.13063226  3.54019091]
[-3.18465194  3.30473355]
[-3.23261375  3.05958374]
[-3.27409071  2.80579627]
[-3.30871296  2.54443221]
[-3.33617739  2.27654565]
[-3.35625576  2.00317062]
[-3.36880122  1.72530834]
[-3.37584649  1.4222078 ]
[-3.3740613  1.116261 ]
[-3.36358511  0.80848563]
[-3.34432429  0.52183445]
[-3.31815168  0.2349487 ]
[-3.2848425 -0.0736163]
[-3.24445886 -0.38110251]
[-3.19762718 -0.68704497]
[-3.14503395 -0.99109297]
[-3.08740652 -1.29300072]
[-3.02803644 -1.57116786]
[-2.96566646 -1.84735511]
[-2.89796033 -2.14272769]
[-2.83119089 -2.414642  ]
[-2.7631933  -2.68455347]
[-2.69447864 -2.95246202]
[-2.6049746  -3.30797753]
[-2.51622679 -3.65579342]
[-2.42930815 -3.99579658]
[-2.34512063 -4.32791818]
[-2.26440509 -4.65212915]
[-2.18775059 -4.96843325]
[-2.11560341 -5.27685834]
[-2.0482761  -5.57744651]
[-1.98306606 -5.8926734 ]
[-1.92357661 -6.19885312]
[-1.87195722 -6.47479676]
[-1.82332069 -6.76365838]
[-1.78152125 -7.02338304]
[-1.74409041 -7.27521626]
[-1.71068754 -7.51899776]
[-1.67999889 -7.77273931]
[-1.65361321 -7.99891649]
[-1.62937375 -8.23301056]
[-1.60817556 -8.44005082]
[-1.58886264 -8.63720398]
[-1.57103379 -8.82390929]
[-1.55431836 -8.99954798]
[-1.53838543 -9.16345009]
[-1.52295197 -9.314903  ]
[-1.50778967 -9.45316158]
[-1.49273031 -9.57745959]
[-1.47714323 -9.69562223]
[-1.4619894  -9.78838225]
[-1.44622451 -9.87093283]
[-1.43112681 -9.92898019]
[-1.41629882 -9.9693152 ]
[-1.40196334 -9.99135184]
[-1.3883931  -9.99458635]
[-1.37539754 -9.97782354]
[-1.36401522 -9.93847355]
[-1.35497343 -9.88022234]
[-1.34805152 -9.79694229]
[-1.34401229 -9.69785444]
[-1.34295636 -9.57945066]
[-1.34317744 -9.45247821]
[-1.34730175 -9.31093421]
[-1.35575206 -9.15936851]
[-1.36869013 -9.00243109]
[-1.38600919 -8.84476191]
[-1.40733884 -8.69087781]
[-1.43206226 -8.54506261]
[-1.45934448 -8.41126632]
[-1.48816982 -8.29301863]
[-1.51738606 -8.19336028]
[-1.54575229 -8.11479488]
[-1.57366018 -8.05883219]
[-1.59618945 -8.02940531]
[-1.6140098  -8.02521987]
[-1.62599083 -8.04651959]
[-1.63082867 -8.10018554]
[-1.62767334 -8.17287643]
[-1.61603228 -8.26897863]
[-1.59535516 -8.38708921]
[-1.56525057 -8.52554366]
[-1.52548009 -8.68247068]
[-1.47594788 -8.85584266]
[-1.41668713 -9.04352095]
[-1.34784438 -9.24329527]
[-1.26966273 -9.45291693]
[-1.18246501 -9.67012607]
[-1.07831756 -9.9113224 ]
[ -0.77665346 -10.66005701]
[ -0.48189465 -11.35305321]
[ -0.19538227 -11.99197808]
[  0.08188003 -12.57836725]
[  0.34921307 -13.11363923]
[  0.60624279 -13.5991073 ]
[  0.85287556 -14.03598912]
[  1.08926849 -14.42541378]
[  1.31579584 -14.76842653]
[  1.53301212 -15.06599138]
[  1.72660008 -15.30284449]
[  1.92800892 -15.51502765]
[  2.1082494  -15.67369662]
[  2.29698795 -15.80318562]
[  2.4668717  -15.88589422]
[  2.64605009 -15.9347442 ]
[  2.80825946 -15.94310756]
[  2.98036433 -15.91270539]
[  3.13672954 -15.84770565]
[  3.29061697 -15.74744433]
[  3.44195891 -15.61193985]
[  3.59047816 -15.44115676]
[  3.74745872 -15.21847939]
[  3.89952072 -14.95505761]
[  4.04540851 -14.65078018]
[  4.18354546 -14.305579  ]
[  4.31204523 -13.91948074]
[  4.42873494 -13.49266882]
[  4.53119163 -13.02555564]
[  4.61029822 -12.55485919]
[  4.6778529 -12.0120613]
[  4.72317092 -11.4322918 ]
[  4.74346916 -10.81769038]
[  4.73660992 -10.17104193]
[ 4.70377429 -9.54280856]
[ 4.64159097 -8.84451331]
[ 4.54952576 -8.12652661]
[ 4.42711102 -7.39448938]
[ 4.28487131 -6.70510449]
[ 4.11657821 -6.01410539]
[ 3.92294774 -5.32724597]
[ 3.70515148 -4.65040625]
[ 3.46483654 -3.98943141]
[ 3.20412502 -3.34996067]
[ 2.92559173 -2.73725486]
[ 2.61077194 -2.11542877]
[ 2.30530679 -1.57258053]
[ 1.99219469 -1.06863332]
[ 1.67521418 -0.60579632]
[ 1.35821597 -0.18528973]
[1.04503277 0.19266745]
[0.71769289 0.55134005]
[ 0.79882361 -0.35214963]
[ 0.88015252 -1.14192969]
[ 0.9698426  -1.88368196]
[ 1.07816023 -2.62849613]
[ 1.19943338 -3.32209383]
[ 1.33484663 -3.96645714]
[ 1.48524601 -4.56347644]
[ 1.63842146 -5.07872778]
[ 1.81907225 -5.58940849]
[ 2.01538992 -6.05795588]
[ 2.22703324 -6.48609382]
[ 2.43654583 -6.85024748]
[ 2.67598095 -7.20518709]
[ 2.92823329 -7.5247965 ]
[ 3.19198594 -7.81084382]
[ 3.46572326 -8.06512104]
[ 3.74775836 -8.28944238]
[ 4.03626475 -8.48563891]
[ 4.32931192 -8.65554987]
[ 4.62490444 -8.80101074]
[ 4.89978532 -8.91647338]
[ 5.19482338 -9.01974702]
[ 5.4865795  -9.10378568]
[ 5.77320868 -9.17025248]
[ 6.05300623 -9.22072102]
[ 6.32444211 -9.25665754]
[ 6.58618961 -9.27940465]
[ 6.83714711 -9.2901673 ]
[ 7.05942415 -9.29073202]
[ 7.28751687 -9.28111648]
[ 7.50298868 -9.26216673]
[ 7.70567902 -9.23447075]
[ 7.89564511 -9.19845698]
[ 8.0731389  -9.15440048]
[ 8.23857879 -9.10243245]
[ 8.39251726 -9.04255295]
[ 8.53560589 -8.97464639]
[ 8.66855908 -8.89849942]
[ 8.79211778 -8.813821  ]
[ 8.9070145 -8.7202639]
[ 9.01394061 -8.61744751]
[ 9.11351695 -8.50498107]
[ 9.20626856 -8.38248716]
[ 9.29260411 -8.24962461]
[ 9.37280053 -8.1061104 ]
[ 9.44699328 -7.95173999]
[ 9.51517229 -7.78640549]
[ 9.57210888 -7.62188479]
[ 9.62357613 -7.44782174]
[ 9.67350735 -7.25139051]
[ 9.7161166 -7.0447352]
[ 9.74757325 -6.84266321]
[ 9.77172706 -6.63260692]
[ 9.78800995 -6.41521664]
[ 9.79736274 -6.1755008 ]
[ 9.79616093 -5.92934627]
[ 9.78369061 -5.69437674]
[ 9.76110618 -5.45574577]
[ 9.7279947  -5.21451947]
[ 9.68402493 -4.97180894]
[ 9.62895948 -4.72875544]
