Person 91
Starting Actual Velocity = [ 1.2018107  -0.23542053]
[18.89838557 -3.70522929]
[19.47381    -4.23550314]
[19.47871431 -4.56909555]
[19.38020751 -4.81657561]
[19.27768534 -4.99487805]
[19.1933718  -5.12660215]
[19.12784008 -5.226337  ]
[19.07657948 -5.30488518]
[19.03760943 -5.36648492]
[19.00715339 -5.41688507]
[18.98593994 -5.45518498]
[18.96952039 -5.4869252 ]
[18.95788281 -5.51230133]
[18.94986156 -5.53300893]
[18.94506918 -5.55024038]
[18.94456028 -5.56272161]
[18.94638007 -5.57327306]
[18.95377944 -5.58205345]
[18.97193691 -5.58313206]
[18.97993466 -5.58430001]
[18.98287256 -5.58532338]
[18.98737766 -5.58450097]
[18.99197002 -5.58354502]
[18.99729972 -5.58252341]
[19.00389445 -5.58140985]
[19.01317129 -5.58004676]
[19.02741659 -5.57779606]
[19.04285253 -5.57576616]
[19.05786084 -5.57458795]
[19.07241766 -5.57431067]
[19.0869106  -5.57487821]
[19.10162893 -5.57622209]
[19.11670792 -5.57832558]
[19.13215115 -5.58121928]
[19.14788768 -5.5849598 ]
[19.16361029 -5.58955372]
[19.17924733 -5.59515847]
[19.19464156 -5.60176684]
[19.21184419 -5.61050742]
[19.22956729 -5.61909054]
[19.24588495 -5.62852585]
[19.23242168 -5.65843132]
[19.23264459 -5.68167458]
[19.23974364 -5.6985295 ]
[19.24727043 -5.71491641]
[19.25384754 -5.73199274]
[19.25914824 -5.7499645 ]
[19.26315112 -5.76882498]
[19.26593346 -5.78879181]
[19.26759187 -5.80961837]
[19.26816622 -5.83138646]
[19.26771967 -5.85294366]
[19.26594158 -5.87536796]
[19.26287504 -5.89858147]
[19.25859308 -5.92278188]
[19.25361908 -5.94636155]
[19.24744648 -5.97085676]
[19.24050056 -5.99534873]
[19.23283526 -6.01994505]
[19.22466494 -6.04436574]
[19.21600853 -6.06891035]
[19.20724095 -6.09321647]
[19.19827787 -6.11809755]
[19.18865302 -6.14668965]
[19.18513454 -6.16785277]
[19.18222976 -6.18775376]
[19.17850992 -6.20877765]
[19.17372155 -6.23316417]
[19.17082888 -6.25676286]
[19.16969265 -6.27877096]
[19.1686315  -6.30106737]
[19.16694151 -6.32425104]
[19.16427951 -6.34884486]
[19.16060544 -6.3752068 ]
[19.15603656 -6.40425564]
[19.15221465 -6.43208231]
[19.14729633 -6.46117051]
[19.14066383 -6.49163073]
[19.13200643 -6.52306519]
[19.12086891 -6.55502921]
[19.10641581 -6.58760036]
[19.08771354 -6.62094953]
[19.06557601 -6.6525888 ]
[19.03799832 -6.68359811]
[19.00432855 -6.71305893]
[18.96449548 -6.73953502]
[18.91461386 -6.76351837]
[18.85931979 -6.78032079]
[18.79881699 -6.7891167 ]
[18.73059088 -6.79010716]
[18.65227924 -6.78287816]
[18.56170977 -6.7663975 ]
[18.45201679 -6.73787923]
[18.31632153 -6.69238355]
[18.20120735 -6.64527294]
[18.07744824 -6.59102522]
[17.9394295 -6.5288358]
[17.79217183 -6.4626363 ]
[17.60889263 -6.38245144]
[17.41136346 -6.3065105 ]
[17.27254496 -6.26886785]
[17.12677486 -6.22995971]
[16.96780541 -6.18319188]
[16.79792301 -6.12825074]
[16.62185113 -6.06712283]
[16.44241118 -6.00086578]
[16.25585195 -5.92746487]
[16.06973338 -5.85040964]
[15.88705765 -5.77107929]
[15.7105723  -5.69073352]
[15.53934745 -5.60914594]
[15.38400662 -5.5331373 ]
[15.24766148 -5.46404184]
[15.12317754 -5.39616307]
[15.01594952 -5.33215419]
[14.92689888 -5.27164099]
[14.84916537 -5.20786698]
[14.78325165 -5.14028826]
[14.73061934 -5.07137721]
[14.68533526 -4.99809555]
[14.63523033 -4.91074416]
[14.56798931 -4.80021072]
[14.47613037 -4.66739145]
[14.35473458 -4.51720896]
[15.0102517  -4.56160281]
[15.24283987 -4.46294493]
[15.17984993 -4.26119685]
[14.87421502 -3.96486721]
[14.45065209 -3.65659705]
[13.70402176 -3.16086383]
[13.43388728 -3.00194999]
[13.35292932 -2.92547495]
[13.2789883 -2.8213455]
[13.16771176 -2.67026041]
[12.99526452 -2.46987247]
[12.75184402 -2.23418263]
[12.41212385 -1.97241821]
[12.11669555 -1.81928523]
[11.8214109  -1.72107717]
[11.48606035 -1.66009588]
[11.21562016 -1.65617539]
[10.97737182 -1.67980138]
[10.77793109 -1.71338072]
[10.59713921 -1.73943969]
[10.41241489 -1.74002917]
[10.18256252 -1.70483666]
[ 9.88756253 -1.62862287]
[ 9.5231729  -1.64173512]
[ 9.17614469 -1.59088085]
[ 8.92090253 -1.50440335]
[ 8.8282936  -1.41702566]
[ 8.93984313 -1.36293734]
[ 9.24796412 -1.36859196]
[ 9.69693519 -1.44476245]
[10.20560658 -1.59016159]
[10.68644258 -1.79642684]
[11.06667135 -2.05532484]
[11.2753615  -2.35109691]
[11.28393081 -2.67679979]
[11.09335898 -3.02845643]
[10.48738126 -3.68389729]
[10.45091841 -3.99936891]
[10.55016129 -4.24126189]
[10.774044   -4.37459911]
[10.94103184 -4.17610911]
[11.21961163 -3.90474174]
[11.55576131 -3.57719973]
[11.90564416 -3.21660616]
[12.21147368 -2.87764603]
[12.43552443 -2.60400548]
[12.52481879 -2.45660252]
[12.44362875 -2.46954589]
[12.18481397 -2.62707185]
[11.73085027 -2.92311864]
[11.09558628 -3.32196493]
[10.33156134 -3.75853002]
[ 9.47909469 -4.17429524]
[ 8.66522478 -4.46659268]
[ 7.93186024 -4.58594343]
[ 7.34466322 -4.49499399]
[ 6.91182033 -4.22030963]
[ 6.53620713 -3.70031283]
[ 6.45019576 -3.09802311]
[ 6.73378193 -2.68599226]
[ 7.29807007 -2.47206306]
[ 8.03750179 -2.43644861]
[ 8.90110073 -2.48560902]
[ 9.72718668 -2.57760198]
[10.43137684 -2.69161154]
[10.95648914 -2.82958799]
[11.2562241  -3.00224403]
[11.36697884 -3.25829187]
[11.2685502  -3.66581504]
[10.98589802 -4.13350749]
[10.53306292 -4.70335677]
[10.05255829 -5.22701937]
[ 9.59738037 -5.72198691]
[ 9.23553364 -6.16520643]
[ 9.00414591 -6.54428999]
[ 8.92235604 -6.85318527]
[ 9.00556747 -7.05912475]
[ 9.22936222 -7.15681215]
[ 9.55417218 -7.13337283]
[ 9.93892685 -6.97308945]
[10.40055839 -6.61679614]
[10.91625951 -6.27348775]
[11.48290241 -5.90522538]
[12.02272631 -5.49003185]
[12.39606622 -4.98914031]
[12.47152339 -4.3740533 ]
[12.16184466 -3.61396707]
[11.43216867 -2.77057014]
[10.50638956 -2.04349933]
[ 9.34528938 -1.28226999]
[ 8.21651376 -0.59355978]
[ 7.24642774 -0.06826829]
[6.5878255  0.11206256]
[ 6.29409344 -0.21022211]
[ 6.38792771 -1.01748094]
[ 6.76567395 -2.20716826]
[ 7.46107852 -3.81636892]
[ 8.28395929 -5.33373432]
[ 9.2465985  -6.70021854]
[10.23592383 -7.92294158]
[11.2311521  -9.08152206]
[ 12.16929722 -10.18772612]
[ 14.60617292 -12.16652949]
[ 16.34587489 -13.8005144 ]
[ 17.26966063 -15.01661104]
[ 17.39748895 -15.81714932]
[ 16.83320974 -16.33180757]
[ 15.70444905 -16.69698097]
[ 14.26241992 -17.13815103]
[ 12.84977694 -17.84988199]
[ 11.81082304 -18.90691937]
[ 14.02503938 -22.63615897]
[ 16.26596324 -25.1590682 ]
[ 18.65185299 -26.40729718]
[ 21.11912694 -26.26013072]
[ 23.79251413 -24.81911364]
[ 26.43868523 -22.24836557]
[ 29.02029395 -18.55601441]
[ 31.40857204 -13.67128044]
[33.29246095 -8.19876508]
[34.69443274 -2.53038909]
[35.35737986  2.00488046]
[35.33871866  5.4934478 ]
