Person 91
Starting Actual Velocity = [0.72003305 0.94977294]
[11.32306709 15.06293973]
[11.81408668 15.67191783]
[11.93516551 15.80921331]
[11.97196357 15.84774414]
[11.98110916 15.85496831]
[11.98228777 15.85444838]
[11.98118928 15.85229285]
[11.97974389 15.85107693]
[11.97812231 15.84952059]
[11.98232473 15.84430098]
[11.98265798 15.83851226]
[11.9829162  15.83547032]
[11.98284868 15.83160857]
[11.98312696 15.82829842]
[11.98438543 15.82708116]
[11.98448037 15.82084271]
[11.98681993 15.82010856]
[11.99437519 15.83285987]
[11.99119953 15.80953185]
[11.99125796 15.7955325 ]
[11.99579365 15.79262415]
[11.99634508 15.77553497]
[11.99831841 15.76116355]
[12.00113318 15.74726549]
[12.00463946 15.73303979]
[12.01192236 15.72658493]
[12.01742162 15.70916908]
[12.02171482 15.68452495]
[12.02704984 15.66089988]
[12.03315881 15.63683451]
[12.04008172 15.61213585]
[12.04764015 15.58583478]
[12.05575086 15.55752222]
[12.06435353 15.52701527]
[12.07338335 15.49423583]
[12.08261937 15.45821669]
[12.09212472 15.42079428]
[12.10171624 15.38101788]
[12.11176137 15.35448348]
[12.1219485  15.30362462]
[12.13160806 15.24953021]
[12.1403977  15.19782477]
[12.14735891 15.16428051]
[12.155108   15.10366961]
[12.16120131 15.04871649]
[12.16557665 14.99864775]
[12.16834949 14.95136682]
[12.16955642 14.90622508]
[12.16902201 14.86588421]
[12.16700526 14.82753508]
[12.16349862 14.79323614]
[12.15900498 14.75072445]
[12.15307379 14.71678406]
[12.1459911  14.68867122]
[12.13821057 14.66927993]
[12.12916738 14.63934421]
[12.1204548  14.62355665]
[12.11130558 14.60760201]
[12.10248035 14.59586144]
[12.09386189 14.58566669]
[12.0869224  14.58291417]
[12.08120162 14.58305116]
[12.08130017 14.59952966]
[12.1130813  14.68862547]
[12.1018253  14.66436307]
[12.0913548  14.64080409]
[12.0920998  14.64023058]
[12.12370233 14.68939974]
[12.1458731  14.71687402]
[12.1524611  14.71890274]
[12.16123507 14.72173465]
[12.17307162 14.72629831]
[12.19099278 14.73492683]
[12.21742402 14.74812405]
[12.26402234 14.77247475]
[12.27642604 14.76249702]
[12.29175941 14.74673741]
[12.3037228  14.71638436]
[12.30260203 14.66020991]
[12.27997196 14.56928473]
[12.23570036 14.44063798]
[12.1710029  14.27209475]
[12.05541068 14.05418857]
[11.91634331 13.80162669]
[11.75052709 13.51965086]
[11.55449706 13.2194861 ]
[11.37356232 12.92708813]
[11.13946237 12.62315767]
[10.87248836 12.31682366]
[10.61603037 12.01634008]
[10.39754743 11.71363335]
[10.23383688 11.38465309]
[10.18549539 10.98238088]
[10.32113893 10.3726889 ]
[10.08767463  9.56060226]
[9.73366269 8.60716418]
[8.58336626 7.41971285]
[6.08418877 6.18786914]
[2.79313729 5.37574274]
[2.40781091 5.33891318]
[3.55095534 5.29505449]
[5.42365185 5.12764741]
[7.17688889 4.81059312]
[8.27287593 4.46982675]
[8.66196948 4.27777054]
[8.56599884 4.28596896]
[8.25150384 4.42733525]
[7.81357044 4.56822393]
[7.32806359 4.6081943 ]
[6.82902152 4.48564194]
[6.3735346  4.15049479]
[5.9638337  3.61398121]
[5.66346665 2.92911175]
[5.57436497 2.04169299]
[5.63645811 0.99834046]
[ 5.80922206 -0.08802395]
[ 6.20217761 -1.13851329]
[ 6.75298422 -2.02518778]
[ 7.19539143 -2.7526339 ]
[ 7.34954764 -3.46599282]
[ 7.28823297 -4.31635495]
[ 7.1606048  -5.37894944]
[ 7.05946027 -6.53301345]
[ 7.07161439 -7.57289384]
[ 7.27323291 -8.33218744]
[ 7.68370426 -8.48187707]
[ 8.22653942 -7.9572956 ]
[ 8.80573317 -6.83278576]
[ 9.28419113 -5.22307964]
[ 9.28395749 -3.65627139]
[ 9.26737481 -2.12018003]
[ 8.56600347 -1.33678731]
[ 7.85447643 -0.94131909]
[ 7.20637334 -0.73748855]
[ 6.57712386 -0.61431065]
[ 5.89949058 -0.50549879]
[ 5.12406342 -0.34455842]
[ 4.07967342 -0.26983157]
[ 3.19813471 -0.06527026]
[2.42932366 0.17536913]
[1.74809551 0.4364635 ]
[1.33146217 0.61061681]
[1.10969186 0.6944624 ]
[1.06872719 0.66320606]
[1.17414202 0.50508567]
[1.35950082 0.25296603]
[ 1.57905344 -0.06148281]
[ 1.78669659 -0.38183149]
[ 1.9336652  -0.65128546]
[ 2.00495637 -0.86572705]
[ 1.9721626  -1.01766413]
[ 1.8139117  -1.10894905]
[ 1.52328559 -1.14789843]
[ 1.11694202 -1.1212708 ]
[ 0.62444748 -1.04566155]
[ 0.08269219 -0.94083783]
[-0.47167014 -0.82416873]
[-1.01962845 -0.70214479]
[-1.52509737 -0.57672754]
[-1.98108241 -0.43795813]
[-2.37780488 -0.27383443]
[-3.17941822  0.307495  ]
[-3.12834796  0.37316142]
[-2.93492007  0.33764002]
[-2.60725777  0.15607901]
[-2.17019735 -0.19588698]
[-1.68337958 -0.68736852]
[-1.18784303 -1.2855806 ]
[-0.71360922 -1.95998847]
[-0.31937425 -2.60081261]
[-0.03011316 -3.10603867]
[ 0.13202968 -3.26915957]
[ 0.19599676 -3.0197234 ]
[ 0.23481765 -2.38672736]
[ 0.30453193 -1.45119455]
[ 0.44239327 -0.37591717]
[0.65660889 0.67174634]
[0.95338287 1.624085  ]
[1.28790345 2.35318035]
[1.64725822 2.86872286]
[1.99078759 3.16143006]
[2.28954372 3.25814695]
[2.61678704 3.1345834 ]
[2.78530132 2.78331893]
[2.74403037 2.3509938 ]
[2.55906941 1.88374214]
[2.29604074 1.46496979]
[1.96043274 1.03220843]
[1.58889407 0.64211732]
[1.19885028 0.30857862]
[0.80395725 0.04588205]
[ 0.42549394 -0.12716947]
[ 0.07080512 -0.20591451]
[-0.2721453  -0.17727108]
[-0.48483324 -0.10075636]
[-0.63115612 -0.00870641]
[-0.69437604  0.04693219]
[-0.72236792  0.06634471]
[-0.7384643  0.0515338]
[-0.76039501  0.01083068]
[-0.80102576 -0.04786962]
[-0.85734384 -0.1128255 ]
[-0.92508954 -0.17782423]
[-0.99234049 -0.23804343]
[-1.04652639 -0.28954261]
[-1.07667972 -0.31896571]
[-1.05354336 -0.30811884]
[-0.99229936 -0.23891086]
[-0.89535014 -0.08831227]
[-0.77186405  0.15053593]
[-0.63425919  0.46543594]
[-0.48521973  0.86402708]
[-0.33388361  1.30623567]
[-0.17931477  1.77336274]
[-0.01784091  2.25541858]
[0.15071654 2.72454002]
[0.34101136 3.20886025]
[0.55686537 3.69398452]
[0.81127182 4.1945291 ]
[1.05968985 4.61315313]
[1.32452628 5.01977318]
[1.64026455 5.48624625]
[1.91690547 5.88608318]
[2.1473977  6.23366969]
[2.34163152 6.55734522]
[2.50751876 6.8783505 ]
[2.63873505 7.18343561]
[2.72342157 7.45127706]
[2.78005614 7.7147534 ]
[2.8033862  7.95556921]
[2.79255152 8.1578438 ]
[2.75323291 8.32833205]
[2.68578834 8.44900291]
[2.59426757 8.5106778 ]
[2.4837506  8.50483411]
[2.35915245 8.42533771]
[2.23216153 8.2721535 ]
[2.10496652 8.04939469]
[1.98017433 7.75297237]
[1.8646224  7.39883126]
[1.75711932 6.98270752]
[1.66206534 6.53283531]
[1.57699149 6.04436433]
[1.50162709 5.51922576]
[1.43921947 5.00228083]
[1.38783004 4.48427385]
[1.3478135  4.01574368]
[1.30494865 3.52154592]
[1.26600762 3.1018894 ]
[1.22506905 2.71860714]
[1.17528898 2.38498877]
[1.10719804 2.10825503]
[1.01385818 1.89098621]
[0.8809166  1.71273877]
[0.69745217 1.5670578 ]
[0.45501207 1.45122832]
[0.14935518 1.36828964]
[-0.21773075  1.32702419]
[-0.63690203  1.3399758 ]
[-1.10804541  1.42631908]
[-1.75829239  1.68933193]
[-2.26905891  2.01954404]
[-2.64922351  2.40565978]
[-2.90325748  2.84396491]
[-2.99098897  3.25218992]
[-2.94605538  3.62044216]
[-2.79314697  3.94696367]
[-2.54212449  4.24579082]
[-2.20913503  4.49284739]
[-1.80493727  4.69718   ]
[-1.33654462  4.868991  ]
[-0.86445003  4.99052357]
[-0.43134315  5.07427121]
[-3.94298649e-03  5.17558335e+00]
[0.38599011 5.27631688]
[0.74509451 5.37680252]
[1.11598276 5.50494468]
[1.43717305 5.58984515]
[1.67084222 5.58488022]
[1.82750742 5.50492918]
[2.02246036 5.36494739]
[2.03802707 5.10859505]
[2.01339591 4.81443   ]
[1.95719909 4.48237499]
[1.87677812 4.14090219]
[1.78091824 3.78956031]
[1.68063101 3.4523445 ]
[1.58786387 3.15075877]
[1.45578051 2.83724497]
[1.35975065 2.59231665]
[1.30211816 2.41024944]
[1.2888063  2.29850895]
[1.32305825 2.26132711]
[1.40519837 2.29897464]
[1.53256291 2.40738263]
[1.70036596 2.58332445]
[1.89069098 2.80436559]
[2.09185903 3.05565348]
[2.31181719 3.34996591]
[2.52092934 3.64020487]
[2.72710596 3.93874709]
[2.90832658 4.21204532]
[3.04612175 4.43341638]
[3.14432752 4.61671156]
[3.18321422 4.74030774]
[3.15258631 4.80053925]
[3.04373663 4.79787175]
[2.85554483 4.73670942]
[2.57741147 4.6263086 ]
[2.2114276  4.47471496]
[1.79089923 4.30391348]
[1.30697336 4.12012178]
[0.77122605 3.934691  ]
[0.1786513  3.75364688]
[-0.41340404  3.59896577]
[-1.00426648  3.47424864]
[-1.5733677   3.38710148]
[-2.10057868  3.34292888]
[-2.56745422  3.34456909]
[-2.95838126  3.39209307]
[-3.26181724  3.47693435]
[-3.46334279  3.59581878]
[-3.57078373  3.74135221]
[-3.59599567  3.9229161 ]
[-3.53183817  4.14691161]
[-3.39646881  4.36624422]
[-3.21144243  4.58288388]
[-2.97746295  4.81248993]
[-2.72837063  5.03022186]
[-2.45941064  5.25463919]
[-2.19610913  5.47416397]
[-1.93173873  5.7852592 ]
[-1.7275364   6.05413639]
[-1.56154503  6.32490005]
[-1.45289332  6.57746202]
[-1.38939823  6.8223116 ]
[-1.36234791  7.06427396]
[-1.36462508  7.27251351]
[-1.38151536  7.45345598]
[-1.39863966  7.57357264]
[-1.40386118  7.62924347]
[-1.3848226   7.59341916]
[-1.33150098  7.45237011]
[-1.24079002  7.19754552]
[-1.10921353  6.8213128 ]
[-0.92176502  6.28451287]
[-0.71832186  5.68954142]
[-0.48631897  5.00978706]
[-0.22041971  4.24107666]
[0.05101398 3.48096617]
[0.33301975 2.73939591]
[0.6207981  2.05705883]
[0.92316383 1.44664989]
[1.22300633 0.97573032]
[1.50341938 0.67869252]
[1.78526727 0.53317404]
[2.03845059 0.55583191]
[2.28081272 0.73231832]
[2.48459348 1.03610062]
[2.6660931  1.47921123]
[2.79516096 1.98098231]
[2.88803516 2.55658192]
[2.94330062 3.18919143]
[2.96099085 3.86095274]
[2.94260019 4.55430441]
[2.89101974 5.25289314]
[2.81040685 5.94213093]
[2.70599977 6.60947878]
[2.57859546 7.27424745]
[2.44519289 7.86633694]
[2.30808103 8.41124752]
[2.17425852 8.90450157]
[2.05043755 9.34322353]
[1.94276476 9.72596396]
[ 1.85656331 10.05254051]
[ 1.79610499 10.32390004]
[ 1.76441965 10.54200053]
[ 1.76314763 10.7097084 ]
[ 1.79243893 10.83070381]
[ 1.85090116 10.90938632]
[ 1.94008851 10.95472895]
[ 2.04233004 10.96460978]
[ 2.15944482 10.95373559]
[ 2.28539872 10.92835492]
[ 2.48727574 11.29640393]
[ 2.67255645 11.6060748 ]
[ 2.85554555 11.89883365]
[ 3.01733531 12.161867  ]
[ 3.14262616 12.38830883]
[ 3.25045252 12.630554  ]
[ 3.31701118 12.90516305]
[ 3.28392494 13.13626623]
[ 3.16706314 13.3309466 ]
[ 2.97113747 13.50865485]
[ 2.72382915 13.65298511]
[ 2.40696508 13.7843984 ]
[ 2.05746484 13.88629267]
[ 1.6197266  13.97382469]
[ 1.25760471 14.01168104]
[ 0.87309009 14.02405609]
[ 0.51767567 14.00588642]
[ 0.16296399 13.9563226 ]
[-0.15718084 13.91962625]
[-0.40821456 13.8608078 ]
[-0.63766357 13.77991901]
[-0.82470139 13.68179104]
[-0.95821075 13.57487649]
[-1.05161467 13.46061398]
[-1.11028442 13.33957686]
[-1.12302673 13.22412843]
[-1.0993642  13.11495825]
[-1.04088132 13.01424658]
[-0.94827331 12.92937787]
[-0.83061118 12.86356618]
[-0.68519805 12.81935712]
[-0.52768103 12.79614494]
[-0.35850501 12.79566603]
[-0.1748222  12.82393823]
[1.14052169e-03 1.28701254e+01]
[ 0.18031344 12.94637611]
[ 0.37075082 13.07583994]
[ 0.54364271 13.24295156]
[ 0.67572626 13.42025734]
[ 0.76471829 13.60244009]
[ 0.81350076 13.79869099]
[ 0.81904098 13.99201971]
[ 0.78628431 14.17946341]
[ 0.93973738 15.51437754]
[ 1.04202269 16.63337154]
[ 1.10337285 17.62318479]
[ 1.12914043 18.55082254]
[ 1.11752897 19.41650598]
[ 1.06858872 20.21947739]
[ 0.9843136  20.95802982]
[ 0.86869267 21.62955626]
[ 0.72771149 22.23062402]
[ 0.56260824 22.78649003]
[ 0.38937444 23.25300118]
[ 0.22782218 23.60538817]
[ 0.08414024 23.867464  ]
[-0.02797119 24.03417855]
[-0.0775009  24.10104792]
[-1.70819843e-02  2.40645495e+01]
[ 0.19234741 23.92258096]
[ 0.57856161 23.67500675]
[ 1.15658072 23.32421241]
[ 1.97948857 22.8460511 ]
[ 2.94442568 22.30340516]
[ 4.07015818 21.68365918]
[ 5.36970249 21.28438719]
[ 6.68459683 20.88422364]
[ 8.05796661 20.47308545]
[ 9.45551223 20.06450454]
[10.75380402 19.69657885]
[12.10400742 19.3246201 ]
[13.3852593  18.98339103]
[14.57393255 18.67686809]
[15.65227781 18.40605618]
[16.60868145 18.16930466]
[17.43739966 17.96277952]
[18.13788466 17.78100078]
[18.7138541  17.61736802]
[19.17225592 17.46462071]
[19.52225702 17.3152054 ]
[19.77434636 17.16154391]
