Person 91
Starting Actual Velocity = [0.39741405 1.1276657 ]
[ 6.12971691 17.82366424]
[ 6.43473874 18.57479223]
[ 6.53279569 18.74753727]
[ 6.57907117 18.79065998]
[ 6.61084569 18.78868595]
[ 6.6383307  18.77297373]
[ 6.6642555  18.75280613]
[ 6.68753281 18.73284715]
[ 6.71056541 18.71180182]
[ 6.72916762 18.69436969]
[ 6.75366783 18.66982679]
[ 6.77175137 18.65108401]
[ 6.78977852 18.63135638]
[ 6.80356703 18.61524579]
[ 6.80796245 18.60891883]
[ 6.82272583 18.58927874]
[ 6.81567698 18.5946982 ]
[ 6.75623716 18.66893729]
[ 6.81230881 18.58968803]
[ 6.83072354 18.55634021]
[ 6.79891245 18.58669594]
[ 6.81156564 18.55024877]
[ 6.80612014 18.53373146]
[ 6.78910757 18.52697047]
[ 6.76213498 18.52675405]
[ 6.68581904 18.58983841]
[ 6.63244937 18.60227851]
[ 6.59255536 18.57737188]
[ 6.53167964 18.56707378]
[ 6.45190996 18.56232324]
[ 6.35039466 18.56038733]
[ 6.22777929 18.55046648]
[ 6.08309039 18.52220773]
[ 5.91498192 18.46393442]
[ 5.72226431 18.3631312 ]
[ 5.50735888 18.20942778]
[ 5.26258136 18.00144154]
[ 4.99975049 17.69501182]
[ 4.65849468 17.28505704]
[ 4.4141952  16.44946935]
[ 4.23486639 15.29238524]
[ 3.95742727 14.42286167]
[ 3.48293697 14.05607007]
[ 3.14477985 14.02932829]
[ 2.89667888 14.61504014]
[ 2.67114026 16.1794711 ]
[ 2.45854878 17.43915501]
[ 2.17975293 17.78479742]
[ 1.81633059 17.21799228]
[ 1.51493449 16.18906332]
[ 4.50213384 20.14334033]
[ 4.99268199 18.97871847]
[ 2.97869954 13.55814668]
[ 4.71206432 17.04283485]
[ 6.45864494 14.90827246]
[8.07002149 9.81039029]
[ 9.56822011 13.75764408]
[14.99201366 11.76034258]
[21.6628484   6.94573159]
