Person 91
Starting Actual Velocity = [ 1.11770575 -0.45016596]
[17.74382066 -7.11461094]
[18.49452001 -7.42399496]
[18.68265582 -7.50405415]
[18.75011229 -7.53344545]
[18.77286068 -7.54465386]
[18.78170993 -7.55009843]
[18.78578348 -7.5534485 ]
[18.79045043 -7.55664784]
[18.79328437 -7.55905046]
[18.7996342  -7.56241453]
[18.79733013 -7.56278818]
[18.7995391  -7.56444691]
[18.79973821 -7.56525556]
[18.80160273 -7.56645164]
[18.80937511 -7.56953272]
[18.80640569 -7.5687321 ]
[18.81820077 -7.57294421]
[18.87778178 -7.59455673]
[18.83292982 -7.57790232]
[18.81646073 -7.57128253]
[18.83147534 -7.57590089]
[18.81492751 -7.56859694]
[18.80708669 -7.56425971]
[18.80288192 -7.56100646]
[18.80068222 -7.5582246 ]
[18.81982069 -7.56303705]
[18.82041337 -7.56041866]
[18.80939651 -7.55311424]
[18.80339669 -7.54742817]
[18.79987652 -7.54235083]
[18.79868503 -7.53777382]
[18.79838931 -7.5331119 ]
[18.79845665 -7.52812819]
[18.79869082 -7.52271515]
[18.79902118 -7.51681285]
[18.79806285 -7.50989105]
[18.79801811 -7.50276883]
[18.79770238 -7.4949599 ]
[18.81435602 -7.49287099]
[18.80990767 -7.48129897]
[18.80367791 -7.46860334]
[18.80000414 -7.45650472]
[18.81002503 -7.44905607]
[18.80318694 -7.43373587]
[18.79942992 -7.41937348]
[18.79798621 -7.40548071]
[18.7975193  -7.39140233]
[18.79748147 -7.37687621]
[18.79865125 -7.36219543]
[18.79981666 -7.34677551]
[18.80146709 -7.33084706]
[18.8000055  -7.31281853]
[18.79997689 -7.29513207]
[18.80054296 -7.27728528]
[18.80218454 -7.25951905]
[18.8009541  -7.23963858]
[18.80157251 -7.22073836]
[18.80143907 -7.20107148]
[18.80128116 -7.18128051]
[18.80071192 -7.16115761]
[18.80051879 -7.14144513]
[18.80008546 -7.12164831]
[18.80092214 -7.10337533]
[18.81021366 -7.09498413]
[18.80450588 -7.06777103]
[18.79921466 -7.0421284 ]
[18.79590939 -7.02056409]
[18.79640255 -7.00676997]
[18.79279312 -6.98013355]
[18.78785837 -6.95492422]
[18.78329898 -6.93294605]
[18.77899148 -6.91339497]
[18.77492326 -6.89628227]
[18.7710035  -6.88167624]
[18.76745361 -6.87132288]
[18.76235234 -6.85611271]
[18.75717695 -6.84315778]
[18.7517383  -6.83178429]
[18.74588873 -6.82106592]
[18.73960826 -6.81051183]
[18.73297369 -6.80100172]
[18.72596634 -6.79362509]
[18.71850382 -6.78408672]
[18.71070645 -6.77678021]
[18.70247646 -6.77106101]
[18.69378513 -6.76588635]
[18.68434124 -6.76715257]
[18.67416757 -6.76470725]
[18.66359423 -6.75921979]
[18.65268607 -6.75384999]
[18.64130677 -6.75020604]
[18.62923624 -6.74929699]
[18.61588114 -6.75631374]
[18.6009745  -6.77688593]
[18.58540541 -6.76698216]
[18.56959037 -6.76090821]
[18.55305105 -6.75966034]
[18.53589904 -6.75902695]
[18.51671569 -6.77795321]
[18.49549788 -6.80288279]
[18.47339303 -6.78725166]
[18.4513168  -6.77888779]
[18.4287627  -6.77590939]
[18.40556694 -6.77551175]
[18.38171085 -6.77583441]
[18.35718522 -6.77654575]
[18.33170447 -6.78004886]
[18.30527523 -6.78345182]
[18.27792315 -6.78663614]
[18.24967749 -6.7894931 ]
[18.22042655 -6.79375603]
[18.1901388  -6.79585851]
[18.1590776  -6.79543344]
[18.12740853 -6.7966138 ]
[18.094954   -6.79670231]
[18.06180613 -6.79480751]
[18.02833431 -6.79480005]
[17.99433648 -6.79566443]
[17.959232   -6.79356127]
[17.92307028 -6.78709034]
[17.8867235  -6.77910421]
[17.85087847 -6.77228589]
[17.81496585 -6.76457362]
[17.77860677 -6.75442189]
[17.74228162 -6.74276561]
[17.70426657 -6.72498964]
[17.66515651 -6.70172988]
[17.62731699 -6.67782488]
[17.59431215 -6.65988902]
[17.55648773 -6.63032848]
[17.57632583 -6.6887795 ]
[17.53156773 -6.64339152]
[17.46932889 -6.5651281 ]
[17.41446962 -6.4925643 ]
[17.36571548 -6.42426711]
[17.32309593 -6.36010906]
[17.28588277 -6.29878238]
[17.26376212 -6.25229551]
[17.22308973 -6.17683847]
[17.1840033  -6.09973544]
[17.15643682 -6.03246318]
[17.12026888 -5.95041512]
[17.08760177 -5.8690582 ]
[17.05683804 -5.78650824]
[17.01658932 -5.70883583]
[16.98005088 -5.6264245 ]
[16.94843684 -5.54308313]
[16.92091343 -5.45883846]
[16.89484483 -5.37101958]
[16.87248313 -5.28381678]
[16.853465   -5.19725529]
[16.83754902 -5.11145924]
[16.82458135 -5.02662329]
[16.81240277 -4.94369334]
[16.80287052 -4.861137  ]
[16.79615496 -4.77994883]
[16.79229821 -4.70090112]
[16.79277619 -4.6269623 ]
[16.79556015 -4.55560465]
[16.80208501 -4.49004073]
[16.8135208  -4.43321227]
[16.99091813 -4.7587682 ]
[16.95640237 -4.59841832]
[16.9274847  -4.45942034]
[16.81682582 -4.36017045]
[16.72794294 -4.27540258]
[16.65329093 -4.1976325 ]
[16.58904631 -4.12972618]
[16.53400029 -4.07729124]
[16.48272301 -4.03445847]
[16.43587136 -4.00740842]
[16.38779685 -3.98805561]
[16.32524052 -3.95131493]
[16.26064487 -3.92110396]
[16.1924924  -3.89443475]
[16.11725108 -3.86407415]
[16.03249758 -3.82490679]
[15.94427942 -3.78604302]
[15.84368207 -3.73446267]
[15.7376878  -3.68128025]
[15.62288051 -3.6233608 ]
[15.49936189 -3.56223874]
[15.42331248 -3.56634859]
[15.32106213 -3.55392721]
[15.14091428 -3.47359493]
[14.91849252 -3.3725605 ]
[14.65985081 -3.25937034]
[14.38945448 -3.16604464]
[14.10114357 -3.08696358]
[13.79822656 -3.02447552]
[13.48302657 -2.97901152]
[13.15835213 -2.94705752]
[12.83057454 -2.93101045]
[12.52577023 -2.95564886]
[12.20725837 -2.93780018]
[11.93477336 -2.93088494]
[11.6516721  -2.90072254]
[11.42106013 -2.85977358]
[11.24231538 -2.8092594 ]
[11.11567208 -2.75107629]
[11.04731564 -2.68546408]
[11.01687951 -2.60510692]
[11.02223494 -2.50925177]
[11.05304274 -2.39672907]
[11.10673149 -2.26742547]
[11.23800872 -2.11217656]
[11.25685229 -1.96096779]
[11.25878109 -1.81309238]
[11.24251917 -1.67517916]
[11.19266325 -1.55768664]
[11.10105702 -1.46787924]
[10.97900383 -1.40735775]
[10.81772372 -1.37798749]
[10.62521903 -1.37670929]
[10.40995636 -1.39896937]
[10.17991946 -1.4370062 ]
[ 9.94651437 -1.49272379]
[ 9.71464202 -1.56186269]
[ 9.49338055 -1.64605257]
[ 9.27927137 -1.71337007]
[ 9.09142344 -1.7782236 ]
[ 8.96042745 -1.85457551]
[ 8.82613427 -1.88127745]
[ 8.73103229 -1.88096106]
[ 8.68246321 -1.86329086]
[ 8.68902857 -1.83293664]
[ 8.75051967 -1.78962607]
[ 8.84081911 -1.73361346]
[ 8.98885588 -1.66755811]
[ 9.18519344 -1.5902232 ]
[ 9.41602314 -1.50153964]
[ 9.70302485 -1.3970383 ]
[10.03104273 -1.27435489]
[10.39512608 -1.13014316]
[10.78797139 -0.9617421 ]
[11.21602685 -0.76268788]
[11.60179079 -0.56151116]
[11.98327518 -0.34718883]
[12.36028174 -0.12013156]
[12.68494462  0.09318796]
[12.96630901  0.29961787]
[13.15838158  0.47445438]
[13.26076087  0.6303181 ]
[13.24507839  0.77358288]
[13.07126137  0.88566034]
[12.73003078  0.99412124]
[12.24498763  1.08216223]
[11.61617472  1.19197116]
[10.91942847  1.30036625]
[10.14490462  1.44450932]
[9.34821305 1.61436989]
[8.57682013 1.79965698]
[7.89838934 1.96587441]
[7.31312429 2.11389004]
[6.84082497 2.22223332]
[6.48957011 2.27040948]
[6.2566131  2.24227322]
[6.13058132 2.12869065]
[6.09419459 1.92895188]
[6.13317166 1.64161933]
[6.29293248 1.17925781]
[6.43032168 0.7079377 ]
[6.54121191 0.25027541]
[ 6.62215216 -0.1886048 ]
[ 6.64534085 -0.54545618]
[ 6.61948256 -0.82765187]
[ 6.55120322 -1.04406814]
[ 6.44429008 -1.20724258]
[ 6.3010566  -1.30397883]
[ 6.129884   -1.33819235]
[ 5.94384161 -1.31025144]
[ 5.6558518  -1.20138488]
[ 5.41993804 -1.06086406]
[ 5.24559887 -0.89860919]
[ 5.15328407 -0.73521192]
[ 5.15561805 -0.58222496]
[ 5.32843058 -0.45370801]
[ 5.68496118 -0.39255115]
[ 6.14247552 -0.40575553]
[ 6.65254679 -0.47955374]
[ 7.89952665 -0.85407642]
[ 8.51172669 -1.04819271]
[ 9.11406326 -1.26351988]
[ 9.73884488 -1.50840931]
[10.31133418 -1.74623492]
[10.86563546 -1.98723519]
[11.35765456 -2.20774158]
[11.75520556 -2.39011486]
[12.10247271 -2.56130176]
[12.33960882 -2.69160873]
[12.49666308 -2.79835317]
[12.56383034 -2.87954259]
[12.5306541 -2.9327482]
[12.38725904 -2.95557135]
[12.12563997 -2.94597405]
[11.70711752 -2.87003643]
[11.19863492 -2.77822527]
[10.61575366 -2.67407637]
[ 9.93259608 -2.55518302]
[ 9.20415035 -2.43029202]
[ 8.40431649 -2.29811472]
[ 7.58062522 -2.16834202]
[ 6.7869843  -2.05122098]
[ 6.00181675 -1.95080627]
[ 5.27956098 -1.87923489]
[ 4.64500831 -1.84511539]
[ 4.11705646 -1.85515247]
[ 3.71580822 -1.90758485]
[ 3.4250135 -2.01261  ]
[ 3.18383847 -2.21436135]
[ 3.07722652 -2.42694798]
[ 3.09894256 -2.66709069]
[ 3.24705027 -2.93027368]
[ 3.53121366 -3.2246482 ]
[ 3.90304271 -3.51411055]
[ 4.35929709 -3.8051629 ]
[ 4.8790963  -4.09032153]
[ 5.44034869 -4.3630131 ]
[ 6.02082287 -4.61801527]
[ 6.59894377 -4.85164174]
[ 7.16915564 -5.08342844]
[ 7.68100512 -5.29414948]
[ 8.12766488 -5.48721839]
[ 8.54927165 -5.68486733]
[ 8.94692343 -5.89412378]
[ 9.22005258 -6.06839637]
[ 9.39493247 -6.21708219]
[ 9.49253747 -6.35234593]
[ 9.48519094 -6.45374722]
[ 9.38189332 -6.5281062 ]
[ 9.17144502 -6.5628453 ]
[ 8.85629273 -6.55583252]
[ 8.46636061 -6.50677071]
[ 7.9831952  -6.41423006]
[ 7.44507765 -6.28255611]
[ 6.85098916 -6.10977131]
[ 6.19163794 -5.88733656]
[ 5.52802544 -5.6335291 ]
[ 4.83078257 -5.33057633]
[ 4.16698321 -5.00526423]
[ 3.50597832 -4.63459103]
[ 2.91155003 -4.25233563]
[ 2.3541164  -3.83109424]
[ 1.88527004 -3.40996788]
[ 1.49140488 -2.97722573]
[ 1.21646405 -2.57203723]
[ 1.0715982  -2.20843337]
[ 1.05198029 -1.85488353]
[ 1.18300019 -1.5149329 ]
[ 1.44184698 -1.23302151]
[ 1.82276951 -1.00864713]
[ 2.30402308 -0.85375596]
[ 2.89043079 -0.77719461]
[ 3.52194456 -0.79204401]
[ 4.13212483 -0.89135036]
[ 4.75815944 -1.08390252]
[ 5.30977736 -1.34235587]
[ 5.82594308 -1.68139556]
[ 6.23588166 -2.05416115]
[ 6.61385574 -2.52332415]
[ 6.89089106 -2.98718826]
[ 7.11945582 -3.48509344]
[ 7.30634089 -4.01239117]
[ 7.45796877 -4.56345371]
[ 7.58035315 -5.13175969]
[ 7.67911173 -5.71003212]
[ 7.75950848 -6.29043889]
[ 7.8264986 -6.864848 ]
[ 7.8901196  -7.45495553]
[ 7.9437221  -7.99126414]
[ 7.99715271 -8.49789026]
[ 8.05395404 -8.96830252]
[ 8.11709605 -9.39687539]
[ 8.18885254 -9.77898301]
[  8.27069108 -10.11104499]
[  8.36319374 -10.39053623]
[  8.46602203 -10.61597157]
[  8.57793339 -10.78687342]
[  8.69685018 -10.90372658]
[  8.81997589 -10.96792169]
[  9.83958459 -11.83241516]
[ 10.71507059 -12.49109054]
[ 11.54004797 -13.03624505]
[ 12.3187389  -13.48127778]
[ 13.01204819 -13.80677479]
[ 13.62464259 -14.03391842]
[ 14.21717465 -14.20044303]
[ 14.75166914 -14.29654299]
[ 15.20132864 -14.32592696]
[ 15.64617391 -14.30998726]
[ 16.07517787 -14.24198817]
[ 16.34902419 -14.10544336]
[ 16.4925586  -13.92711445]
[ 16.5340723  -13.72053737]
[ 16.48109317 -13.50409374]
[ 16.34250017 -13.27797583]
[ 16.13149498 -13.05747115]
[ 15.82073936 -12.84271163]
[ 15.50290713 -12.65285026]
[ 15.12807808 -12.47944121]
[ 14.73274691 -12.3279916 ]
[ 14.29300244 -12.19803921]
[ 14.39170753 -13.22237528]
[ 14.42282145 -14.02042385]
[ 14.41369922 -14.74268767]
[ 14.35808561 -15.33835866]
[ 14.25808155 -15.7855054 ]
[ 14.11685772 -16.12329098]
[ 13.92794835 -16.36576643]
[ 13.69913536 -16.48869959]
[ 13.42595601 -16.51272883]
[ 13.09380894 -16.43491153]
[ 12.70849231 -16.25444838]
[ 12.28718021 -15.99227581]
[ 11.79774716 -15.62050725]
[ 11.29108815 -15.18144854]
[ 10.75926246 -14.65783259]
[ 10.18687921 -14.01250725]
[  9.63744656 -13.31721726]
[  9.06611624 -12.49230814]
[  8.42606022 -11.42026167]
[  7.77496332 -10.18113018]
[ 7.16188801 -8.90253594]
[ 6.5778636  -7.61528974]
[ 5.98503708 -6.28347511]
[ 5.40184355 -5.00153716]
[ 4.82409165 -3.79578117]
[ 4.61824007 -4.9429789 ]
[ 4.4797828  -5.90823895]
[ 4.41086149 -6.76125753]
[ 4.41831015 -7.55771079]
[ 4.5133053  -8.29653601]
[ 4.70361485 -8.97757872]
[ 4.99348559 -9.60167074]
[  5.38363831 -10.17066337]
[  5.87137182 -10.68740575]
[  6.49022568 -11.18248353]
[  7.20129246 -11.62835124]
[  7.94186118 -12.00955529]
[  8.73911444 -12.35786319]
[  9.57827044 -12.6785683 ]
[ 10.44379577 -12.97657503]
[ 11.32000192 -13.25608829]
[ 12.191605   -13.52034092]
[ 13.04421678 -13.77138002]
[ 13.86474207 -14.0099258 ]
[ 14.6926056  -14.24768179]
[ 15.41186447 -14.45699866]
[ 16.06943018 -14.64748395]
