Person 91
Starting Actual Velocity = [1.08079806 0.89121009]
[18.79797831 12.84485666]
[17.4054851  14.13136696]
[16.38400674 14.64979635]
[15.73771607 14.90323983]
[15.32161369 15.04706081]
[15.03989505 15.14059293]
[14.83779271 15.20811063]
[14.69163086 15.25797659]
[14.57469845 15.29975491]
[14.06197061 15.46041889]
[13.88593488 15.51893332]
[13.83058598 15.54466368]
[13.8116744  15.56022756]
[13.81136302 15.57175335]
[13.83161865 15.58045892]
[13.82389106 15.59362477]
[13.85671136 15.60237797]
[14.0121272  15.59607716]
[13.88143821 15.63130445]
[13.82959039 15.65493381]
[13.8691744  15.67120835]
[13.81248536 15.6964985 ]
[13.78144109 15.72019739]
[13.76082272 15.74440892]
[13.74543817 15.77020194]
[13.79850168 15.79976601]
[13.78565201 15.83609496]
[13.73060752 15.87401749]
[13.69183799 15.91421136]
[13.66072255 15.95741718]
[13.63673233 16.00485463]
[13.61449424 16.05685712]
[13.59201031 16.11366923]
[13.568673   16.17543859]
[13.54448086 16.24220704]
[13.51437255 16.31182142]
[13.48783607 16.38650496]
[13.46050952 16.46430015]
[13.50582231 16.57917536]
[13.45836601 16.66491808]
[13.40587827 16.74326206]
[13.36891044 16.82355417]
[13.40056599 16.94585324]
[13.35368307 17.01371206]
[13.30050734 17.05579009]
[13.27768063 17.11675513]
[13.26995271 17.18334721]
[13.2705438  17.24980796]
[13.28267492 17.32029702]
[13.29808665 17.38712359]
[13.3195953  17.45363204]
[13.32094693 17.48917964]
[13.33412979 17.53039122]
[13.35322485 17.57123984]
[13.38247496 17.61824904]
[13.38708544 17.62590924]
[13.40817532 17.64994307]
[13.42092601 17.65686616]
[13.430901   17.65536869]
[13.43179859 17.63718718]
[13.42974828 17.61276454]
[13.41318675 17.56550324]
[13.39619246 17.51805541]
[13.46756983 17.60472376]
[13.27885715 17.277755  ]
[13.03276901 16.86189922]
[12.75547226 16.38987641]
[12.485822   15.90370829]
[12.10462461 15.20254674]
[11.65816169 14.38453411]
[11.26219654 13.66149085]
[10.94281527 13.08138551]
[10.6844703  12.60788206]
[10.38130563 12.08206295]
[ 9.79336115 11.25366419]
[8.66765096 9.85290217]
[7.58409399 8.60762887]
[7.16843315 8.02457944]
[7.6196947  8.08532854]
[8.60927708 8.33979457]
[9.54773501 8.19176469]
[10.05321543  7.25665641]
[10.46595798  6.0613131 ]
[11.72482032  5.91110886]
[13.27824977  6.98219617]
[13.97545672  8.54589577]
[13.65357183  9.92888238]
[12.19097201  9.94641554]
[10.38117251  8.70634701]
[8.65309738 6.62533089]
[7.03032582 3.8842641 ]
[5.2532499  0.62088992]
[ 1.9519898  -3.22870616]
[-4.87817554 -2.52716348]
[3.153127 5.201649]
[11.42737839 10.23369966]
[14.16227715 11.3843568 ]
[11.61015595 10.39899812]
[5.64356952 9.65417159]
[ 5.15583415 10.36090799]
[ 5.97013643 11.68449295]
[ 8.75886856 14.64729609]
[12.40796627 17.1860124 ]
[18.67870505 19.98215531]
[23.41021818 18.57418329]
[26.47422339 16.99005348]
[26.38416964 16.43066273]
[21.59238354 16.22208856]
[15.22790994 14.7483766 ]
[11.93343636 11.63523488]
[10.98624761  9.41074045]
[10.56248965  7.31320638]
