Person 91
Starting Actual Velocity = [ 0.86888071 -0.82224458]
[ 13.6879571  -12.93660274]
[ 14.28359656 -13.45693525]
[ 14.43203572 -13.53091435]
[ 14.48079047 -13.47244806]
[ 14.49727065 -13.33414261]
[ 14.51054579 -13.12197195]
[ 14.53585093 -12.82146056]
[ 14.59240182 -12.40018759]
[ 14.66769048 -11.83384999]
[ 15.44959947 -11.74943244]
[ 15.71405137 -11.26394511]
[ 15.48697594 -10.6019209 ]
[14.49913356 -9.9968653 ]
[12.94187127 -9.39193212]
[11.58867345 -8.63398408]
[11.03274203 -8.15481513]
[11.26676265 -7.77904841]
[11.70202358 -7.49764757]
