Person 91
Starting Actual Velocity = [ 0.83901972 -0.82621321]
[ 12.89741876 -13.23501522]
[ 13.47473949 -13.81345701]
[ 13.60703715 -13.97852224]
[ 13.62685841 -14.05617572]
[ 13.61795927 -14.09589379]
[ 13.60292438 -14.12061842]
[ 13.58787519 -14.13759809]
[ 13.57149139 -14.15194453]
[ 13.55776398 -14.16126479]
[ 13.5411575  -14.17087534]
[ 13.5348035  -14.16943003]
[ 13.5242003  -14.16995307]
[ 13.516319   -14.16636404]
[ 13.50687741 -14.16241411]
[ 13.49087238 -14.16218045]
[ 13.48694578 -14.14952515]
[ 13.46560939 -14.15029426]
[ 13.39626407 -14.19345047]
[ 13.43477633 -14.12960987]
[ 13.44279995 -14.09665661]
[ 13.40999416 -14.10178307]
[ 13.41787944 -14.06642033]
[ 13.41342395 -14.04365173]
[ 13.40259039 -14.02722392]
[ 13.38718299 -14.01520587]
[ 13.33519263 -14.04119472]
[ 13.30909146 -14.03668075]
[ 13.30127341 -14.01140756]
[ 13.28414829 -13.99792362]
[ 13.26134481 -13.99184384]
[ 13.23261351 -13.99355444]
[ 13.20055711 -13.99991524]
[ 13.16628694 -14.00967203]
[ 13.13034229 -14.02231466]
[ 13.0930505 -14.0376125]
[ 13.05755453 -14.05097546]
[ 13.01961429 -14.06933962]
[ 12.98182011 -14.08861507]
[ 12.91178661 -14.16848154]
[ 12.87855138 -14.17801115]
[ 12.85055084 -14.17984531]
[ 12.81919253 -14.19128667]
[ 12.76387147 -14.25920742]
[ 12.73812081 -14.25828778]
[ 12.70916887 -14.26889085]
[ 12.67767302 -14.28905401]
[ 12.6458546  -14.31291577]
[ 12.61472156 -14.33776395]
[ 12.58308083 -14.36752341]
[ 12.55298185 -14.39579897]
[ 12.5238501  -14.42490736]
[ 12.50088301 -14.43487784]
[ 12.47788967 -14.45046807]
[ 12.45600031 -14.46709812]
[ 12.43485609 -14.48757898]
[ 12.41912124 -14.48767487]
[ 12.4038938  -14.49647461]
[ 12.39206805 -14.49713288]
[ 12.38332977 -14.49404288]
[ 12.37839174 -14.48401027]
[ 12.37728819 -14.47217964]
[ 12.38117222 -14.45314136]
[ 12.3909249  -14.43748528]
[ 12.41146448 -14.46911689]
[ 12.44345715 -14.38124833]
[ 12.48426247 -14.28146948]
[ 12.53679556 -14.18471274]
[ 12.61105313 -14.10103932]
[ 12.70474195 -13.96457565]
[ 12.81420701 -13.7781112 ]
[ 12.94253232 -13.56539934]
[ 13.08944279 -13.32167539]
[ 13.25544177 -13.04077493]
[ 13.44118993 -12.71791921]
[ 13.65245513 -12.3571039 ]
[ 13.85958308 -11.95189005]
[ 14.06290186 -11.53578005]
[ 14.23895849 -11.08638062]
[ 14.34835216 -10.56077415]
[14.3418496  -9.94531124]
[14.15506587 -9.27567966]
[13.75939592 -8.65153197]
[13.22242913 -8.1433958 ]
[12.62991207 -7.79693532]
[12.03539795 -7.55741906]
[11.57744139 -7.45244169]
[11.40713144 -7.60722583]
[11.44597932 -7.78624494]
[11.5004962  -7.83445084]
[11.36285511 -7.63328351]
[10.74963454 -7.00573066]
[ 9.28298339 -5.73738814]
[ 6.77082146 -3.82399259]
[ 5.01980437 -2.32444916]
[ 5.01977931 -1.62102635]
[ 5.85338829 -1.25777304]
[ 6.86042887 -0.93055808]
[ 7.70088505 -0.59441205]
[ 8.74632109 -0.56347883]
[ 9.44514606 -0.96036017]
[ 9.12444009 -0.84301351]
[ 8.35060819 -0.24791821]
[7.3371879  1.11019425]
[6.27432495 2.91129415]
[5.34476338 5.22461897]
[4.84512804 7.64815532]
[5.08912469 9.13733723]
[6.11173116 7.7377827 ]
[6.78574414 5.0604128 ]
[6.81729368 2.43567419]
[6.40526623 0.1162261 ]
[ 5.90490576 -1.2268361 ]
[ 5.03515361 -1.94022063]
[ 3.96422775 -2.05885781]
[ 2.80751571 -1.68645632]
[ 1.58402881 -0.94986907]
[ 0.40975003 -0.19273973]
[-0.5146319   0.02001421]
[-0.9958869 -0.8227867]
[-1.08191479 -2.09295416]
[-0.86053779 -3.11386149]
[-0.48898856 -3.29639781]
[-0.15039104 -2.49931559]
[ 0.14955193 -1.08231098]
[0.46211202 0.11121704]
[0.82430051 0.41552431]
[ 1.24985794 -0.22693493]
[ 1.79281597 -1.8612337 ]
[ 2.28132117 -3.62124959]
[ 2.992326   -6.15065917]
[ 3.54853309 -6.61247408]
[ 3.9064246  -6.27699808]
[ 4.14852952 -5.76183491]
[ 4.26327786 -5.27931392]
[ 4.26887409 -4.9255631 ]
[ 4.21556071 -4.68167083]
[ 4.20459685 -4.4262284 ]
[ 4.2942016  -3.56989162]
[ 4.33749056 -2.25099299]
[ 4.05604499 -0.51686373]
[3.1925525 0.840361 ]
[1.84287667 1.74341142]
[0.31418645 2.07247885]
[-1.03486454  1.74011416]
[-1.96041272  0.70953965]
[-2.2820619  -0.98471909]
[-1.93567005 -3.13822797]
[-1.15133937 -5.42635097]
[-0.25014565 -7.6739419 ]
[ 0.46747062 -9.70387949]
[  0.82881397 -11.38885614]
[  0.81604924 -12.62665193]
[  0.53227433 -13.30495316]
[  0.1407565  -13.36283329]
[ -0.18766343 -12.88353074]
[ -0.29622829 -12.27086497]
[ -0.08380406 -11.70646145]
[  0.456184   -11.16339433]
[  1.23226716 -10.48584782]
[ 2.05440291 -9.5639062 ]
[ 2.38234125 -7.63875072]
[ 1.91608022 -6.27859006]
[ 1.09797747 -5.3911723 ]
[ 0.08145749 -4.98089431]
[-0.89585245 -5.43432459]
[-1.7231024  -5.83249626]
[-2.2340959  -6.05113932]
[-2.30554065 -5.82426853]
[-1.88714208 -4.79644141]
[-1.176792  -2.8139316]
[-0.42658403 -0.52414512]
[0.32417897 0.83867236]
[1.21644524 1.00910705]
[2.2336654  0.17743672]
[ 3.12381697 -1.07427396]
[ 3.64066883 -2.20279006]
[ 3.74444241 -2.97956341]
[ 3.49857056 -3.35490674]
[ 3.06764153 -3.67587904]
[ 2.54531884 -4.49905754]
[ 2.05748363 -5.90149421]
[ 1.64556202 -8.57152004]
[  1.77189462 -11.22887726]
[  2.30625986 -12.76375029]
[  3.15536572 -14.34943381]
[  3.79014277 -14.29190786]
[  4.2878988  -13.01909424]
[  4.4765736  -10.83764828]
[ 4.19163866 -8.18778645]
[ 3.30363249 -5.51299264]
[ 2.02816493 -4.17840837]
[ 0.49407203 -3.25791994]
[-0.98344829 -2.63205998]
[-1.42679949 -2.33993394]
[-1.08150631 -2.08637568]
[-0.37457943 -1.96658667]
[ 0.14495258 -1.94549452]
[ 0.19263158 -2.10941994]
[-0.2528517 -2.4874616]
[-1.08579161 -3.06150396]
[-2.06504422 -3.7183525 ]
[-2.9660446  -4.33069255]
[-3.60807146 -4.78258164]
[-3.9144913  -5.04983455]
[-3.78093524 -5.61827545]
[-3.77087459 -6.50785322]
[-3.8122545  -7.74324852]
[-3.77780799 -9.21099189]
[ -3.51516304 -10.68515734]
[ -2.92879915 -11.9562395 ]
[ -1.93926362 -12.96258734]
[ -0.68252824 -13.61994609]
[  1.58047967 -17.21497694]
[  3.61999973 -19.82703994]
[  5.03299544 -21.53981019]
[  5.78137827 -22.60012475]
[  5.74156327 -22.9838938 ]
[  5.27537377 -22.59397356]
[  5.21391653 -21.44378017]
[  5.90168696 -19.46682369]
[  7.48767147 -16.2513374 ]
[ 10.05409455 -16.68751929]
[ 12.79343412 -16.54583294]
[ 15.6373455  -15.97890861]
[ 18.57624337 -15.05905511]
[ 21.41454148 -13.89728952]
