Person 91
Starting Actual Velocity = [ 0.82366837 -0.44045199]
[17.0502047  -5.62775757]
[17.85477267 -5.81648998]
[18.20327339 -5.81235473]
[18.46634908 -5.76673956]
[18.62958031 -5.72302933]
[18.7391658  -5.68664798]
[18.81726724 -5.657028  ]
[18.88679901 -5.63196134]
[18.9379269  -5.61149253]
[18.99441528 -5.59402305]
[19.01148122 -5.58030977]
[19.04073121 -5.56889128]
[19.05933923 -5.55972527]
[19.08043481 -5.5526985 ]
[19.11639962 -5.54826586]
[19.11721487 -5.54458861]
[19.15688765 -5.54524416]
[19.29683914 -5.56062273]
[19.19213734 -5.55328813]
[19.15281492 -5.55646801]
[19.18555113 -5.57052736]
[19.14404654 -5.57913867]
[19.12165098 -5.59189066]
[19.10662531 -5.60748745]
[19.09494337 -5.62552001]
[19.12479194 -5.65146421]
[19.1134607  -5.67578215]
[19.07796043 -5.6991932 ]
[19.0512773  -5.72502644]
[19.02834122 -5.75271197]
[19.00852115 -5.78207817]
[18.98890657 -5.81267655]
[18.96846919 -5.84412686]
[18.94690801 -5.87604567]
[18.92421027 -5.90802115]
[18.89853463 -5.93968591]
[18.87349623 -5.97034932]
[18.84747795 -5.99977131]
[18.84301465 -6.02098719]
[18.80831543 -6.04884839]
[18.77204314 -6.07492632]
[18.74398626 -6.09013583]
[18.73817044 -6.0822088 ]
[18.7104738  -6.08702087]
[18.6885778 -6.0842908]
[18.67075273 -6.07472185]
[18.65467738 -6.05987474]
[18.6393906  -6.04015125]
[18.62596156 -6.01287539]
[18.61251428 -5.97977494]
[18.59979506 -5.9385494 ]
[18.58230383 -5.90048866]
[18.56740789 -5.85116941]
[18.55360844 -5.79201101]
[18.54150956 -5.71923491]
[18.5239254  -5.65241484]
[18.50934494 -5.56776096]
[18.49239836 -5.47947459]
[18.47398197 -5.38417052]
[18.45312817 -5.28672428]
[18.43122292 -5.18132846]
[18.4064629  -5.07337841]
[18.38235643 -4.94638364]
[18.37688362 -4.72624262]
[18.32212758 -4.64610278]
[18.26596983 -4.57361307]
[18.21630084 -4.47579179]
[18.18318177 -4.30876852]
[18.13661066 -4.16756101]
[18.07614052 -4.06222936]
[18.01629007 -3.95415479]
[17.95863375 -3.83887329]
[17.90550638 -3.70904153]
[17.85849549 -3.55909743]
[17.82480317 -3.36966595]
[17.76982452 -3.22045512]
[17.72085437 -3.05674074]
[17.67557998 -2.88335899]
[17.63018138 -2.70922179]
[17.58257779 -2.54121135]
[17.53667764 -2.37651864]
[17.49741266 -2.21133514]
[17.44721399 -2.07083494]
[17.4057529  -1.93561831]
[17.37037837 -1.81352586]
[17.33671543 -1.71362516]
[17.32984812 -1.63102284]
[17.30691055 -1.58545504]
[17.27120113 -1.57250825]
[17.2361787  -1.58999351]
[17.20835638 -1.63927086]
[17.19092602 -1.7245264 ]
[17.20251708 -1.87816357]
[17.25504102 -2.15076036]
[17.17114224 -2.2062241 ]
[17.09481604 -2.3107048 ]
[17.02861952 -2.4833355 ]
[16.94996087 -2.67244343]
[16.92977955 -3.12234028]
[16.87429318 -3.62582729]
[16.58249143 -3.46349855]
[16.32630843 -3.42219123]
[16.10404687 -3.48793007]
[15.89840245 -3.59948564]
[15.69471321 -3.7065906 ]
[15.49170892 -3.79808105]
[15.31196062 -3.92872007]
[15.13963977 -4.04731815]
[14.98325777 -4.16251017]
[14.85059264 -4.28094907]
[14.76751681 -4.44635483]
[14.69243791 -4.5686702 ]
[14.61874912 -4.63072958]
[14.60778292 -4.72453506]
[14.61746614 -4.7733027 ]
[14.62941665 -4.7470063 ]
[14.7140826  -4.72598468]
[14.85452109 -4.67656921]
[14.96951159 -4.51738456]
[15.01972417 -4.24076833]
[15.06102828 -3.92687242]
[15.15431554 -3.6427431 ]
[15.25398468 -3.36785239]
[15.32374587 -3.08491392]
[15.10416749 -2.05062772]
[14.93779262 -1.40821938]
[14.78232159 -1.07025259]
[14.69180307 -0.99875741]
[14.76813721 -1.24763629]
[14.53030758 -1.46564299]
[16.0131787 -3.1810956]
[15.06872657 -3.16161457]
[13.6191034  -2.59874952]
[12.53674601 -2.14787394]
[11.83166191 -1.85657468]
[11.47969124 -1.754019  ]
[11.49951909 -2.07852671]
[11.99287139 -2.5946309 ]
[11.95106454 -2.69846736]
[11.96805653 -2.71524862]
[12.40129261 -2.7466004 ]
[12.55156445 -2.56079657]
[12.65590207 -2.25800604]
[12.53825819 -1.81841765]
[12.15779822 -1.21782919]
[11.55738508 -0.51502188]
[10.98986005  0.18140554]
[10.69514492  0.66892166]
[10.74587821  0.80606186]
[11.17202116  0.56809328]
[11.82560665  0.03290567]
[12.49986913 -0.65400293]
[13.00571853 -1.33450653]
[13.20634844 -1.87157844]
[13.11037482 -2.18577491]
[12.85286312 -2.2729558 ]
[12.57126106 -2.12190297]
[12.43457698 -1.73771875]
[12.53636715 -1.16037067]
[12.96157247 -0.45565949]
[13.71108724  0.29477134]
[17.85798244  1.90884972]
[17.22629425  1.43127806]
[16.3452644   0.95232315]
[15.35098045  0.70414119]
[14.45634106  0.88409899]
[13.87016674  1.31000285]
[13.67796386  1.68475498]
[13.86772674  1.73614001]
[14.2579447   1.31771621]
[14.77682725  0.53084742]
[15.27875144 -0.40633387]
[15.72260058 -1.37913326]
[16.24541365 -2.39501181]
[16.62745383 -3.29969366]
[16.53400514 -3.89469532]
[15.6377609  -4.04644676]
[13.61599258 -3.66515052]
[10.44463895 -2.72638372]
[ 6.8916039  -1.37370732]
[3.95901914 1.01171052]
[2.89571355 3.90670157]
[5.07825639 7.20276458]
[8.95727431 7.46420218]
[11.67535231  4.79123852]
[15.13236618 -0.19736124]
[15.76055213 -3.88732835]
[14.62341747 -6.71796619]
[12.29687366 -8.4697144 ]
[ 9.45194094 -9.33226291]
[ 6.81594959 -9.5836665 ]
[  7.61169133 -11.75981224]
[  8.73709749 -12.03881258]
[  9.78901014 -10.52998015]
[10.26221532 -8.49262222]
[ 9.64271745 -6.92236753]
[ 9.22762478 -7.5126527 ]
[ 8.40818011 -8.49935797]
[ 7.440445   -9.41279412]
[ 6.46012426 -9.92767651]
[ 5.44011402 -9.8352377 ]
[ 4.35327573 -9.00116541]
[ 3.02471593 -7.87007382]
[ 1.58030592 -7.28577464]
[ 0.61056779 -8.07017603]
[  6.98269962 -17.50351719]
[ 12.50750932 -21.96430533]
[ 18.00470853 -23.80091085]
[ 23.23115432 -23.23127578]
[ 27.72704511 -20.5188389 ]
[ 31.1392977  -16.33409427]
[ 33.40351267 -11.36008739]
[33.91586375 -6.7735343 ]
