Person 91
Starting Actual Velocity = [1.04485309 0.72375591]
[16.43153841 11.38264007]
[17.11894121 11.93850865]
[17.26282261 12.12438041]
[17.27868171 12.22841095]
[17.25406057 12.30504812]
[17.2181665  12.37368479]
[17.17888913 12.44009268]
[17.1370466  12.50737471]
[17.09266235 12.575624  ]
[17.04183876 12.6477144 ]
[16.98339724 12.72013204]
[16.90510527 12.7983606 ]
[16.79251393 12.88337263]
[16.6142498  12.98095833]
[16.30474932 13.10139218]
[15.78992121 13.23888073]
[14.88111222 13.39940697]
[13.17145284 13.55184713]
[11.75962259 13.64626477]
[10.50012656 13.85938967]
[ 9.44367913 14.20634296]
[ 8.72758641 14.37282467]
[ 8.34306952 14.40975892]
[ 7.98972278 13.57047959]
[ 8.10654061 11.83794031]
[8.63725679 9.75816511]
[9.02722575 8.66179606]
[8.85901464 9.02320036]
[14.14871099 13.86965079]
[17.77851857 14.22356953]
[22.23522439 11.89484689]
[26.55848724  8.24708717]
[29.43569374  4.57679062]
[30.21371261 -0.37211493]
