Person 91
Starting Actual Velocity = [ 1.2458531  -0.47580042]
[ 20.83530718 -10.17826867]
[20.95479081 -8.96320002]
[20.73564636 -8.14674589]
[20.5470999 -7.6370252]
[20.39302139 -7.27588727]
[20.2714497 -7.0055134]
[20.17336671 -6.79281032]
[20.09745837 -6.62883804]
[20.02998161 -6.48680068]
[19.98047136 -6.38069641]
[19.91579631 -6.25507674]
[19.86993604 -6.16458411]
[19.82440917 -6.07853681]
[19.78864298 -6.01060932]
[19.7737648 -5.9758598]
[19.73234626 -5.90283173]
[19.73884143 -5.89996716]
[19.88904884 -6.10098054]
[19.7237367 -5.8431818]
[19.64996176 -5.72438831]
[19.67876794 -5.7502933 ]
[19.58609165 -5.62906174]
[19.49974395 -5.5393816 ]
[19.37812922 -5.44116516]
[19.1621367  -5.30692167]
[18.78263558 -5.17755097]
[17.89617225 -4.85891903]
[16.64768239 -4.5454898 ]
[15.32379894 -4.47939206]
[14.81499651 -4.86546127]
[15.00038196 -5.45267403]
[15.64452135 -5.87302748]
[16.47788653 -5.67205234]
[17.00195799 -4.3911207 ]
[16.7040653 -1.6682782]
[15.7011861   2.14094672]
[14.87370689  5.30958977]
[14.82377085  7.04868083]
[16.06905296  7.99225043]
[17.41761933  8.40519478]
[18.10151178  9.20302441]
[22.51296253  6.12965379]
[19.77350199  5.18743125]
[14.32355525  3.36248898]
[15.2844492  -7.76928392]
[ 12.61414203 -11.70045781]
[ 10.70957809 -10.87160837]
[11.98267958 -6.04530225]
[12.77146844 -0.02708811]
[10.15070218  4.53368038]
[ 6.98371593 -2.28853703]
