Person 91
Starting Actual Velocity = [1.16685436 0.29006361]
[18.42395681  4.5555162 ]
[19.21472141  4.75702494]
[19.41121706  4.80851821]
[19.47492491  4.82522651]
[19.49342303  4.83068793]
[19.49861906  4.83284583]
[19.49979454  4.83400145]
[19.50065261  4.83479372]
[19.50076912  4.83550498]
[19.50225138  4.83611515]
[19.50066774  4.83686384]
[19.50087882  4.83751605]
[19.50045677  4.83818909]
[19.50074176  4.83883147]
[19.503271    4.83941192]
[19.50189194  4.84012968]
[19.50604344  4.84070379]
[19.52773364  4.84088409]
[19.51084947  4.84219867]
[19.50463802  4.84309351]
[19.51029055  4.84375519]
[19.50400907  4.84451398]
[19.50105571  4.84515036]
[19.49949328  4.84570634]
[19.49870081  4.84619712]
[19.50622179  4.84666408]
[19.50651549  4.84707987]
[19.50223372  4.84734558]
[19.4999329   4.84745498]
[19.49861338  4.84737118]
[19.49823492  4.84704167]
[19.49823719  4.84638186]
[19.49842306  4.8452759 ]
[19.4987357   4.84356428]
[19.49917707  4.8410278 ]
[19.49919883  4.83742875]
[19.49978842  4.832339  ]
[19.50051416  4.82528909]
[19.50908039  4.81337701]
[19.50906404  4.79853643]
[19.50893953  4.77930513]
[19.51085069  4.75356118]
[19.52040496  4.71208692]
[19.52418877  4.66520229]
[19.53138543  4.60349911]
[19.5422549   4.52234676]
[19.55681965  4.41749681]
[19.57542185  4.28419051]
[19.59890059  4.11371129]
[19.62703186  3.90297768]
[19.65950141  3.6460695 ]
[19.6909595   3.39286015]
[19.71907066  3.13020749]
[19.71684046  2.85844211]
[19.71949086  2.5723271 ]
[19.72158706  2.30358518]
[19.70674692  2.01660578]
[19.67060316  1.73767387]
[19.60102674  1.46758109]
[19.49025711  1.21939693]
[19.32806533  0.99442189]
[19.11306648  0.81061299]
[18.826998    0.66593116]
[18.37802687  0.55537505]
[17.88352041  0.58576046]
[17.24384097  0.67903924]
[16.35399744  0.84868677]
[14.97292993  1.14909336]
[13.04674105  1.5042816 ]
[10.74722362  1.79295929]
[8.4118557  1.95997268]
[6.66484538 1.88864985]
[5.49838901 1.43234062]
[4.55823361 0.61731232]
[ 4.0861154  -0.07063924]
[ 4.79726877 -0.19144054]
[6.34132056 0.05135435]
[7.96212051 0.32287772]
[9.16666067 0.56769905]
[9.84768697 0.978814  ]
[10.22317683  1.69686521]
[10.48138702  2.68603892]
[10.46046755  3.69478987]
[10.09057111  4.57520825]
[9.33248727 5.10998327]
[8.51416576 5.16251886]
[8.57149413 4.821158  ]
[9.0200288  4.29814071]
[9.22695284 4.01363145]
[8.9680501  4.08141546]
[8.35897276 4.39336049]
[7.37041487 4.69717074]
[6.69592573 4.81084698]
[8.16535008 4.15865816]
[9.40980393 2.665859  ]
[7.85443556 2.50089204]
[7.81112343 3.98292996]
[9.7514693  5.43858713]
[15.96795665  6.98217017]
[21.23952068  9.8044014 ]
[18.29606136 10.78214282]
[14.60688693 10.40029738]
[10.85997367  9.50708299]
[7.63313489 9.23588721]
[ 9.73907136 10.29662693]
[ 9.4513763  11.15551939]
[ 9.90278492 10.60962142]
[13.31760621 12.24092779]
[17.22534549 13.53747088]
[19.53405156 14.09561229]
[25.3336663  19.00936406]
[28.35495182 21.19913978]
[38.65265293  7.59225314]
[41.66791845 -2.66411762]
[37.98288733 -9.8361509 ]
