Person 91
Starting Actual Velocity = [ 0.86889147 -0.47521459]
[15.66065271 -7.87317822]
[16.34898398 -8.18547075]
[16.60730384 -8.24668407]
[16.79609918 -8.24931961]
[16.92317863 -8.22892085]
[17.01836105 -8.20095795]
[17.09365409 -8.17084738]
[17.16246275 -8.14062078]
[17.21739609 -8.11123723]
[17.27312181 -8.08336148]
[17.30181905 -8.05725742]
[17.33521465 -8.03412539]
[17.3598891  -8.01331255]
[17.3837828  -7.99537686]
[17.41376656 -7.98125443]
[17.42295979 -7.96672157]
[17.45077891 -7.959848  ]
[17.37504237 -7.83036275]
[17.31346304 -7.78469638]
[17.31067186 -7.79217836]
[17.3634949  -7.84584605]
[17.36014671 -7.8532527 ]
[17.36791806 -7.86778202]
[17.37904241 -7.8833365 ]
[17.39118196 -7.89826448]
[17.43099109 -7.93764527]
[17.44324033 -7.95134911]
[17.43854739 -7.94757451]
[17.4391307  -7.94807614]
[17.44205418 -7.95011512]
[17.44730368 -7.95389249]
[17.45304691 -7.95763751]
[17.45867235 -7.960742  ]
[17.46402541 -7.96305015]
[17.46912065 -7.96458565]
[17.47234552 -7.96312457]
[17.47655941 -7.96251058]
[17.48036311 -7.96082387]
[17.50417154 -7.99119836]
[17.50375104 -7.98142673]
[17.60724272 -8.17395161]
[17.67094412 -8.27855846]
[17.68590681 -8.27795716]
[17.69713428 -8.26654375]
[17.70940366 -8.25514675]
[17.72320866 -8.2454178 ]
[17.73884904 -8.23815344]
[17.75892799 -8.23757542]
[17.78157406 -8.24003457]
[17.80863164 -8.24800366]
[17.82897214 -8.24433115]
[17.85616116 -8.2503013 ]
[17.8883368  -8.26234524]
[17.92884927 -8.2842162 ]
[17.95862154 -8.28946717]
[18.00121109 -8.31041728]
[18.04249512 -8.32774649]
[18.0866117  -8.34687222]
[18.13018953 -8.36371062]
[18.18001273 -8.38642184]
[18.2307012  -8.40839311]
[18.30086429 -8.44994116]
[18.48397276 -8.60406095]
[18.48983595 -8.56429503]
[18.48846139 -8.51912713]
[18.51669931 -8.5082646 ]
[18.63097122 -8.58397007]
[18.70183322 -8.61567429]
[18.71570189 -8.59437959]
[18.7271589  -8.57482231]
[18.74053614 -8.56189739]
[18.76501233 -8.56379326]
[18.80759089 -8.58565525]
[18.8976833  -8.65056959]
[18.90598538 -8.64674848]
[18.92936805 -8.65790475]
[18.96022911 -8.67725492]
[18.98577757 -8.69393503]
[18.9985145  -8.70190266]
[19.0110943  -8.71072006]
[19.03975028 -8.73153349]
[19.02246441 -8.71847175]
[19.02221026 -8.71670498]
[19.03044538 -8.71872517]
[19.0323072  -8.71310594]
[19.10779519 -8.749062  ]
[19.11630441 -8.73478978]
[19.06820749 -8.67863668]
[19.00833029 -8.60901482]
[18.95917269 -8.53897139]
[18.9328318  -8.47385667]
[18.98766609 -8.44109453]
[19.17336088 -8.4558308 ]
[18.9773168  -8.26011229]
[18.81083225 -8.07180053]
[18.68203699 -7.8935459 ]
[18.54123878 -7.69930662]
[18.55509083 -7.55944874]
[18.54772501 -7.37844212]
[18.12534071 -6.98471267]
[17.74791858 -6.61192654]
[17.39434014 -6.25445581]
[17.03786475 -5.90610389]
[16.66447058 -5.56917783]
[16.2762905  -5.25584238]
[15.89534998 -4.99193909]
[15.51162866 -4.77985945]
[15.13956214 -4.63026524]
[14.79503426 -4.54647565]
[14.51003859 -4.53989051]
[14.26158589 -4.57051709]
[14.04595746 -4.61776245]
[13.90547371 -4.70782392]
[13.79699    -4.80100962]
[13.6904875  -4.87768264]
[13.61394571 -4.97440797]
[13.51882301 -5.0795    ]
[13.31144871 -5.15189501]
[12.94819838 -5.17396781]
[12.45364466 -5.16908624]
[11.85830552 -5.15492694]
[11.18236388 -5.11887322]
[10.49082184 -5.08956506]
[ 9.61423275 -5.18455344]
[ 9.01263611 -5.3389664 ]
[ 8.68952113 -5.56194859]
[ 8.68792626 -5.88924878]
[ 9.16220494 -6.35149323]
[ 9.69652507 -6.60351517]
[12.16749826 -7.21058884]
[12.41573461 -6.61128834]
[11.81523415 -5.79613054]
[11.16388464 -4.99409502]
[10.49693844 -4.21621976]
[ 9.81905162 -3.41099662]
[ 9.09666311 -2.52081699]
[ 8.43791041 -1.4329749 ]
[ 7.77630631 -0.63956391]
[ 7.40946901 -0.20916811]
[ 7.55463212 -0.28644981]
[ 7.73649202 -0.61853847]
[ 7.93312918 -1.00377049]
[ 7.89310659 -1.16129087]
[ 7.50332176 -0.96427139]
[ 6.84036706 -0.58455635]
[ 6.26785349 -0.40922746]
[ 6.14251384 -0.56067047]
[ 6.58916495 -1.33122518]
[ 7.52657859 -2.5028164 ]
[ 8.70673193 -3.73081923]
[ 9.8812801  -4.69986474]
[10.8537191  -5.18398462]
[11.44257141 -5.05997954]
[11.53770797 -4.31814778]
[11.06151696 -3.01933729]
[10.04614353 -1.31724427]
[8.66499348 0.58750288]
[7.29180117 2.3449092 ]
[6.35731182 3.70065273]
[6.19950319 4.49256805]
[9.24091959 3.95834024]
[9.70863851 2.98962557]
[10.4277017   2.00247677]
[11.24567447  1.0449661 ]
[12.04759034  0.11572053]
[12.57766418 -0.63846817]
[12.72340236 -1.11388584]
[12.40555725 -1.25005137]
[11.55190148 -1.06640267]
[10.18597934 -0.66132009]
[ 8.42595427 -0.21697025]
[6.61068311 0.06713121]
[4.91401398 0.15381908]
[3.60753823 0.01050723]
[ 2.89652704 -0.32636074]
[ 2.79073227 -0.76188408]
[ 3.17958642 -1.20343518]
[ 3.77164229 -1.50276698]
[ 4.39760347 -1.59880726]
[ 4.88392902 -1.41425317]
[ 5.13211487 -0.87428397]
[5.29275258 0.60814646]
[5.01067063 2.6814492 ]
[4.61738182 4.13701322]
[4.67340766 4.40008404]
[5.04926771 3.74042035]
[5.82837885 2.40928738]
[6.69768226 0.83074125]
[ 7.48239862 -0.69501994]
[ 8.04911426 -1.96208681]
[ 8.32723088 -2.92306103]
[ 8.25650969 -3.47796665]
[ 7.76303244 -3.44939469]
[ 6.7159451  -2.82736063]
[ 5.34828053 -1.67639153]
[ 4.03354001 -0.51424525]
[2.89828655 0.5781168 ]
[2.01299288 1.50165909]
[1.3614986  2.25379742]
[0.89560628 2.88197674]
[0.58541425 3.3624572 ]
[0.38609705 3.73394992]
[0.27338832 3.99594445]
[0.23889322 4.14474525]
[0.37315703 4.14913114]
[0.56723445 3.84050843]
[0.89729823 3.38027729]
[1.39642828 2.7953809 ]
[2.05356031 2.10891144]
[2.83096816 1.35194627]
[3.76388204 0.51823561]
[ 4.78456337 -0.36084492]
[ 5.91883601 -1.30926452]
[ 7.15903574 -2.30775193]
[ 8.4379666  -3.26905255]
[ 9.85467159 -4.20533803]
[11.37995285 -5.06165665]
[13.05431217 -5.8481961 ]
[14.48389539 -6.47181397]
[15.81444388 -7.05072234]
[17.10776684 -7.67380107]
[17.84281839 -8.23439697]
[18.04669953 -8.69775773]
[17.77276055 -9.06189096]
[17.0071241  -9.32613551]
[ 15.91711308 -10.06273618]
[ 14.39346205 -10.45032886]
[ 12.38906427 -10.57086426]
[ 10.02016685 -10.43742557]
[  7.48275352 -10.10331433]
[ 4.80261799 -9.62604214]
[ 2.22100135 -9.08193632]
[-0.09627    -8.56289991]
[-2.01419331 -8.16934086]
[-3.4394941  -8.21070118]
[-4.27595769 -8.44587162]
[-4.69175035 -8.95522266]
[-4.70629822 -9.75413291]
[ -4.34246518 -10.68369407]
[ -3.6546112  -11.70532823]
[ -2.75786414 -12.59784524]
[ -1.69707387 -13.30465798]
[ -0.52100453 -13.69363247]
[  0.58618374 -13.59322033]
[  1.61297014 -12.99098269]
[  2.37588284 -11.99505515]
[  4.01959737 -13.63084848]
[  5.34224496 -14.55524205]
[  6.46616815 -15.02581113]
[  7.2453183  -15.10098984]
[  7.69520911 -15.30016327]
[  7.70559938 -15.31762523]
[  7.34680204 -15.21000667]
[  6.65989576 -14.9929268 ]
[  5.72183854 -14.65791104]
[  4.63786955 -14.17392459]
[  3.52688947 -13.48957019]
[  2.50129144 -12.53627727]
[  1.62591934 -11.18968132]
[ 0.85171918 -8.82553101]
[ 0.35359588 -6.0833707 ]
[-0.05868253 -3.14780191]
[-0.46105889 -0.31182295]
[ 0.47854314 -3.08686051]
[ 1.56467144 -5.20408904]
[ 2.70827872 -6.80598503]
[ 3.9151308  -8.00003812]
[ 5.07569872 -8.75176675]
[ 6.20507238 -9.08372079]
[ 7.32689734 -8.96840352]
[ 8.19571765 -9.00085105]
[ 8.9485206  -8.84566422]
[ 9.77973037 -8.50042429]
[10.60710304 -8.04232451]
[11.44299297 -7.48682734]
[12.43069863 -6.70335992]
