Person 91
Starting Actual Velocity = [1.11551449 0.44294879]
[17.54332437  6.9661083 ]
[18.31084942  7.27094696]
[18.50414843  7.34777965]
[18.56547335  7.37221941]
[18.58361963  7.379523  ]
[18.58909933  7.38180631]
[18.59076194  7.38258374]
[18.59124997  7.38290746]
[18.59134546  7.38308772]
[18.59130969  7.38323389]
[18.59122566  7.38337032]
[18.59111811  7.38351612]
[18.590996    7.38367231]
[18.59085898  7.38384377]
[18.59070086  7.3840393 ]
[18.59053239  7.38424581]
[18.59033229  7.38448935]
[18.59005889  7.38481966]
[18.58981777  7.3851083 ]
[18.58955844  7.38541699]
[18.58923784  7.38579642]
[18.5889235   7.38616582]
[18.5885853   7.38656109]
[18.58821933  7.38698648]
[18.58782113  7.38744684]
[18.58732499  7.38801734]
[18.58678848  7.38863022]
[18.58624284  7.3892498 ]
[18.58565698  7.38991159]
[18.58502458  7.39062222]
[18.58433379  7.39139438]
[18.583579   7.3922336]
[18.58275429  7.39314566]
[18.58185324  7.39413675]
[18.5808689   7.39521356]
[18.57980738  7.39636841]
[18.57864957  7.39762117]
[18.5773948   7.39897135]
[18.57584066  7.40063441]
[18.5742507   7.40232383]
[18.57259844  7.40406912]
[18.5708353  7.4059212]
[18.5687157   7.40813528]
[18.56662474  7.41030427]
[18.56440167  7.41259733]
[18.56200852  7.41505181]
[18.55943339  7.41767751]
[18.55666467  7.42048376]
[18.55364892  7.42352186]
[18.55038586  7.4267883 ]
[18.54683271  7.43032205]
[18.54314792  7.43396202]
[18.53917842  7.43785824]
[18.53490268  7.44202725]
[18.53023376  7.44654831]
[18.52541809  7.45117733]
[18.52017612  7.45618121]
[18.51463084  7.46143513]
[18.50873327  7.46698074]
[18.50251586  7.47278176]
[18.49587441  7.47892968]
[18.48883947  7.48538803]
[18.48111527  7.49241854]
[18.47142743  7.50115182]
[18.46260393  7.50899051]
[18.45385303  7.51668774]
[18.44458269  7.52476817]
[18.43376372  7.53410539]
[18.42254116  7.54365999]
[18.41146639  7.55295896]
[18.40017186  7.56232334]
[18.38859083  7.57180389]
[18.37654754  7.58153392]
[18.36383922  7.59165648]
[18.34990834  7.60257749]
[18.33630492  7.61303468]
[18.32216586  7.62370501]
[18.30748959  7.63456053]
[18.29241355  7.64546781]
[18.27709197  7.65629022]
[18.26141754  7.6670833 ]
[18.24513103  7.67799162]
[18.22911297  7.68838753]
[18.21266867  7.69872673]
[18.19581215  7.7089573 ]
[18.17872326  7.7189247 ]
[18.16016166  7.72928536]
[18.14178075  7.73896508]
[18.12393838  7.7477883 ]
[18.10630018  7.75597126]
[18.0885265  7.7636808]
[18.07028305  7.77102189]
[18.05037324  7.77834694]
[18.0276707  7.7856759]
[18.00919915  7.79036135]
[17.99088977  7.79423192]
[17.97210917  7.79748228]
[17.95339156  7.79996887]
[17.93124119  7.80202193]
[17.90728061  7.80258755]
[17.88937007  7.80128415]
[17.87134237  7.7992906 ]
[17.85284439  7.79674141]
[17.83403277  7.79367823]
[17.81513112  7.79013038]
[17.79617997  7.78611578]
[17.77659303  7.78151293]
[17.75684109  7.77636059]
[17.73697964  7.77065262]
[17.71705426  7.76439985]
[17.69666236  7.75747415]
[17.67653691  7.75007748]
[17.65694029  7.74236689]
[17.63697388  7.73408118]
[17.61714686  7.725411  ]
[17.59773042  7.71651042]
[17.57782852  7.70703184]
[17.55752638  7.69695881]
[17.53763295  7.68661004]
[17.51865517  7.67628781]
[17.49936038  7.66543034]
[17.48012173  7.65431159]
[17.46122139  7.64302328]
[17.44296284  7.63166148]
[17.42521887  7.62008874]
[17.40889351  7.6088215 ]
[17.39409503  7.59806101]
[17.37998249  7.58736662]
[17.36544169  7.57585571]
[17.34026425  7.57342168]
[17.30743863  7.56603263]
[17.29095823  7.55443061]
[17.28237629  7.54404747]
[17.27564622  7.53391638]
[17.26987104  7.52418245]
[17.2645181   7.51462736]
[17.25947253  7.5051818 ]
[17.25425548  7.49462481]
[17.25097501  7.48588308]
[17.24850605  7.47756636]
[17.24636736  7.46840493]
[17.24522139  7.46023509]
[17.24463052  7.45201942]
[17.24454823  7.44383664]
[17.24492548  7.43540035]
[17.24574304  7.42699375]
[17.24695091  7.41832523]
[17.24850568  7.40932566]
[17.25030433  7.40019678]
[17.25229191  7.39063386]
[17.25437698  7.38057157]
[17.25646207  7.36993794]
[17.25843682  7.35865633]
[17.26014682  7.34682839]
[17.26144551  7.33442448]
[17.26216702  7.32141774]
[17.26213574  7.30778234]
[17.26115617  7.29325822]
[17.25904064  7.27801324]
[17.25555817  7.2617507 ]
[17.25038522  7.24409501]
[17.23750066  7.20962814]
[17.23021803  7.18727135]
[17.22158213  7.16380184]
[17.21049156  7.13888236]
[17.19620657  7.11247211]
[17.17879486  7.08543665]
[17.15788848  7.0573757 ]
[17.13253261  7.02725518]
[17.1028473   6.99543923]
[17.06758147  6.96066281]
[17.02699378  6.92320227]
[16.93251067  6.90330885]
[16.84331701  6.87690443]
[16.75789465  6.8441917 ]
[16.67642885  6.80592604]
[16.59913439  6.7631262 ]
[16.52241705  6.71455907]
[16.44961955  6.66269258]
[16.37754617  6.60596323]
[16.30704848  6.5452312 ]
[16.23768064  6.48044894]
[16.14863386  6.39107561]
[16.05589892  6.28740678]
[15.97256652  6.18260738]
[16.13520108  6.06543295]
[16.24704206  5.94453408]
[16.30779878  5.82486138]
[16.32797849  5.70296146]
[16.31348804  5.57531377]
[16.26777375  5.44066835]
[16.19110418  5.29239875]
[16.06993683  5.10788264]
[15.93381548  4.93058886]
[15.76476377  4.72722282]
[15.59679341  4.53430442]
[15.42144868  4.33717529]
[15.24197526  4.13713317]
[15.05737198  3.93132227]
[14.86185401  3.71171676]
[14.66544086  3.48763664]
[14.4665451   3.25546152]
[14.26775216  3.01599846]
[14.06775383  2.7650375 ]
[13.84225602  2.46665554]
[13.66488966  2.21101619]
[13.49931579  1.95275523]
[13.34373688  1.68793575]
[13.2029115   1.42386266]
[13.07959636  1.16817632]
[12.96762143  0.91270082]
[12.87074089  0.67102544]
[12.7863557  0.445557 ]
[12.71169435  0.23838725]
[12.64551492  0.05533684]
[12.58074952 -0.1151488 ]
[12.51561221 -0.27000938]
[12.44553953 -0.41225577]
[12.37925166 -0.5195031 ]
[12.30842239 -0.60758692]
[12.22231906 -0.68424575]
[12.13847609 -0.72931126]
[12.05810634 -0.75104382]
[11.97841548 -0.75671047]
[11.89614014 -0.74992756]
[11.81172628 -0.73263589]
[11.73179326 -0.7086236 ]
[11.64889068 -0.67821442]
[11.5655262  -0.64356884]
[11.48425477 -0.60726866]
[11.40138683 -0.56908694]
[11.319386   -0.53136212]
[11.23858641 -0.49535856]
[11.15925213 -0.46209416]
[11.0797128  -0.43155713]
[11.00913035 -0.40001817]
[10.94127655 -0.37338401]
[10.8747671  -0.35089717]
[10.81330282 -0.33331797]
[10.75383124 -0.31886255]
[10.69973463 -0.30736361]
[10.64842999 -0.29702443]
[10.59956466 -0.28637937]
[10.55774788 -0.27466771]
[10.52136397 -0.25994671]
[10.49425522 -0.24246146]
[10.47284946 -0.2201551 ]
[10.45909575 -0.19482811]
[10.4502653  -0.16423527]
[10.44627596 -0.12893341]
[10.44625427 -0.08913045]
[10.45071601 -0.04233252]
[1.04572722e+01 6.92328938e-03]
[10.46457621  0.05803864]
[10.47096693  0.11036028]
[10.47458908  0.16322682]
[10.47354877  0.21601539]
[10.46609103  0.26818547]
[10.4503563   0.32073759]
[10.41921834  0.38437973]
[10.37739386  0.44086924]
[10.32720047  0.49361478]
[10.26882385  0.5456912 ]
[10.2091657   0.59357586]
[10.12648151  0.65925339]
[10.04783032  0.7195745 ]
[9.96921204 0.778118  ]
[9.8934148  0.83284714]
[9.8182856  0.88498229]
[9.74148054 0.93515908]
[9.67010097 0.97748237]
[9.60442363 1.01154139]
[9.5349522  1.04205581]
[9.46402259 1.06711205]
[9.38812    1.08807205]
[9.29330103 1.1082245 ]
[9.09631029 1.09848881]
[8.92380764 1.09700237]
[8.77536598 1.10532061]
[8.55241335 1.13664551]
[8.43795589 1.17932277]
[8.33794559 1.23456427]
[8.24569301 1.30602609]
[8.16797956 1.38996998]
[8.10035694 1.49112397]
[8.04735577 1.60676149]
[8.01195421 1.73194096]
[7.99291102 1.87309932]
[7.99339719 2.01578836]
[8.01145537 2.16666876]
[8.04686761 2.32416892]
[8.09855052 2.48657558]
[8.16444743 2.6520618 ]
[8.24151286 2.81871918]
[8.32579476 2.98459663]
[8.40974939 3.14231723]
[8.4885835 3.2904794]
[8.56346319 3.43828104]
[8.62447615 3.57392297]
[8.67247483 3.70615813]
[8.70119039 3.82879486]
[8.70786862 3.937154  ]
[8.69245354 4.0387493 ]
[8.6536017  4.12886236]
[8.59239947 4.20717548]
[8.51118359 4.27342562]
[8.41681208 4.32548158]
[8.30727147 4.36715766]
[8.19067978 4.39570158]
[8.08091578 4.40956778]
[7.97472535 4.41110989]
[7.87677372 4.39980197]
[7.78836089 4.3743279 ]
[7.72075128 4.33583707]
[7.6735195 4.2841175]
[7.64935693 4.21978542]
[7.65011469 4.14398191]
[7.67673483 4.05840248]
[7.72922221 3.96527032]
[7.80667906 3.86726994]
[7.90362694 3.77111747]
[8.01523105 3.67970375]
[8.14688931 3.58822232]
[8.3026721  3.49665641]
[8.45738503 3.42153276]
[8.61137555 3.35987536]
[8.77315061 3.30752318]
[8.9268057 3.2697974]
[9.08158004 3.24321883]
[9.22817419 3.22938128]
[9.50732398 3.27275734]
[9.76745388 3.31947226]
[9.98550968 3.36367247]
[10.1736657   3.40505328]
[10.33990622  3.44287876]
[10.47190816  3.47149352]
[10.58463251  3.49135373]
[10.67101014  3.49832784]
[10.74210819  3.49175762]
[10.7941555   3.47018629]
[10.83444722  3.43160678]
[10.86096173  3.37810042]
[10.8769665   3.30904985]
[10.88356521  3.21824308]
[10.87896887  3.12456486]
[10.86538783  3.02029959]
[10.84139254  2.90255149]
[10.80789247  2.78323904]
[10.76363595  2.66016382]
[10.70784303  2.5358389 ]
[10.63676851  2.40738358]
[10.55140358  2.28293543]
[10.45513793  2.16972991]
[10.33953158  2.05931615]
[10.21284441  1.96258038]
[10.06412201  1.87136486]
[9.90443017 1.79393585]
[9.72012819 1.72271293]
[9.5168475  1.64806146]
[9.29977256 1.58226777]
[9.06916788 1.52431241]
[8.82534173 1.47284836]
[8.56871059 1.42631896]
[8.29985218 1.38307879]
[8.01954541 1.34151214]
[7.728797   1.30014401]
[7.41522235 1.25581186]
[7.10732348 1.21132174]
[6.79357229 1.16435267]
[6.4759512  1.11483654]
[6.15667003 1.06316347]
[5.83815605 1.01018555]
[5.52304226 0.95720144]
[5.21415086 0.90592224]
[4.91446681 0.85841845]
[4.62709517 0.81704622]
[4.35519537 0.78435116]
[4.10188761 0.76294823]
[3.85959534 0.75503515]
[3.66243128 0.76475617]
[3.48956537 0.79103606]
[3.34270447 0.83532698]
[3.23710954 0.89578562]
[3.16126539 0.97072661]
[3.10671663 1.0673398 ]
[3.07855576 1.18212499]
[3.07521466 1.30697873]
[3.09397297 1.46648268]
[3.14293257 1.6789714 ]
[3.2070778  1.88732779]
[3.2716765  2.08161463]
[3.33256276 2.27215788]
[3.3773659  2.43753659]
[3.4083328  2.59855035]
[3.41717395 2.73638896]
[3.40118404 2.8737484 ]
[3.36281251 2.96191648]
[3.30096144 3.03721812]
[3.22141413 3.09099849]
[3.11849993 3.13035729]
[2.99796121 3.15252667]
[2.87815083 3.15934666]
[2.74349354 3.15552046]
[2.60410475 3.14226452]
[2.47134405 3.12308004]
[2.34121986 3.09981999]
[2.20999737 3.07326237]
[2.09514583 3.04846753]
[1.99186898 3.0261427 ]
[1.89745691 3.00727019]
[1.82067995 2.99548044]
[1.76616691 2.99282908]
[1.72766745 3.0000081 ]
[1.71066453 3.01808576]
[1.71188728 3.04772669]
[1.73175979 3.09192282]
[1.76810818 3.14723637]
[1.82253064 3.21927946]
[1.90303612 3.31953684]
[2.00525932 3.44480674]
[2.11759464 3.58475315]
[2.23492472 3.73611219]
[2.35906462 3.90379862]
[2.48133319 4.07847311]
[2.59931449 4.25740301]
[2.72389665 4.45821374]
[2.83384014 4.64344712]
[2.93785736 4.82854179]
[3.04261857 5.02330873]
[3.14888045 5.22765528]
[3.25759405 5.44126103]
[3.36987367 5.66356845]
[3.48695198 5.89377311]
[3.6101228 6.1308152]
[3.74835269 6.38764172]
[3.8963483  6.64881199]
[4.04654146 6.89747959]
[4.20730115 7.14588504]
[4.37903503 7.39168453]
[4.56175021 7.63233724]
[4.75500031 7.86513925]
[4.95785183 8.08726227]
[5.16886843 8.29579478]
[5.38611368 8.48778384]
[5.62017567 8.67042258]
[5.84211652 8.8189626 ]
[6.06161052 8.94209179]
[6.27570195 9.03763807]
[6.46845858 9.09909084]
[6.65014186 9.13216749]
[6.81783645 9.13535441]
[6.95922854 9.10905448]
[7.09181749 9.05077348]
[7.20231596 8.95925285]
[7.28841779 8.8338712 ]
[7.34819148 8.6743587 ]
[7.38016839 8.48085523]
[7.38342584 8.25396843]
[7.35766134 7.99482764]
[7.3032537 7.7051289]
[7.22130645 7.38716572]
[7.11366875 7.04383998]
[6.9829297  6.67864815]
[6.84252261 6.33950172]
[6.6911615  5.98970067]
[6.51472951 5.58856131]
[6.36239046 5.23786658]
[6.22850102 4.91838612]
[6.09800987 4.58814669]
[5.98621211 4.27507813]
[5.89707228 3.982525  ]
[5.83370242 3.71298385]
[5.78654417 3.38651056]
[5.79169859 3.17698403]
[5.82668761 2.99318489]
[5.89099804 2.8345704 ]
[5.98346075 2.70015495]
[6.09442179 2.59604668]
[6.23593303 2.50435255]
[6.39931803 2.43232523]
[6.58178648 2.37812327]
[6.78036782 2.33985796]
[6.99199109 2.31563859]
[7.19878384 2.30440887]
[7.42687742 2.30211532]
[7.65903855 2.30859417]
[7.89238344 2.32219926]
[8.12417626 2.34137646]
[8.35185297 2.36466685]
[8.5730383 2.3907071]
[8.78555655 2.4182281 ]
[8.97567691 2.45128054]
[9.15665351 2.48423556]
[9.32862244 2.51699439]
[9.49147626 2.54933236]
[9.6448912  2.58090923]
[9.79860444 2.61344848]
[9.93061807 2.64189947]
[10.05115962  2.66791984]
[10.15933418  2.69080015]
[10.2541784   2.70976476]
[10.33468426  2.72398211]
[10.39982031  2.73257567]
[10.44855016  2.73463562]
[10.47984874  2.72923152]
[10.49271664  2.71542612]
[10.48619317  2.6922905 ]
[10.45936854  2.65892078]
[10.41139598  2.61445656]
[10.34150428  2.55810123]
[10.24240464  2.48421873]
[10.12497413  2.40103662]
[9.98387605 2.30415212]
[9.81880499 2.19327922]
[9.62961828 2.06832607]
[9.41635821 1.92942322]
[9.17927017 1.77694869]
[8.93117188 1.61926984]
[8.6710713  1.45715778]
[8.38615034 1.2830286 ]
[8.07851731 1.0990906 ]
[7.75067323 0.90786426]
[7.40551859 0.71215917]
[7.04634717 0.51503818]
[6.67682511 0.31976857]
[6.30095347 0.12976087]
[ 5.92301401 -0.05150324]
[ 5.54749833 -0.22055149]
[ 5.1790241  -0.37400723]
[ 4.82224594 -0.50867719]
[ 4.48175849 -0.62163655]
[ 4.16199532 -0.71030707]
[ 3.86712823 -0.77252476]
[ 3.60097183 -0.80659433]
[ 3.36689806 -0.81132815]
[ 3.16776456 -0.78606876]
[ 3.00586017 -0.73069478]
[ 2.88286928 -0.64561102]
[ 2.79985597 -0.53172429]
[ 2.75726741 -0.39040702]
[ 2.75495505 -0.22345116]
[ 2.79221128 -0.03301487]
[2.86781851 0.17843533]
[2.98812818 0.42459536]
[3.14819436 0.68832793]
[3.33192371 0.94737708]
[3.54487409 1.21524087]
[3.78419977 1.48879164]
[4.0657005  1.78465895]
[4.35014963 2.06018263]
[4.65169925 2.33216975]
[4.96730467 2.59786364]
[5.29396744 2.85467901]
[5.65267101 3.11776293]
[6.01724358 3.36523211]
[6.38430265 3.59470571]
[6.75059185 3.80411793]
[7.11297817 3.99172918]
[7.46844364 4.15613345]
[7.81407309 4.29626218]
[8.14703936 4.41138517]
[8.4645875  4.50110857]
[8.76401935 4.56537032]
[9.04267996 4.60443292]
[9.28092913 4.61791076]
[9.49677986 4.61072299]
[9.68813632 4.58379283]
[10.05302145  4.48294158]
[10.14513121  4.40036956]
[10.20865192  4.29710783]
[10.23216372  4.1801395 ]
[10.21359873  4.05179352]
[10.15524443  3.92362271]
[10.05734756  3.78963636]
[9.91877921 3.6517695 ]
[9.73866491 3.51189101]
[9.51642513 3.37176003]
[9.25181654 3.23298098]
[8.94497311 3.09695796]
[8.59644635 2.96484997]
[8.17944335 2.82843381]
[7.71754874 2.69817893]
[7.21330239 2.57427042]
[6.66996369 2.45638329]
[6.09153012 2.3436645 ]
[5.48273687 2.23473377]
[4.89127908 2.13484029]
[4.283056   2.03468243]
[3.66346421 1.93205769]
[2.99358337 1.81683003]
[2.32463469 1.69270809]
[1.8620093  1.67804999]
[1.42429757 1.63111264]
[0.96016353 1.5432355 ]
[0.51373127 1.41078842]
[0.09724187 1.23089735]
[-0.25268234  1.01747249]
[-0.5796634   0.74374937]
[-0.82803813  0.44495531]
[-1.01732359  0.1090191 ]
[-1.14275629 -0.25966671]
[-1.20116622 -0.65554928]
[-1.19102971 -1.07209747]
[-1.11245091 -1.50202457]
[-0.96707706 -1.93753778]
[-0.75795754 -2.37060001]
[-0.48935998 -2.79318977]
[-0.16655812 -3.19754641]
[ 0.20439386 -3.57638985]
[ 0.61688726 -3.9231068 ]
[ 1.06397404 -4.23189813]
[ 1.53856287 -4.49788469]
[ 2.10430855 -4.7484986 ]
[ 2.68694396 -4.93351505]
[ 3.20296148 -5.03577099]
[ 3.71803513 -5.08555865]
[ 4.2264944  -5.08310023]
[ 4.72314996 -5.02940703]
[ 5.23760554 -4.91881083]
[ 5.69532005 -4.76494454]
[ 6.12838795 -4.56684871]
[ 6.53359424 -4.32773678]
[ 6.93491756 -4.03136343]
[ 7.27392911 -3.71866529]
[ 7.57782907 -3.37634641]
[ 7.86409379 -2.9820944 ]
[ 8.5106168  -2.36953255]
[ 9.10766842 -1.71925531]
[ 9.60576337 -1.07978985]
[ 9.98168867 -0.49707892]
[10.27760858  0.06899063]
[10.49611087  0.6149182 ]
[10.64989243  1.17449131]
[10.71553916  1.66724575]
[10.71089929  2.12894272]
[10.63808403  2.55593744]
[10.49912257  2.94454529]
[10.29596966  3.29106832]
[10.03051068  3.59184484]
[9.68128356 3.86128968]
[9.29245655 4.05600372]
[8.8467302  4.19493266]
[8.34577655 4.27570264]
[7.79127112 4.2966982 ]
[7.14163822 4.25447057]
[6.48192453 4.15084684]
[5.77453915 3.98956987]
[5.02200506 3.77435022]
[4.22739694 3.51060312]
[3.39451793 3.20545473]
[2.46618812 2.84350315]
[1.57041682 2.48206287]
[0.58892047 2.08335543]
[-0.33941145  1.71295702]
[-1.26956453  1.35589891]
[-2.25672802  0.99930057]
[-3.15556586  0.70344402]
[-4.02128627  0.44994811]
[-4.90034929  0.22991218]
[-5.65875595  0.0802052 ]
[-6.39733918 -0.02363032]
[-7.00120937 -0.0651488 ]
[-7.55372079 -0.05808469]
[-7.96708229e+00 -5.33068202e-03]
[-8.28037501  0.08385916]
[-8.50590597  0.21080282]
[-8.60521395  0.35231679]
[-8.60240042  0.50729579]
[-8.4933955   0.67984373]
[-8.29092466  0.83986565]
[-8.00123303  0.99261344]
[-7.63198506  1.13302709]
[-7.19184657  1.25711493]
[-6.69024791  1.36201501]
[-6.13714915  1.44600918]
[-5.54281026  1.50849521]
[-4.91756763  1.54992283]
[-4.27161891  1.57169828]
[-3.21132178  1.81841884]
[-2.2054257   2.01132877]
[-1.18982126  2.17052895]
[-0.30796039  2.28168968]
[0.50979812 2.3662834 ]
[1.26122942 2.43181188]
[1.94461565 2.48499918]
[2.55876858 2.53173808]
[3.10304799 2.57704825]
[3.57737615 2.62504813]
[4.01116738 2.6827918 ]
[4.36627807 2.75014207]
[4.62624033 2.82350894]
[4.83601084 2.91304583]
[4.96609904 3.0071543 ]
[5.04365601 3.11726457]
[5.05850121 3.22731136]
[5.02170144 3.34995859]
[4.93403955 3.47432421]
[4.81047427 3.5884976 ]
[4.64198019 3.70547007]
[4.45450049 3.80556573]
[4.24405526 3.89409009]
[4.01564665 3.96815435]
[3.75676333 4.029289  ]
[3.50600182 4.06567115]
[3.2506733  4.08126783]
[2.99424731 4.07508325]
[2.73967678 4.04671189]
[2.489381  3.9963417]
[2.24524824 3.92473429]
[1.99175684 3.82664492]
[1.7643119  3.71569163]
[1.54580972 3.58891083]
[1.33633406 3.44880321]
[1.13566731 3.29808571]
[0.94335521 3.13959681]
[0.75877034 2.97620295]
[0.58117208 2.81070963]
[0.40976093 2.64577962]
[0.24372603 2.4838607 ]
[0.08228497 2.32712439]
[0.20338357 2.42282821]
[0.3145887  2.50789631]
[0.41424286 2.5830392 ]
[0.50086072 2.64880645]
[0.57832245 2.70962331]
[0.63399025 2.75691717]
[0.67339899 2.79538482]
[0.69761461 2.82689319]
[0.70209432 2.8474482 ]
[0.68680143 2.85630912]
[0.65201853 2.85251701]
[0.60190434 2.83610021]
[0.53606242 2.80665306]
[0.45535615 2.76303435]
[0.3607886  2.70407051]
[0.25346716 2.62859912]
[0.12607285 2.52886644]
[-0.01317904  2.40762672]
[-0.15285767  2.27346819]
[-0.30044502  2.11917921]
[-0.4659211   1.93190935]
[-0.63813382  1.72094018]
[-0.80424778  1.50224398]
[-0.97474245  1.26392438]
[-1.14913256  1.00695215]
[-1.32708368  0.73264507]
[-1.50840232  0.44265491]
[-1.69301911  0.138943  ]
[-1.89439074 -0.19876881]
[-2.08604642 -0.52350515]
[-2.29524532 -0.87805387]
[-2.50880205 -1.23634302]
[-2.7123499  -1.57097647]
[-2.93470823 -1.92666541]
[-3.14655893 -2.25267499]
[-3.36227074 -2.57045196]
[-3.58160774 -2.87753314]
[-3.82010479 -3.19266114]
[-4.0457068  -3.47057392]
[-4.27339313 -3.73155664]
[-4.50239695 -3.9740646 ]
[-4.73183633 -4.19679203]
[-4.96072759 -4.39866036]
[-5.18800092 -4.57880007]
[-5.41251695 -4.73652769]
[-5.63308357 -4.87131945]
[-5.84847181 -4.98278343]
[-6.0574175  -5.07063651]
[-6.272984   -5.13925939]
[-6.47814133 -5.18045377]
[-6.67115522 -5.19414631]
[-6.85018905 -5.1803015 ]
[-7.01329285 -5.13890185]
[-7.14872367 -5.07453225]
[-7.26654865 -4.98607072]
[-7.36488201 -4.87349571]
[-7.44177619 -4.73679991]
[-7.49524315 -4.57600548]
[-7.52528515 -4.3779838 ]
[-7.5238543  -4.15263802]
[-7.49098051 -3.91712918]
[-7.42219914 -3.64001333]
[-7.31555018 -3.3371101 ]
[-7.16931413 -3.009424  ]
[-6.98210736 -2.65825924]
[-6.75294683 -2.28524107]
[-6.48130806 -1.89232148]
[-6.16717348 -1.48176729]
[-5.81106882 -1.05612949]
[-5.4140858 -0.6181949]
[-5.00696965 -0.20074029]
[-4.56753626  0.22230918]
[-4.09799791  0.64846258]
[-3.60096082  1.07527302]
[-3.07939204  1.50039642]
[-2.5365793   1.92164518]
[-1.97608576  2.3370344 ]
[-1.40170098  2.74481853]
[-0.81738995  3.14351739]
[-0.22724173  3.53193105]
[0.36458071 3.90914408]
[0.95388818 4.27451997]
[1.57812503 4.65291333]
[2.18960214 5.01715785]
[2.78339132 5.36738974]
[3.31663678 5.68155029]
[3.82667786 5.98430684]
[4.3444616 6.2971017]
[4.82720278 6.59831859]
[5.27097768 6.88889178]
[5.6721027  7.16980593]
[6.02713594 7.44206673]
[6.3124961  7.68903557]
[6.55269691 7.93014751]
[6.75929176 8.18301853]
[6.89884438 8.41437814]
[6.98713877 8.64208823]
[7.02269637 8.86675754]
[7.00435689 9.0889236 ]
[7.09730001 9.43808476]
[7.11804205 9.76949314]
[ 7.06672285 10.08328545]
[ 6.94405148 10.37928226]
[ 6.75143918 10.65692212]
[ 6.49112715 10.91519987]
[ 6.16630046 11.15261348]
[ 5.75366878 11.38244743]
[ 5.27820872 11.58271286]
[ 4.78326458 11.73838534]
[ 4.20999792 11.87004227]
[ 3.64168985 11.95301243]
[ 3.05160709 11.99442435]
[ 2.44946388 11.98983226]
[ 1.80198857 11.93102271]
[ 1.20667888 11.81771489]
[ 0.5876462 11.6346333]
[ 0.03873311 11.39948054]
[-0.47590453 11.10360854]
[-0.94974088 10.74757337]
[-1.37736908 10.33349845]
[-1.75448264  9.86513193]
[-2.07779457  9.3478127 ]
[-2.34491383  8.78834119]
[-2.55420268  8.19475964]
[-2.71538438  7.53186197]
[-2.80179298  6.89702428]
[-2.8306701  6.2114235]
[-2.79396493  5.57694681]
[-2.69895219  4.95665979]
[-2.54686193  4.35869222]
[-2.33942294  3.79009743]
[-2.06030491  3.2186143 ]
[-1.72350688  2.69318708]
[-1.3593606   2.24943612]
[-0.92404253  1.82257688]
[-0.4776686   1.47385926]
[8.63434116e-04 1.17119635e+00]
[0.50618809 0.91364763]
[2.02617877 0.60608745]
[3.45829817 0.35307055]
[4.79968584 0.14866608]
[ 6.04827495 -0.01256288]
[ 7.20282634 -0.13556916]
[ 8.26291947 -0.22483818]
[ 9.22890959 -0.28440814]
[10.10186051 -0.3178913 ]
[10.88346184 -0.32849521]
[11.57593849 -0.31904303]
[12.22524619 -0.29006061]
[12.74168514 -0.24652381]
[13.17824928 -0.18939398]
[13.53845533 -0.12011986]
[13.84649628 -0.03412556]
[14.06005636  0.05690711]
[14.20874808  0.15737645]
[14.29639928  0.26689357]
[14.32683945  0.38527051]
[14.30388467  0.51249162]
[14.23132664  0.64868188]
[14.11292432  0.79407229]
[13.9523965   0.94896223]
[13.75341424  1.11367962]
[13.51959215  1.28853909]
[13.23554128  1.48703233]
[12.91967607  1.69764582]
[13.6238594   2.67087315]
[14.26346468  3.60216527]
[14.84338559  4.49114801]
[15.3684973   5.33734728]
[15.84362955  6.1401986 ]
[16.27353787  6.89905742]
[16.66287343  7.61321084]
[17.01615251  8.28189092]
[17.33772632  8.90428957]
[17.61215036  9.44122254]
[17.88403702  9.97195995]
[18.11897899 10.42183496]
[18.35500167 10.85781191]
[18.56244132 11.21783387]
[18.77445653 11.55620771]
[18.96442841 11.82393346]
[19.16212436 12.06234296]
[19.34258269 12.23587355]
[19.52066979 12.36350865]
[19.697515   12.44505138]
[19.87402469 12.48040216]
[20.06352737 12.46879324]
[20.25402192 12.40423898]
[20.44588895 12.28707653]
[20.63930584 12.11784107]
[20.83428183 11.89729987]
[21.03069643 11.62649629]
[21.2283394  11.30680487]
[21.41370974 10.9644516 ]
[21.61301466 10.55561626]
[21.81276735 10.10451944]
[22.0127468   9.61457524]
[22.21277773  9.08993402]
[22.39939282  8.57252497]
[22.59919608  7.99546914]
[22.79862263  7.40088202]
[22.99739388  6.79647589]
[23.18184202  6.2312944 ]
[23.36465662  5.67286119]
[23.54477358  5.12962122]
[23.72059056  4.61062951]
[23.88976652  4.12549346]
[24.04894962  3.68431908]
[24.19339294  3.29766309]
[24.32518091  2.95353318]
[24.41445122  2.71537434]
[24.45815868  2.56579804]
[24.43673295  2.51472738]
[24.32302784  2.56853255]
[24.08166714  2.72524052]
[23.64364369  2.98452449]
[22.9758372   3.29498794]
