Person 91
Starting Actual Velocity = [ 1.13010366 -0.34377949]
[17.7561031  -5.68471269]
[18.52654011 -5.89152529]
[18.71640601 -5.9317324 ]
[18.77285555 -5.94498232]
[18.78547853 -5.94454696]
[18.78518393 -5.94024207]
[18.7809481  -5.93498529]
[18.77556426 -5.9327191 ]
[18.76964222 -5.92958919]
[18.76380386 -5.93189238]
[18.75712299 -5.92398778]
[18.75085754 -5.92289552]
[18.74430279 -5.91976843]
[18.73789935 -5.91958775]
[18.73226857 -5.92811624]
[18.72477932 -5.92191085]
[18.7199317  -5.93709175]
[18.72536822 -6.00784673]
[18.70502988 -5.94612678]
[18.69264086 -5.92190713]
[18.68896393 -5.94471934]
[18.67544958 -5.91757335]
[18.66452939 -5.90362825]
[18.65451728 -5.89527229]
[18.64485808 -5.8900204 ]
[18.64375003 -5.92345665]
[18.63389605 -5.92259684]
[18.61782406 -5.89801322]
[18.60376018 -5.88205899]
[18.59040039 -5.87022777]
[18.57776888 -5.86274069]
[18.56503349 -5.85656283]
[18.55187702 -5.85056298]
[18.53818777 -5.84436481]
[18.52394302 -5.83790216]
[18.50791383 -5.82743277]
[18.49218604 -5.81921843]
[18.47564157 -5.81000886]
[18.47820648 -5.85128202]
[18.45575233 -5.83104567]
[18.43025115 -5.80333477]
[18.40768469 -5.78343175]
[18.40654258 -5.81380903]
[18.37765996 -5.78275553]
[18.35380276 -5.76285979]
[18.33424814 -5.75280494]
[18.31686692 -5.74775264]
[18.30084565 -5.74568083]
[18.28854845 -5.75104628]
[18.2772523  -5.75797772]
[18.0865382  -5.27017292]
[18.02081325 -5.12389607]
[18.02279187 -5.15336186]
[18.05327498 -5.25626121]
[18.09511897 -5.38861643]
[18.11996091 -5.48556195]
[18.14771689 -5.58981654]
[18.16598375 -5.67398731]
[18.17997725 -5.74781968]
[18.18976374 -5.80978734]
[18.20260047 -5.87179554]
[18.2179001  -5.92855753]
[18.25073079 -6.00166467]
[18.36596178 -6.18037069]
[18.3982306  -6.16246923]
[18.43811223 -6.12362245]
[18.506311   -6.10248382]
[18.6424189  -6.14166702]
[18.7735363 -6.1183282]
[18.87852715 -6.02431956]
[18.97153046 -5.91116023]
[19.04350487 -5.78814395]
[19.09223015 -5.66343968]
[19.11697944 -5.53888836]
[19.13184908 -5.42900864]
[19.07453859 -5.2345361 ]
[18.98122872 -5.05523623]
[18.8335462  -4.91442389]
[18.59913471 -4.84002093]
[18.20612336 -4.86695924]
[17.52331793 -5.02615336]
[16.42117153 -5.2990616 ]
[15.0613225  -5.46606494]
[13.91661807 -5.42844211]
[13.48335239 -5.08288316]
[13.81107146 -4.51839651]
[14.80856069 -3.86764509]
[15.68244095 -3.27340273]
[16.12302048 -2.77125562]
[16.09095172 -2.34496378]
[15.57162393 -1.98695263]
[14.59208834 -1.69347731]
[13.34212764 -1.43237698]
[12.31480254 -1.04537151]
[11.31703919 -0.59774711]
[10.64139412 -0.63057177]
[10.48827948 -1.20923041]
[10.84255846 -1.89769617]
[12.3948824  -2.08858506]
[13.11303511  0.77074853]
[12.68888649  3.07892598]
[13.31583163  3.78214293]
[11.13243197  2.86718571]
[12.96371941  1.29418317]
[16.03956798 -0.34029703]
[18.02672243 -1.27574639]
[17.95535683 -1.71195515]
[17.23300733 -3.53581665]
[15.19883641 -6.46366669]
[13.20214875 -8.82610174]
[ 14.62012645 -10.25769174]
[14.56046397 -9.04697417]
[14.1377169  -8.59370156]
[14.74899592 -9.27558136]
[ 18.73966877 -11.48291964]
[ 23.22936855 -11.57826179]
[ 28.54703379 -10.8579922 ]
[ 33.96252703 -10.40440141]
[ 36.24899676 -11.37795537]
[ 32.32539507 -13.58242731]
