Person 91
Starting Actual Velocity = [ 1.00839708 -0.65052875]
[ 15.85958659 -10.23096473]
[ 16.55343508 -10.67776047]
[ 16.72821116 -10.78994138]
[ 16.78371869 -10.82534151]
[ 16.80019564 -10.83570374]
[ 16.80522625 -10.83877451]
[ 16.80681143 -10.83968158]
[ 16.80734863 -10.83994668]
[ 16.80753638 -10.84001066]
[ 16.80762701 -10.8400231 ]
[ 16.80765939 -10.84001391]
[ 16.80769473 -10.84000863]
[ 16.80772267 -10.84000331]
[ 16.80775548 -10.84000182]
[ 16.80780517 -10.84000796]
[ 16.80782859 -10.84000484]
[ 16.80789161 -10.84001754]
[ 16.80804808 -10.84006667]
[ 16.80799755 -10.84003364]
[ 16.80800164 -10.84002345]
[ 16.80808283 -10.84004397]
[ 16.80808353 -10.84003216]
[ 16.80810461 -10.84002897]
[ 16.80813491 -10.84002965]
[ 16.80817119 -10.84003275]
[ 16.80827117 -10.84006126]
[ 16.80832373 -10.84006966]
[ 16.80834176 -10.84006399]
[ 16.80837302 -10.84006396]
[ 16.80841145 -10.84006684]
[ 16.80845799 -10.84007286]
[ 16.80850854 -10.84008019]
[ 16.80856166 -10.84008813]
[ 16.80861685 -10.84009639]
[ 16.80867402 -10.84010483]
[ 16.80872786 -10.84011119]
[ 16.80878658 -10.84011878]
[ 16.80884586 -10.84012563]
[ 16.80897054 -10.84015789]
[ 16.80902642 -10.84015895]
[ 16.80907353 -10.84015529]
[ 16.80912915 -10.84015353]
[ 16.8092449  -10.84017401]
[ 16.80929469 -10.84016441]
[ 16.80935689 -10.84015796]
[ 16.80943097 -10.84015355]
[ 16.80951233 -10.84014854]
[ 16.80959942 -10.84014163]
[ 16.80969806 -10.84013415]
[ 16.80980294 -10.840123  ]
[ 16.80991823 -10.84010861]
[ 16.81002083 -10.84008243]
[ 16.81013944 -10.84005426]
[ 16.81027108 -10.84002121]
[ 16.81042247 -10.83998318]
[ 16.81056286 -10.83993   ]
[ 16.81073149 -10.83987227]
[ 16.81090879 -10.8398019 ]
[ 16.81110268 -10.8397195 ]
[ 16.81131068 -10.83962275]
[ 16.81154465 -10.8395117 ]
[ 16.81180093 -10.83938255]
[ 16.81210799 -10.83923446]
[ 16.81258217 -10.83906446]
[ 16.81292373 -10.83883042]
[ 16.8132796  -10.83857752]
[ 16.81370235 -10.8383012 ]
[ 16.81428137 -10.83798042]
[ 16.81489499 -10.83759991]
[ 16.81411737 -10.83696745]
[ 16.81409435 -10.83638344]
[ 16.81445815 -10.83579115]
[ 16.81506357 -10.83515758]
[ 16.81586295 -10.83445652]
[ 16.8168921  -10.83364684]
[ 16.81797556 -10.83276945]
[ 16.81922214 -10.83179272]
[ 16.8206421  -10.83070148]
[ 16.82223419 -10.82948908]
[ 16.82399605 -10.82815427]
[ 16.82596415 -10.82668034]
[ 16.82820614 -10.82503152]
[ 16.83059607 -10.8232643 ]
[ 16.8332802  -10.82131633]
[ 16.83628728 -10.81916724]
[ 16.83961499 -10.8168155 ]
[ 16.84360789 -10.81408356]
[ 16.84794092 -10.8111175 ]
[ 16.85254059 -10.80797701]
[ 16.85750342 -10.80462974]
[ 16.86295192 -10.80101708]
[ 16.86904554 -10.79705591]
[ 16.87634545 -10.79245346]
[ 16.88562002 -10.78680969]
[ 16.89396439 -10.78156106]
[ 16.90297457 -10.77601731]
[ 16.91297243 -10.77001148]
[ 16.9237054 -10.763669 ]
[ 16.93752214 -10.75585896]
[ 16.95408173 -10.74672635]
[ 16.96772462 -10.73894593]
[ 16.98234056 -10.73082601]
[ 16.99811151 -10.72226442]
[ 17.01489114 -10.7133203 ]
[ 17.0324796  -10.70408183]
[ 17.05083009 -10.69456997]
[ 17.07054952 -10.68452018]
[ 17.09120642 -10.67410415]
[ 17.11275935 -10.66333142]
[ 17.13515608 -10.65220949]
[ 17.15887611 -10.64052779]
[ 17.18305241 -10.6285857 ]
[ 17.20727658 -10.61651487]
[ 17.2326187  -10.60388004]
[ 17.25838643 -10.59086132]
[ 17.28413979 -10.57755662]
[ 17.31105318 -10.5634814 ]
[ 17.33901803 -10.54853503]
[ 17.36687273 -10.53294209]
[ 17.39377189 -10.51687679]
[ 17.4202492 -10.5000777]
[ 17.4471515  -10.48206519]
[ 17.47388766 -10.46268379]
[ 17.49986422 -10.44176621]
[ 17.52443086 -10.41791213]
[ 17.54705039 -10.39233837]
[ 17.56728707 -10.36501555]
[ 17.58619303 -10.33520625]
[ 17.60529096 -10.30126726]
[ 17.62047898 -10.26363589]
[ 17.64445351 -10.22038367]
[ 17.6554969 -10.1578315]
[ 17.65866369 -10.09235099]
[ 17.65906631 -10.02400568]
[17.65679457 -9.95120651]
[17.65169605 -9.87154953]
[17.64318291 -9.78296252]
[17.62958523 -9.67903711]
[17.61207235 -9.5679208 ]
[17.59087745 -9.44984066]
[17.56269174 -9.3156385 ]
[17.53129404 -9.17591273]
[17.49426766 -9.02652127]
[17.45142179 -8.86840188]
[17.40088598 -8.69972686]
[17.34337066 -8.52437166]
[17.27636894 -8.34133347]
[17.1838057  -8.15047212]
[17.08278946 -7.95623918]
[16.96804673 -7.75686736]
[16.83605914 -7.55238269]
[16.68338183 -7.3429774 ]
[16.50703192 -7.12931578]
[16.30743858 -6.9141929 ]
[16.08475179 -6.70020669]
[15.84028365 -6.49032091]
[15.57623921 -6.28743833]
[15.29194048 -6.09307987]
[14.99283711 -5.90919764]
[14.67815827 -5.73559968]
[14.34638057 -5.57119054]
[13.89591949 -5.51115936]
[13.49420513 -5.30658791]
[13.10472653 -5.12854987]
[13.03583333 -5.10338302]
[12.92206934 -5.06343547]
[12.78135643 -5.01438532]
[12.62766665 -4.95996068]
[12.47136796 -4.89727544]
[12.32523904 -4.8267647 ]
[12.19766042 -4.74402433]
[12.08520029 -4.645917  ]
[12.00224506 -4.53720876]
[11.94926553 -4.41680713]
[11.91947437 -4.28486672]
[11.90294231 -4.14365206]
[11.90099392 -3.99417395]
[11.89212694 -3.8411099 ]
[11.87871842 -3.68575334]
[11.84941986 -3.53076589]
[11.79907086 -3.37739807]
[11.77280714 -3.20912952]
[11.68392346 -3.02836838]
[11.50604296 -2.85019522]
[11.29017014 -2.69192119]
[11.06574047 -2.56974377]
[10.86313767 -2.48844791]
[10.69499863 -2.45240485]
[10.57449925 -2.45941659]
[10.51190878 -2.50385052]
[10.50980155 -2.57447847]
[10.57918802 -2.66378159]
[10.78120852 -2.77252177]
[10.93435017 -2.8538271 ]
[11.13056206 -2.92892052]
[11.23309321 -2.99157625]
[11.29023331 -3.05795831]
[11.29874935 -3.13704142]
[11.266261   -3.23767967]
[11.20344803 -3.37152127]
[11.10597866 -3.53659243]
[10.98713348 -3.73479824]
[10.85687753 -3.95996563]
[10.7272544  -4.20637351]
[10.62439608 -4.49785486]
[10.51644766 -4.7056712 ]
[10.43350385 -4.8753478 ]
[10.37872668 -4.9948243 ]
[10.34592665 -5.04440903]
[10.32439337 -5.01384225]
[10.3092573  -4.89652689]
[10.28553416 -4.69292448]
[10.25076647 -4.41483335]
[10.20536537 -4.07521554]
[10.15569636 -3.69981693]
[10.10981442 -3.28039013]
[10.08273758 -2.83826025]
[10.09824763 -2.38720711]
[10.18034911 -2.03012085]
[10.34437396 -1.75597812]
[10.64607688 -1.59599282]
[11.02949046 -1.60766113]
[11.44796159 -1.74958146]
[11.88583839 -1.99018185]
[12.34185903 -2.31228072]
[12.80034081 -2.68750404]
[13.20879412 -3.05363733]
[13.60495371 -3.42284635]
[13.95276233 -3.74154102]
[14.21644297 -3.96452849]
[14.38373219 -4.07544059]
[14.40939159 -4.05156761]
[14.25818016 -3.89760303]
[13.89645136 -3.63574045]
[13.28185069 -3.29450941]
[12.47283212 -2.95337983]
[11.44053157 -2.61756071]
[10.17038314 -2.29941946]
[ 8.77617823 -2.02626957]
[ 7.2610483  -1.80347086]
[ 5.80981601 -1.65795071]
[ 4.44749176 -1.61385672]
[ 3.25994031 -1.71446677]
[ 2.45268729 -1.96386879]
[ 2.01143557 -2.38525405]
[ 1.98055531 -2.89181225]
[ 2.27367959 -3.55419505]
[ 2.82968819 -4.24199483]
[ 3.61341844 -5.03245862]
[ 4.54229624 -5.87592395]
[ 5.52469433 -6.74891742]
[ 6.41869381 -7.56208982]
[ 7.20478907 -8.34992737]
[ 7.82700801 -9.08712554]
[ 8.24923815 -9.7491318 ]
[  8.45652955 -10.31264337]
[  8.45323218 -10.75602106]
[  8.25880867 -11.05979714]
[  7.89164389 -11.21671343]
[  7.25562007 -11.24379177]
[  6.54089874 -10.95333465]
[  5.77923551 -10.43243109]
[ 4.9554237  -9.72726337]
[ 4.16856879 -8.96487328]
[ 3.44442404 -8.23185745]
[ 2.81183663 -7.60597226]
[ 2.27278476 -7.13227247]
[ 1.88842287 -6.85973199]
[ 1.67346542 -6.80567294]
[ 1.65131789 -6.98633461]
[ 2.02321337 -7.78001777]
[ 2.53883808 -8.61565788]
[ 3.15581428 -9.38918055]
[  3.86810466 -10.11492372]
[  4.78042215 -10.93582991]
[  7.00022831 -12.67447472]
[  8.79903812 -13.92441342]
[ 10.22772386 -14.82069968]
[ 12.17363274 -16.2787992 ]
[ 13.04317541 -16.76620268]
[ 13.72746267 -17.15962982]
[ 14.27723257 -17.51351896]
[ 14.64803736 -17.78324865]
[ 14.86815589 -18.00274986]
[ 14.91579854 -18.14253816]
[ 14.79449919 -18.18470678]
[ 16.52980426 -20.39032156]
[ 17.93568925 -22.02513172]
[ 19.11481794 -23.21212709]
[ 20.04020127 -23.90794595]
[ 20.68288177 -24.0668577 ]
[ 21.01347557 -23.64571873]
[ 21.00124643 -22.61124717]
[ 21.49575272 -22.26174398]
[ 21.78194086 -21.49451216]
[ 21.93636201 -20.26040226]
[ 21.98349091 -18.69219709]
[ 21.97543698 -16.71436415]
[ 21.9255075  -14.47151005]
[ 21.8329446  -12.16920988]
[21.67238339 -9.72128431]
[21.4059567  -7.34886767]
[21.00245725 -5.15766048]
[20.45037248 -3.22578414]
[19.79015028 -1.66632636]
[19.01856133 -0.33292114]
[18.21464369  0.70993882]
