Person 91
Starting Actual Velocity = [1.11313503 0.78947663]
[19.35139462 15.74854976]
[19.00182401 14.29863214]
[18.59649721 13.36684509]
[18.33054481 12.81617749]
[18.14464246 12.45021258]
[18.01221929 12.19152689]
[17.91418527 11.9979749 ]
[17.84466076 11.85509973]
[17.78751543 11.73555592]
[17.74988839 11.64828214]
[17.70095989 11.54719914]
[17.66928002 11.47379669]
[17.63848969 11.40368509]
[17.61510007 11.34556668]
[17.60568656 11.30749288]
[17.57698284 11.24329115]
[17.57715212 11.21879893]
[17.6591369  11.30409829]
[17.55259389 11.12714318]
[17.50069176 11.02909915]
[17.50136929 11.00558641]
[17.44894914 10.90737742]
[17.40992198 10.8307455 ]
[17.37423803 10.76215896]
[17.33777628 10.69725709]
[17.32595331 10.68703323]
[17.27525665 10.62322087]
[17.19953684 10.52654991]
[17.12368037 10.45300073]
[17.04130978 10.39775194]
[16.95031989 10.3651556 ]
[16.8465353  10.35249313]
[16.72619724 10.35775852]
[16.58414114 10.37598705]
[16.41327618 10.3980534 ]
[16.20435115 10.40432472]
[15.9551905 10.4118889]
[15.66120676 10.42481009]
[15.3429343  10.65603483]
[14.91210448 10.67657972]
[14.45030804 10.71777083]
[13.96471909 10.86467893]
[13.65224108 11.59828291]
[13.24403168 11.95721488]
[12.65315164 12.31133969]
[11.87595695 12.72326443]
[11.28000534 13.04480152]
[10.79037894 12.99397692]
[10.04321234 12.33346602]
[ 8.8153721  11.38456186]
[ 7.06817816 10.75931784]
[ 9.86205659 13.57250132]
[13.96396001 12.95657939]
[16.37966498  9.36948446]
[14.96772191  9.11562865]
[14.50192114 11.68454302]
[22.74716163 13.48781043]
[21.70316125  6.6610507 ]
[30.8505325  -8.93578691]
[ 35.38747871 -11.9756316 ]
[36.74336526 -6.19680346]
