Person 91
Starting Actual Velocity = [ 1.14635535 -0.30815798]
[18.17725815 -4.76264257]
[18.94926241 -4.98279309]
[19.13452695 -5.04172186]
[19.19064009 -5.05989048]
[19.20141718 -5.06616731]
[19.19865045 -5.06883607]
[19.19163609 -5.07028307]
[19.18536448 -5.06999278]
[19.17790329 -5.06972678]
[19.1744293  -5.06690848]
[19.1626145 -5.068267 ]
[19.15641516 -5.06643571]
[19.14838714 -5.06532084]
[19.14322706 -5.06255656]
[19.14722529 -5.05508624]
[19.13661238 -5.054639  ]
[19.15028025 -5.04259863]
[19.23444616 -4.99814738]
[19.16075365 -5.02632731]
[19.13158204 -5.03423231]
[19.16556598 -5.01489436]
[19.13039536 -5.02429603]
[19.44157213 -4.90909045]
[19.56096314 -4.86831048]
[19.67605481 -4.82835204]
[19.70162346 -4.82835372]
[19.67620274 -4.84903558]
[19.66140637 -4.86471446]
[19.6510344  -4.87795898]
[19.64594364 -4.88874032]
[19.64061583 -4.89908306]
[19.63277607 -4.90967698]
[19.62141576 -4.92062495]
[19.60538086 -4.93182304]
[19.57393492 -4.94527858]
[19.53267122 -4.95795049]
[19.46048383 -4.97285194]
[19.43204716 -4.96686257]
[19.16689815 -5.00207266]
[18.78264422 -5.04492302]
[18.3230359  -5.07912847]
[17.99410329 -5.07619146]
[17.55117183 -5.11730207]
[17.22665083 -5.17430875]
[17.02101927 -5.24873457]
[16.84733851 -5.31183089]
[16.56672991 -5.30886093]
[15.9998235  -5.16460272]
[14.8792935  -4.79576391]
[13.04735001 -3.94725454]
[11.58255749 -2.28117209]
[10.49512189 -0.43008519]
[10.72240092  0.24797936]
[10.83461429 -0.31063622]
[ 9.22859736 -1.58278308]
[ 6.16789304 -1.12513222]
[ 6.79699378 -2.75796238]
[10.97627257 -4.05370023]
[16.69769316 -4.61109308]
[19.46622639 -3.60662678]
[19.16987205 -1.20701369]
[14.34310333  2.27471659]
[8.79934029 5.47145689]
[10.77817188  5.94150428]
[21.24140555  4.49766578]
[27.95928185  5.9110712 ]
[33.98129497  7.0146281 ]
[34.01121409  3.17807925]
[26.04205126 -7.39364978]
[20.59883657 -8.43516568]
