Person 91
Starting Actual Velocity = [ 1.20401601 -0.07863663]
[18.92562846 -1.07742606]
[19.76413946 -1.13201204]
[19.98088877 -1.13962786]
[20.05411131 -1.12906149]
[20.08086509 -1.11623425]
[20.09403993 -1.10321539]
[20.10315672 -1.09057912]
[20.11091815 -1.07615758]
[20.1184161  -1.06294461]
[20.12563167 -1.04622469]
[20.13340403 -1.03790929]
[20.14086827 -1.02524342]
[20.14848775 -1.01483434]
[20.15606922 -1.00278825]
[20.16351497 -0.98423363]
[20.17162797 -0.9778997 ]
[20.17920284 -0.95452504]
[20.18337459 -0.88259447]
[20.19555069 -0.92258225]
[20.20500471 -0.93266024]
[20.21371629 -0.902604  ]
[20.22297417 -0.91616316]
[20.23182825 -0.91858229]
[20.24069787 -0.9161423 ]
[20.24975667 -0.91080385]
[20.26081876 -0.86929177]
[20.27153127 -0.85850178]
[20.2809385 -0.8695652]
[20.29073159 -0.87211701]
[20.30098494 -0.8702376 ]
[20.31199855 -0.86363886]
[20.3236391  -0.85519706]
[20.33586488 -0.84608831]
[20.34868684 -0.83683281]
[20.36214764 -0.82771187]
[20.3756298  -0.82271308]
[20.39018613 -0.81595781]
[20.40533247 -0.81104673]
[20.4316522  -0.75680542]
[20.4477625  -0.76851572]
[20.46255404 -0.78957434]
[20.47985997 -0.80508417]
[20.51269891 -0.77594624]
[20.53050288 -0.81217452]
[20.55282223 -0.8415581 ]
[20.58042042 -0.86673536]
[20.61255735 -0.89357988]
[20.64924683 -0.92511037]
[20.69364667 -0.95919136]
[20.74426911 -1.00203059]
[20.7305055  -1.06539784]
[20.7537222  -1.13876085]
[20.80825045 -1.20824137]
[20.88318267 -1.27984725]
[20.9792403  -1.35467352]
[21.06088851 -1.44606922]
[21.16503386 -1.53587548]
[21.26444896 -1.63224525]
[21.36304653 -1.7309084 ]
[21.45078103 -1.83164954]
[21.53647525 -1.93091535]
[21.6055006  -2.03117031]
[21.68862175 -2.12598428]
[21.95498004 -2.18059134]
[21.8297008  -2.34331738]
[21.66195972 -2.51053092]
[21.52489251 -2.6568416 ]
[21.51436975 -2.74098175]
[21.37848688 -2.86918425]
[21.10787649 -3.0479282 ]
[20.81867348 -3.21297881]
[20.5244069  -3.34948507]
[20.24144867 -3.43893569]
[19.97712453 -3.46644429]
[19.77529388 -3.38819521]
[19.38352658 -3.38286116]
[19.00776732 -3.30636757]
[18.64573952 -3.16753565]
[18.28761989 -2.99487497]
[17.93051763 -2.81988215]
[17.5920826  -2.65546946]
[17.2659887 -2.5270585]
[16.74721853 -2.59650841]
[16.234532   -2.77847655]
[15.82988286 -3.01292399]
[15.60724572 -3.18964525]
[15.80709086 -3.06413486]
[15.96239094 -2.78688714]
[15.95714019 -2.43269935]
[15.84421787 -2.02560364]
[15.66879986 -1.62094282]
[15.46795565 -1.28742899]
[15.40703301 -0.99750696]
[15.67172046 -0.75679628]
[14.93222424 -1.48639546]
[14.70958056 -2.18489443]
[15.08977792 -2.68584289]
[15.68514088 -3.04545563]
[16.8989202  -2.93654276]
[16.71966841 -2.38642556]
[14.80963614 -2.55358605]
[14.00753043 -1.71431237]
[14.74469087 -0.45203444]
[15.89015504  0.86881913]
[16.70009897  1.8087205 ]
[16.8962942   2.28961079]
[16.64179925  2.4682245 ]
[16.51622905  2.15498622]
[15.79408157  0.93130792]
[14.26548274 -1.17584986]
[13.37776686 -3.44232876]
[13.46366461 -4.65087651]
[15.54761079 -4.39096978]
[17.35275304 -3.13985167]
[18.50390266 -2.05496044]
[17.00655518 -0.33277904]
[14.5455195   4.67657916]
[11.95794405 13.78679661]
[10.46622574 21.61373203]
[20.52946995 25.21131263]
[25.9500232  23.86123786]
[24.24532168 20.87277164]
[14.93636212 14.06488122]
[3.91793206 4.03998073]
[ 11.00951762 -18.60189321]
[ 19.50592837 -26.32677065]
[ 26.01223237 -23.78761589]
[ 30.84980916 -15.36134821]
[34.85768448 -6.09694001]
