Person 91
Starting Actual Velocity = [0.59654741 1.04681368]
[ 9.38184313 16.46266915]
[ 9.79417041 17.14368665]
[ 9.89945627 17.30277619]
[ 9.93431174 17.34756112]
[ 9.94619227 17.35796162]
[ 9.9514586  17.35961237]
[ 9.95488241 17.35919658]
[ 9.95796246 17.35834073]
[ 9.96112739 17.35737888]
[ 9.96466084 17.35629837]
[ 9.96832055 17.35520702]
[ 9.97236203 17.35399596]
[ 9.97676045 17.35261107]
[ 9.98165847 17.3509675 ]
[ 9.98733838 17.34892581]
[ 9.99342917 17.34652585]
[10.00076169 17.3434517 ]
[10.01100662 17.33887074]
[10.02020035 17.3339841 ]
[10.03016937 17.32847194]
[10.04262778 17.32130715]
[10.05490675 17.31355731]
[10.06819387 17.30474592]
[10.0826103  17.29468426]
[10.0983121  17.28315313]
[10.1179646 17.268133 ]
[10.13917991 17.25067786]
[10.16054561 17.23195551]
[10.18314202 17.21125295]
[10.20699914 17.18838827]
[10.23234175 17.16298722]
[10.25907567 17.13491552]
[10.28704376 17.10411049]
[10.31601471 17.07059322]
[10.34567951 17.03447814]
[10.37524836 16.99646081]
[10.40467986 16.95647582]
[10.43327077 16.91518721]
[10.46478006 16.86721081]
[10.49136945 16.82172407]
[10.51407721 16.77876536]
[10.53354299 16.73778802]
[10.55194544 16.69450266]
[10.56359463 16.65817064]
[10.57138092 16.62491544]
[10.57576172 16.59506578]
[10.57662215 16.56871844]
[10.57394085 16.54597657]
[10.56779734 16.52660852]
[10.55814821 16.51091145]
[10.54512721 16.49877786]
[10.52923183 16.49076272]
[10.51107433 16.48560622]
[10.49084534 16.48309751]
[10.46864843 16.48290159]
[10.4451465  16.48520424]
[10.42079286 16.48858382]
[10.39585189 16.49297223]
[10.37079979 16.49757503]
[10.34602537 16.50175048]
[10.32201197 16.50437964]
[10.29895961 16.5047409 ]
[10.27784381 16.50050802]
[10.26389635 16.48274282]
[10.23995695 16.47289355]
[10.21853644 16.45260097]
[10.20216966 16.41306522]
[10.19576785 16.33664824]
[10.18436506 16.23301668]
[10.16305061 16.10337737]
[10.13401794 15.93344137]
[10.09195807 15.71764365]
[10.03038449 15.44835449]
[ 9.94017501 15.11511706]
[ 9.8090344  14.68633291]
[ 9.6225965  14.21182837]
[ 9.37343695 13.625968  ]
[ 9.03630157 12.91304048]
[ 8.60683166 12.10043427]
[ 8.13777282 11.25971206]
[ 7.72727854 10.46055064]
[7.47970115 9.74202228]
[7.47313641 9.1509701 ]
[7.68281524 8.60307372]
[8.04804439 8.10249317]
[8.46672549 7.72199991]
[8.8241275  7.47054733]
[9.0810268  7.46198383]
[9.30810334 7.58711079]
[9.53287181 7.6735001 ]
[9.75367903 7.58687447]
[9.97970502 7.2254885 ]
[10.26807985  6.45002081]
[10.72171322  4.95969818]
[10.61086551  3.51552607]
[7.94765654 0.72899445]
[ 1.73880869 -5.38079284]
[ -2.23957855 -10.19693068]
[ 0.19414295 -9.62392854]
[ 6.57234078 -5.05997048]
[ 9.29393578 -1.99515462]
[10.21011756  0.30990242]
[9.90357559 1.91780101]
[8.97341884 2.94519756]
[7.83673419 3.60422138]
[6.67425483 4.05211161]
[5.52549683 4.46723153]
[4.49395191 5.01864044]
[3.66994285 5.76793296]
[3.1381547 6.6407025]
[2.91240965 7.53041696]
[2.94167502 8.32527845]
[3.11416378 9.25673493]
[ 3.28946734 10.26584807]
[ 3.37709457 11.14938687]
[ 3.34726902 11.66694712]
[ 3.18405059 11.56598451]
[ 2.79231454 10.7148581 ]
[2.07830953 9.44789909]
[1.15075794 8.30752803]
[0.20481726 7.56914425]
[-0.60665403  7.21545609]
[-1.24668685  7.06235358]
[-1.91018593  6.99169822]
[-2.75592695  7.14848527]
[-3.80412649  8.83505625]
[-4.15015595 10.56825566]
[-3.04389581 11.06811964]
[0.17362263 8.97108701]
[3.90927369 5.1562803 ]
[7.48739959 0.59365132]
[4.38463805 0.98655415]
[1.74910475 2.12272747]
[0.11946291 3.00302198]
[-0.51011735  3.33993773]
[-0.63113846  3.19650304]
[-0.77582769  3.36304679]
[-1.81962938  4.17743042]
[-2.18266129  4.72987933]
[-2.04465657  5.32412565]
[-1.37003713  5.56705987]
[-0.51310603  5.4398623 ]
[0.35975925 4.77389056]
[1.25814227 3.60754678]
[2.12843627 2.55823577]
[2.95042571 2.17769692]
[3.5006557  3.06233947]
[3.57759077 4.42363863]
[3.21435759 5.6985049 ]
[2.48532306 6.5256815 ]
[1.53799003 6.76432426]
[0.55288542 6.40681258]
[0.21083304 7.74316587]
[0.26555084 8.3123317 ]
[0.62844142 8.40822524]
[1.0373379  8.17967558]
[1.21581796 7.81733799]
[1.03465915 7.43156175]
[0.53970223 7.02104914]
[-0.11632906  6.52481284]
[-2.36084564  4.24503077]
[-1.41664421  4.99424226]
[-1.05086335  5.93194233]
[-1.25992274  6.78521015]
[-1.97873319  7.29822182]
[-3.07673239  7.40776518]
[-4.42850948  7.52815534]
[-5.79731283  8.15566634]
[-6.66280179  9.48687159]
[-6.47781962 11.51383899]
[-2.56406676 18.12267978]
[ 1.76156251 20.53220151]
[ 6.60391441 19.66739428]
[11.2049651  16.34499908]
[13.90932127 12.11907774]
[13.24434062  8.19734225]
[9.00893977 4.59766521]
[2.79460535 1.61386538]
[-1.55444236  5.48273746]
[-3.28019088  7.7705019 ]
[-2.26446307  8.15631374]
[1.20944986 5.83605053]
[4.10225883 1.69501099]
[ 3.78725319 -1.58211315]
[ 0.94107416 -2.10226259]
[-2.27334821 -1.58027214]
[-5.21427356  0.14632613]
[-6.42592597  3.11994414]
[-5.66832978  7.10382056]
[-3.38897656 11.59529128]
[ 0.53813205 19.96939493]
[ 4.61826545 26.19087694]
[ 9.3683119 30.1112097]
[14.11923498 30.20024   ]
[20.86740298 27.30101246]
[27.50540028 23.77157502]
