Person 91
Starting Actual Velocity = [1.1770921  0.28791914]
[18.55809922  4.44588261]
[19.34821087  4.62643103]
[19.53846183  4.65472764]
[19.59338162  4.64403392]
[19.60267481  4.62215729]
[19.59850377  4.5972181 ]
[19.59020874  4.57160488]
[19.58105442  4.54521501]
[19.57106758  4.51929405]
[19.56149229  4.49265325]
[19.54991925  4.46846257]
[19.53916465  4.44400313]
[19.52780644  4.42059213]
[19.51655025  4.39772434]
[19.50606864  4.37494507]
[19.49295706  4.35420454]
[19.48263792  4.33380259]
[19.48418873  4.31613401]
[19.45621558  4.29578277]
[19.4372175   4.27940242]
[19.42642862  4.26685688]
[19.4063197   4.25282382]
[19.38896131  4.24148924]
[19.37249895  4.23208672]
[19.35628943  4.22436935]
[19.34670062  4.22218295]
[19.32892458  4.21789872]
[19.30612857  4.21240315]
[19.2853446   4.20924992]
[19.26525112  4.20772945]
[19.24572265  4.20776835]
[19.22601091  4.20893678]
[19.20583912  4.21100104]
[19.18511606  4.21379054]
[19.41817652  4.55065243]
[19.48576505  4.65888213]
[19.48578585  4.67265428]
[19.48415066  4.65999273]
[19.43789722  4.61946959]
[19.3869407   4.57744128]
[19.34072658  4.53992617]
[19.31992418  4.51630602]
[19.26719605  4.48154632]
[19.22259674  4.45300982]
[19.18461246  4.42958831]
[19.15026143  4.40950905]
[19.11830542  4.39181752]
[19.0912188   4.37737171]
[19.06552429  4.36423474]
[19.04302555  4.35302674]
[19.01060241  4.33720256]
[18.98541501  4.32488166]
[18.96435174  4.31454724]
[18.95002619  4.30748099]
[18.92308802  4.29410451]
[18.90793545  4.2865632 ]
[18.89029901  4.27783655]
[18.87446177  4.27017168]
[18.85981117  4.26523715]
[18.85187993  4.26515755]
[18.84760159  4.26619018]
[18.85948417  4.27470315]
[18.94629306  4.32308719]
[18.90812022  4.30197713]
[18.86879264  4.27995228]
[18.85084746  4.27036959]
[18.88257071  4.2897716 ]
[18.88737272  4.29370491]
[18.86201736  4.27977116]
[18.83684871  4.26566775]
[18.81382421  4.25248607]
[18.79671725  4.24223488]
[18.78772237  4.23579292]
[18.79820059  4.23905397]
[18.77198589  4.21835688]
[18.7518057   4.19861927]
[18.73416331  4.17722264]
[18.71406124  4.15064671]
[18.68921757  4.11707079]
[18.66552785  4.07912367]
[18.65032149  4.03949638]
[18.61816434  3.98326738]
[18.59612471  3.92361043]
[18.58218484  3.85794128]
[18.57211772  3.78293292]
[18.60219144  3.71099064]
[18.42004239  3.68531493]
[18.32912292  3.60463956]
[18.30342634  3.49468306]
[18.32925115  3.36657258]
[18.39957858  3.2245876 ]
[18.54268762  3.07240183]
[18.78660346  2.90679771]
[18.83623217  2.69702028]
[18.90862949  2.49519077]
[19.01097547  2.30522935]
[19.11292406  2.12847918]
[19.33515427  1.97821962]
[19.58482895  1.84440729]
[19.58277364  1.6946845 ]
[19.61080154  1.58185833]
[19.65701506  1.50443073]
[19.70224576  1.45770543]
[19.72402735  1.4381034 ]
[19.71907061  1.44278409]
[19.70166083  1.47592282]
[19.67193521  1.56021664]
[19.61152082  1.65476807]
[19.523067    1.76000183]
[19.41675961  1.88303495]
[19.27675978  2.01350616]
[19.10480957  2.14885218]
[18.92126993  2.30203126]
[18.71461853  2.46229534]
[18.48399211  2.62276829]
[18.24750487  2.79279779]
[18.00082198  2.96475137]
[17.73024959  3.12216813]
[17.43629782  3.2567319 ]
[17.13774185  3.37302927]
[16.85153149  3.47429083]
[16.57496321  3.5521104 ]
[16.31011823  3.60039325]
[16.07330188  3.61708848]
[15.84708958  3.59895326]
[15.63844521  3.55276196]
[15.48285093  3.48509293]
[15.44057331  3.39540416]
[15.37591497  3.291432  ]
[16.06536185  3.13981101]
[16.14095083  2.94459687]
[15.96140352  2.77281387]
[15.835644    2.63209515]
[15.73886919  2.52606637]
[15.65669184  2.4542019 ]
[15.33386555  1.99035018]
[15.13799464  1.76187366]
[14.84384231  1.70495747]
[14.59447701  1.75294197]
[14.48403777  1.90182487]
[14.36069024  2.01053214]
[14.32175021  2.10370188]
[14.34674459  2.15868242]
[14.4402702   2.17248531]
[14.53474434  2.12793033]
[14.62838113  2.03037499]
[14.69582454  1.88322723]
[14.70914795  1.70440035]
[14.71113911  1.53172488]
[14.72894949  1.40963119]
[14.79031463  1.37969516]
[14.90869688  1.46520497]
[15.06173044  1.65117187]
[15.23012242  1.90490495]
[15.38649387  2.18028357]
[15.50547227  2.43040234]
[15.57322612  2.6258824 ]
[15.54913453  2.72249244]
[15.41440026  2.71244589]
[15.14137828  2.59252016]
[14.85613153  2.76333958]
[14.05672899  2.00439791]
[13.34610042  1.36460186]
[12.79340236  0.95525204]
[12.46425435  0.79804222]
[12.38810311  0.82584722]
[12.57818366  0.97101013]
[13.04155854  1.19896145]
[13.68525771  1.4611811 ]
[14.45433069  1.76068422]
[15.18693993  2.04964145]
[15.68843987  2.21807047]
[15.98720076  2.31966361]
[15.99411976  2.33228685]
[15.65952101  2.24867395]
[15.01315767  2.09814686]
[14.1278889  1.9663062]
[13.18347241  1.86262172]
[12.34303885  1.8493894 ]
[11.22254787  2.29000468]
[10.69712188  2.60725579]
[10.87082599  3.00463888]
[11.53242029  3.03668081]
[12.11996593  2.79293751]
[12.61790771  2.77273435]
[12.71617511  2.97429508]
[12.41123808  3.48574349]
[11.52031056  4.09336581]
[10.03619142  4.65011201]
[8.04467953 5.02829208]
[5.89561294 5.1522677 ]
[3.76361966 5.01543352]
[2.03366214 4.76410723]
[1.88771463 4.06823654]
[2.94226045 3.36488458]
[4.47710595 2.64648716]
[6.61394593 2.31207036]
[8.72688752 2.32535828]
[10.87707132  2.55191036]
[13.1806827   2.85145637]
[15.40101439  3.06665769]
[17.48526424  3.18566347]
[19.27787837  3.24557009]
[20.65307299  3.31714443]
[22.34122096  3.70058348]
[22.26444335  3.88226789]
[20.98604962  3.87818662]
[18.71458214  3.58761256]
[16.03600028  3.0004128 ]
[13.785538    2.35865059]
[12.53484905  1.99334928]
[12.63568282  2.11801152]
[16.45590376  4.34602659]
[26.05221785  3.86594393]
[33.24775695  3.53823975]
[38.76623857  3.4836629 ]
[42.55775481  3.81170984]
[44.74111729  4.56689407]
[44.9090135   5.61117206]
[43.8021732   6.74796424]
[41.55568093  7.759274  ]
[38.43451274  8.014193  ]
