Person 91
Starting Actual Velocity = [ 1.13061412 -0.49475196]
[17.63797683 -7.9963743 ]
[18.44764514 -8.05379887]
[18.66958683 -7.91929955]
[18.75220464 -7.77356187]
[18.78661912 -7.64554781]
[18.80474164 -7.53926637]
[18.81638055 -7.45144345]
[18.82508632 -7.37840944]
[18.83186897 -7.31600198]
[18.83780448 -7.26322421]
[18.84199336 -7.21445315]
[18.84584408 -7.17358126]
[18.84891128 -7.13663567]
[18.8516672 -7.104319 ]
[18.85474624 -7.07728978]
[18.85632156 -7.04799179]
[18.85944464 -7.02740982]
[18.87122935 -7.02550936]
[18.86552416 -6.97900419]
[18.86413874 -6.95015213]
[18.86712068 -6.93802331]
[18.86565163 -6.91151416]
[18.86525255 -6.8913827 ]
[18.86521227 -6.87439564]
[18.86532145 -6.85932385]
[18.86815431 -6.85592048]
[18.86854988 -6.84154043]
[18.86744082 -6.82106288]
[18.86691671 -6.80433538]
[18.86662078 -6.78958041]
[18.86650689 -6.77653558]
[18.86642467 -6.76411998]
[18.86632044 -6.75189043]
[18.86617275 -6.73965617]
[18.86597036 -6.72732845]
[18.86558725 -6.71385608]
[18.86520328 -6.7009644 ]
[18.8647155 -6.6876623]
[18.86586069 -6.68809497]
[18.86468591 -6.66937252]
[18.86342835 -6.64894699]
[18.86231618 -6.63110154]
[18.86197935 -6.62725451]
[18.86040873 -6.60476209]
[18.85897975 -6.58597569]
[18.85751896 -6.57015529]
[18.855951   -6.55569876]
[18.85425209 -6.54195267]
[18.85236356 -6.53019559]
[18.85031465 -6.51864615]
[18.84807099 -6.50823599]
[18.84592712 -6.49252031]
[18.84352923 -6.48012411]
[18.84091575 -6.46957149]
[18.83798499 -6.46217355]
[18.8353684  -6.44858465]
[18.83227286 -6.44074656]
[18.82918847 -6.43181107]
[18.82597709 -6.42391911]
[18.82275938 -6.41586615]
[18.81928722 -6.41052595]
[18.81575292 -6.40578051]
[18.81155075 -6.40826962]
[18.80547621 -6.44793595]
[18.80235972 -6.42585948]
[18.79998614 -6.40444446]
[18.79685034 -6.39527129]
[18.79141497 -6.41365663]
[18.78705129 -6.41979246]
[18.78369689 -6.41311402]
[18.78008024 -6.4095452 ]
[18.77619007 -6.40970387]
[18.77181382 -6.41541409]
[18.76678273 -6.42784902]
[18.75998343 -6.45367592]
[18.75559069 -6.45934759]
[18.75073265 -6.46958708]
[18.74575153 -6.48230614]
[18.74116482 -6.49428807]
[18.73731035 -6.50371365]
[18.73381966 -6.51357007]
[18.73017711 -6.52763376]
[18.72853085 -6.5313897 ]
[18.72675302 -6.53949447]
[18.72515221 -6.54997833]
[18.72424691 -6.55943143]
[18.72144236 -6.58660319]
[18.72129812 -6.59925055]
[18.7235302  -6.59926142]
[18.72669369 -6.59678156]
[18.73000881 -6.59725199]
[18.73304641 -6.60402041]
[18.73398982 -6.63259462]
[18.73215946 -6.69663736]
[18.74178671 -6.66768761]
[18.75065604 -6.64754289]
[18.75833781 -6.64023651]
[18.76639845 -6.6334142 ]
[18.76897612 -6.68222652]
[18.77217304 -6.74287145]
[18.78828183 -6.68404   ]
[18.80220322 -6.64618416]
[18.81457822 -6.62476422]
[18.82634805 -6.61160582]
[18.83808034 -6.6010798 ]
[18.84983404 -6.59217688]
[18.86094819 -6.59235927]
[18.87231723 -6.59252127]
[18.88393312 -6.59232991]
[18.89577421 -6.59158446]
[18.88359884 -6.57758345]
[18.88201181 -6.5666963 ]
[18.88740676 -6.55504333]
[18.89575978 -6.55377094]
[18.90694214 -6.55335578]
[18.92023747 -6.55011441]
[18.93389461 -6.55635074]
[18.94806299 -6.5686168 ]
[18.96350598 -6.57432693]
[18.98006625 -6.56891743]
[18.99673222 -6.56211873]
[19.01291768 -6.56346327]
[19.02906382 -6.56670139]
[19.04537445 -6.56725396]
[19.06160989 -6.56888989]
[19.07822196 -6.55719769]
[19.09470568 -6.5341394 ]
[19.1104258  -6.51621827]
[19.1250363  -6.52611961]
[19.14001373 -6.50838004]
[19.14743292 -6.73087412]
[19.16593768 -6.70041673]
[19.18304688 -6.58361878]
[19.19772924 -6.48735918]
[19.21053411 -6.41116499]
[19.22201335 -6.35797347]
[19.23244196 -6.32564937]
[19.24254022 -6.34884038]
[19.25049021 -6.30547997]
[19.25707729 -6.26348221]
[19.26325216 -6.25907247]
[19.26735958 -6.22204866]
[19.27031569 -6.19256848]
[19.27195243 -6.16503592]
[19.38848421 -6.33311254]
[19.47056174 -6.44460854]
[19.52551008 -6.50947815]
[19.55788544 -6.52949148]
[19.57405088 -6.5227102 ]
[19.57702459 -6.49463208]
[19.56916375 -6.44991063]
[19.55231359 -6.39242727]
[19.49227482 -6.17993005]
[19.43634976 -5.99927855]
[19.38414594 -5.84632757]
[19.335145   -5.71695461]
[19.28827528 -5.60942263]
[19.24341589 -5.51741476]
[19.1995323  -5.44043856]
[19.15562598 -5.37830541]
[19.10448301 -5.6558901 ]
[19.04838809 -5.49753983]
[18.99273966 -5.35988335]
[18.93680576 -5.24148907]
[18.88023925 -5.13891987]
[18.8237346  -5.04334614]
[18.76691822 -4.95643125]
[18.70883092 -4.88272409]
[18.6496942  -4.81612784]
[18.58860352 -4.76253318]
[18.52565618 -4.71483858]
[18.46281779 -4.65066727]
[18.39884719 -4.59398214]
[18.33371175 -4.54294141]
[18.26779932 -4.49145667]
[18.20172167 -4.43487469]
[18.13512589 -4.38295663]
[18.06917994 -4.32104822]
[18.00366268 -4.2604647 ]
[17.93902651 -4.19664702]
[17.87538904 -4.13062168]
[17.80867074 -4.15069423]
[17.73739201 -4.16381759]
[17.66197006 -4.10112254]
[17.58488773 -4.00944579]
[17.50991189 -3.88621023]
[17.4320883 -3.7772165]
[17.35235357 -3.66936397]
[17.26916787 -3.56718115]
[17.1803839  -3.47376406]
[17.0845183  -3.38763808]
[16.97705349 -3.31569433]
[16.84348565 -3.29397415]
[16.70609858 -3.21910205]
[16.54612328 -3.16307354]
[16.60582733 -3.31057953]
[16.60674475 -3.38175963]
[16.55799192 -3.39406356]
[16.46209228 -3.36361375]
[16.32572095 -3.28571448]
[16.1520198  -3.17298299]
[15.9454435  -3.03264644]
[15.70585455 -2.8737525 ]
[15.38665889 -2.71029837]
[15.10698688 -2.5181061 ]
[14.82276282 -2.33233974]
[14.53500087 -2.16031148]
[14.25853178 -2.00589642]
[14.00749228 -1.87150692]
[13.77728767 -1.76451029]
[13.58559726 -1.68104687]
[13.43386785 -1.62091058]
[13.20240264 -1.63635117]
[13.03542876 -1.65510939]
[12.91171384 -1.69007541]
[12.82961157 -1.73808779]
[12.78285521 -1.8068249 ]
[12.77798578 -1.84987912]
[12.79726746 -1.89564685]
[12.83554708 -1.9749257 ]
[12.93334716 -1.92506453]
[13.02433923 -1.86986854]
[13.1058784  -1.81700029]
[13.17670406 -1.77136875]
[13.23308646 -1.73091798]
[13.27056695 -1.68497387]
[13.29035264 -1.64525854]
[13.28933977 -1.60686051]
[13.26669433 -1.56566351]
[13.21934304 -1.52683768]
[13.14651096 -1.48600855]
[13.04758425 -1.44271837]
[12.92275093 -1.39696313]
[12.76829941 -1.35722941]
[12.606391   -1.30748542]
[12.42987034 -1.25850169]
[12.23817993 -1.21371022]
[12.04738421 -1.1693032 ]
[11.8531898  -1.13179372]
[11.67277272 -1.09717861]
[11.50148009 -1.07194291]
[11.34159066 -1.06008332]
[11.21201517 -1.05251346]
[11.10692035 -1.05674664]
[11.03746408 -1.05901759]
[10.98987692 -1.07398477]
[10.96776084 -1.08705954]
[10.96273973 -1.11311478]
[10.97493827 -1.1482509 ]
[11.00280493 -1.19773293]
[11.04662871 -1.24511902]
[11.10730649 -1.29921122]
[11.18546125 -1.3591573 ]
[11.28159859 -1.42403183]
[11.39589434 -1.49287724]
[11.52798753 -1.56472939]
[11.67679968 -1.63861322]
[11.84520162 -1.71951101]
[12.0738717  -1.86418905]
[12.296814   -1.96569675]
[12.51452432 -2.04381495]
[12.72900757 -2.111944  ]
[12.91413646 -2.15039846]
[13.0701129  -2.16849192]
[13.19783197 -2.17253447]
[13.30072124 -2.17064486]
[13.3691703  -2.15671801]
[13.40147458 -2.13385736]
[13.39282652 -2.10420437]
[13.34001256 -2.05243439]
[13.2540629  -1.98349484]
[13.1339439  -1.91084364]
[12.98749369 -1.83189519]
[12.81605662 -1.75066376]
[12.59781966 -1.67799781]
[12.35482558 -1.60304546]
[12.12144016 -1.51693998]
[11.90901353 -1.42588579]
[11.60616505 -1.4100103 ]
[11.44382517 -1.30694183]
[11.30706138 -1.20985434]
[11.18647204 -1.1229044 ]
[11.08632962 -1.04541841]
[10.99688106 -0.98256054]
[10.91627564 -0.9337232 ]
[10.84135024 -0.89620411]
[10.7641627  -0.87669564]
[10.68894619 -0.86361539]
[10.61145966 -0.86430801]
[10.53262317 -0.87883388]
[10.45492543 -0.90741763]
[10.3823734  -0.95049579]
[10.32012142 -1.00865367]
[10.27382692 -1.08246811]
[10.24469167 -1.16437356]
[10.23618086 -1.2533185 ]
[10.24929455 -1.36363932]
[10.286046   -1.47942567]
[10.34948402 -1.61656001]
[10.43965752 -1.76578544]
[10.55140621 -1.91617123]
[10.68913704 -2.08464525]
[10.84541093 -2.25885983]
[11.01443525 -2.43533451]
[11.18916531 -2.60987661]
[11.35565895 -2.76826129]
[11.51788388 -2.92485671]
[11.66099553 -3.06348603]
[11.78044456 -3.16813648]
[11.87902744 -3.25225344]
[11.95217465 -3.31157304]
[11.99587321 -3.34540224]
[12.00053899 -3.33906199]
[11.96410319 -3.29418519]
[11.88304039 -3.20762246]
[11.75555408 -3.07763103]
[11.58192182 -2.90418827]
[11.36467668 -2.68915697]
[11.11338977 -2.43915417]
[10.84707261 -2.16687197]
[10.57912615 -1.8831903 ]
[10.2970594  -1.57956263]
[ 9.9979303  -1.25331546]
[ 9.73103423 -0.94402981]
[ 9.48696474 -0.64933435]
[ 9.24715147 -0.35629511]
[ 9.0301359  -0.08568838]
[8.81672902 0.17470241]
[8.61329334 0.41250245]
[8.41800494 0.6206749 ]
[8.24140901 0.7853622 ]
[8.05876425 0.91384968]
[7.88125792 0.99228137]
[7.69884458 1.01572422]
[7.50090539 0.96969267]
[7.29918603 0.85700401]
[7.07557566 0.6557254 ]
[6.84461584 0.3875484 ]
[6.58799952 0.02203655]
[ 6.32509326 -0.39778935]
[ 6.03832703 -0.9102131 ]
[ 5.75296432 -1.45274885]
[ 5.46454105 -2.03884865]
[ 5.15914693 -2.72136416]
[ 4.91917673 -3.32866287]
[ 4.69615506 -3.93699264]
[ 4.49390352 -4.5667319 ]
[ 4.34007507 -5.13656732]
[ 4.23692907 -5.66924319]
[ 4.19408666 -6.15387131]
[ 4.22235872 -6.60697522]
[ 4.32980819 -6.98975188]
[ 4.50713008 -7.27937381]
[ 4.76943701 -7.51883452]
[ 5.08534084 -7.67507745]
[ 5.47679116 -7.78511629]
[ 5.89360522 -7.83264112]
[ 6.38053899 -7.85684994]
[ 6.83730571 -7.84421919]
[ 7.30434757 -7.82621994]
[ 7.77322817 -7.81334455]
[ 8.23494211 -7.81293729]
[ 8.68038744 -7.8295516 ]
[ 9.10079786 -7.86538207]
[ 9.48809569 -7.92071126]
[ 9.83514048 -7.99432622]
[10.15453748 -8.09275148]
[10.40077215 -8.19512114]
[10.59167243 -8.3062018 ]
[10.72435564 -8.4216128 ]
[10.79680441 -8.5365796 ]
[10.80778842 -8.64602135]
[10.75682683 -8.74464405]
[10.64420082 -8.82705687]
[10.47101716 -8.88792338]
[10.23931649 -8.92215223]
[ 9.95221502 -8.92512387]
[ 9.61406314 -8.89294213]
[ 9.21539974 -8.82206207]
[ 8.99392443 -8.73203484]
[ 8.72202741 -8.6160693 ]
[ 8.41128974 -8.48169481]
[ 8.11980988 -8.36250794]
[ 7.85773949 -8.25585083]
[ 7.63176829 -8.17049661]
[ 7.4749679  -8.11156022]
[ 7.40101007 -8.07490314]
[ 7.44380771 -8.07916107]
[ 7.70318199 -8.14972288]
[ 8.08448922 -8.21057945]
[ 8.53705264 -8.25367229]
[ 9.07811314 -8.28834253]
[ 9.61586792 -8.29947577]
[10.22022295 -8.30008233]
[10.80266424 -8.2807874 ]
[11.47590414 -8.24774222]
[11.95735197 -8.19366844]
[12.43324901 -8.12452336]
[12.83586755 -8.04340947]
[13.20838918 -7.94533927]
[13.80643552 -7.93211572]
[14.22537554 -7.88823105]
[14.55306114 -7.81261431]
[14.75987326 -7.70727629]
[14.84336905 -7.58019491]
[14.82300585 -7.42711695]
[14.69521848 -7.23771382]
[14.47356075 -7.0314477 ]
[14.16200324 -6.79981093]
[13.74461994 -6.52912116]
[13.2427934  -6.23273353]
[12.69707483 -5.92986449]
[12.0606034  -5.59121632]
[11.40883093 -5.25469442]
[10.72251446 -4.90760728]
[ 9.9754694  -4.53554657]
[ 9.25852622 -4.18028829]
[ 8.50920048 -3.80930527]
[ 7.67408805 -3.39358634]
[ 6.86252501 -2.97716971]
[ 6.16675638 -2.59730997]
[ 5.59203522 -2.25422019]
[ 5.1153028  -1.93350924]
[ 4.75654304 -1.64909642]
[ 4.50123272 -1.39927197]
[ 5.04403764 -1.60191182]
[ 5.49738366 -1.73617059]
[ 5.88372804 -1.82609093]
[ 6.22107345 -1.88384155]
[ 6.50202885 -1.91227322]
[ 6.72117201 -1.91339064]
[ 6.87524845 -1.88830861]
[ 6.96332163 -1.83725922]
[ 6.98686037 -1.75965735]
[ 6.94638334 -1.64749099]
[ 6.84522468 -1.50201012]
[ 6.70325175 -1.33106955]
[ 6.5268243  -1.12629739]
[ 6.32778432 -0.88617829]
[ 6.11894571 -0.60992198]
[ 5.91357692 -0.29775715]
[5.72486422 0.04882292]
[5.56538824 0.42688725]
[5.44664483 0.8319799 ]
[5.37376727 1.28205217]
[5.36896148 1.72249502]
[5.42959264 2.16742385]
[8.17837705 2.9488189 ]
[10.56690518  3.58424664]
[12.77270102  4.11756588]
[14.80050174  4.54396956]
[16.53966256  4.84236117]
[18.2394646   5.05631146]
[19.77897686  5.16152044]
[21.16452421  5.16131519]
[22.40206935  5.06086228]
[23.49699647  4.86700222]
[24.45399097  4.58802678]
[25.27702156  4.23340436]
[25.96941763  3.81346982]
[26.53402376  3.33910377]
[26.97340623  2.8214298 ]
[27.29008312  2.27155523]
[27.75854444  1.242545  ]
[28.12561561  0.20974239]
[28.43352611 -0.95243038]
[28.60195698 -1.95575898]
[28.68150849 -2.86658864]
[28.69728719 -3.80922033]
[28.64596319 -4.70898126]
[28.53637177 -5.55903321]
[28.37771058 -6.35303063]
[28.12209762 -7.31511042]
[27.88574739 -7.95346742]
[27.63146096 -8.51790051]
[27.36809267 -9.0041335 ]
[27.10400682 -9.40850605]
[26.86172024 -9.71075809]
[26.61749578 -9.94932875]
[ 26.39299469 -10.09971732]
[ 26.19339505 -10.1615696 ]
[ 26.02278636 -10.13558556]
[ 25.88407527 -10.02358681]
[25.78185233 -9.84834224]
[25.70849165 -9.57928046]
[25.66806797 -9.23635074]
[25.65826632 -8.82597369]
[25.67546358 -8.3555978 ]
[25.71484197 -7.83354736]
[25.77057161 -7.26882524]
[25.83606059 -6.67088192]
