Person 91
Starting Actual Velocity = [ 1.19526304 -0.08265172]
[18.79750355 -1.29984315]
[19.6201424 -1.3583118]
[19.82755791 -1.3745634 ]
[19.89365485 -1.38149896]
[19.91359626 -1.38570299]
[19.92009562 -1.38949291]
[19.92265631 -1.39359497]
[19.92415078 -1.39836978]
[19.92544461 -1.4039512 ]
[19.92689836 -1.41067769]
[19.92856302 -1.41830913]
[19.93058582 -1.42734114]
[19.93300158 -1.43779334]
[19.93592322 -1.45005151]
[19.93957898 -1.46492742]
[19.94382241 -1.48164695]
[19.9492662  -1.50249131]
[19.95735363 -1.5324517 ]
[19.96530374 -1.56057514]
[19.97437425 -1.59191853]
[19.98626805 -1.63192125]
[19.99875269 -1.67245534]
[20.01286128 -1.71696031]
[20.02881076 -1.76577039]
[20.04673407 -1.81922366]
[20.06971873 -1.88573246]
[20.09538514 -1.95702765]
[20.12205063 -2.02808165]
[20.15092493 -2.10197032]
[20.18208174 -2.17829606]
[20.21582159 -2.25716061]
[20.25207088 -2.33765785]
[20.29069138 -2.41873827]
[20.33148568 -2.49923285]
[20.37420675 -2.57789281]
[20.41800075 -2.65247327]
[20.46303827 -2.72264975]
[20.50869965 -2.78676598]
[20.56129674 -2.85175143]
[20.61127339 -2.90471525]
[20.65868089 -2.94540146]
[20.70415655 -2.9735619 ]
[20.75290224 -2.9897293 ]
[20.79558644 -2.99058082]
[20.83487135 -2.97446376]
[20.87052177 -2.93877732]
[20.90205973 -2.88138155]
[20.92908908 -2.80006543]
[20.95165805 -2.69103409]
[20.96956573 -2.55270086]
[20.9834094  -2.38284321]
[20.7447595  -1.47930188]
[20.67552028 -1.02247846]
[20.70775946 -0.81542334]
[20.8107884  -0.73185065]
[20.94990296 -0.70694175]
[21.1100325  -0.69096561]
[21.27223666 -0.66130285]
[21.42465597 -0.60625633]
[21.55361401 -0.52451291]
[21.64839084 -0.41916204]
[21.69482212 -0.30086139]
[21.67575274 -0.17717783]
[21.5460843  -0.05109865]
[ 2.12962441e+01 -1.43768942e-02]
[ 2.08626131e+01 -6.39637473e-03]
[ 2.01946075e+01 -9.04050918e-03]
[19.22993894 -0.02076445]
[18.17918399 -0.06976887]
[17.11460739 -0.18004882]
[16.01002566 -0.47951532]
[14.79837626 -1.30121338]
[13.60142897 -1.95783422]
[12.8260557  -2.18137207]
[12.58857585 -1.97377596]
[12.87787793 -2.11522305]
[12.65071329 -2.95233761]
[12.41183274 -3.96778874]
[13.74458792 -4.26151744]
[15.7507923  -3.57159805]
[16.71569373 -2.42496042]
[16.92032178 -1.53372756]
[18.15658272 -1.27805841]
[20.41182826 -1.92080767]
[22.266288   -2.24704316]
[22.1630919  -0.66432404]
[19.49542761  4.21617307]
[15.4982332   8.31164853]
[14.27876401  7.84182491]
[13.51213297  5.41486589]
[13.33353452  2.56917956]
[12.36194003 -2.29114623]
[  8.65794166 -11.90442044]
[  1.03662205 -24.48403734]
[  1.42333209 -34.52149982]
[  5.26094123 -25.20619617]
[ 10.62070261 -10.82970595]
[12.83978525  4.33776228]
[15.45368064 32.44446337]
[19.87414293 44.66931267]
[35.99945917 43.16348622]
[42.89848581 33.0417957 ]
[38.5782729  17.83681397]
