Person 91
Starting Actual Velocity = [0.24400494 1.16846211]
[ 3.83709719 18.37597835]
[ 3.9307559  19.17614472]
[ 3.88688835 19.37400733]
[ 3.79822158 19.43235385]
[ 3.68687822 19.44398894]
[ 3.56045721 19.44050281]
[ 3.42233074 19.43064472]
[ 3.27286163 19.41613825]
[ 3.11750685 19.39663325]
[ 2.95822918 19.36949266]
[ 2.8143665  19.33325964]
[ 2.69452905 19.27974944]
[ 2.62688994 19.19967539]
[ 2.65359706 19.07101135]
[ 2.86092462 18.84202473]
[ 3.30091775 18.48592961]
[ 4.17562174 17.80149685]
[ 5.73099427 16.22119729]
[ 5.72086642 15.12137668]
[ 5.23987346 13.72200723]
[ 4.06730601 12.11133611]
[ 2.85093572 11.04112752]
[ 2.90384825 11.60850765]
[ 2.97579564 10.49638865]
[3.1121415  8.35176415]
[3.21412069 4.41154319]
[1.25776109 0.41463392]
[-1.41555972 -2.86934198]
[-1.21702217 -1.21652457]
[-2.5513418 -2.2739784]
[-4.38288602 -2.31822663]
[-4.02961307 -0.83319906]
[-1.42497829  1.56060156]
[1.37459422 4.13111231]
[ 5.21537246 10.28562691]
[ 6.1196644  11.86865586]
[ 6.47643916 11.20132987]
[7.94560383 9.53543033]
[9.56713645 6.84847377]
[8.3362741 3.7643903]
[ 7.95592365 11.30170783]
