Person 91
Starting Actual Velocity = [0.81435408 0.88179526]
[12.81176933 13.86324455]
[13.37480944 14.46852161]
[13.5193595  14.61929488]
[13.56869779 14.66486642]
[13.58721609 14.67587105]
[13.59727234 14.67638993]
[13.60541359 14.67338057]
[13.61401523 14.66861368]
[13.62346228 14.66292028]
[13.63496047 14.65576806]
[13.64651294 14.64889701]
[13.66056246 14.64045834]
[13.67592273 14.63146663]
[13.69371036 14.62116004]
[13.71614037 14.60810645]
[13.73688162 14.59696398]
[13.76714128 14.57998035]
[13.8266657  14.54399732]
[13.83455319 14.54585146]
[13.85454733 14.53942528]
[13.89883728 14.51916748]
[13.91011237 14.52026076]
[13.9231911  14.52124996]
[13.93246293 14.52595845]
[13.93455092 14.53687542]
[13.9576045  14.54394189]
[13.93115847 14.58231701]
[13.85932528 14.64587009]
[13.7737138  14.72173638]
[13.66917006 14.81269036]
[13.54667296 14.9194174 ]
[13.40554934 15.04135343]
[13.24985612 15.17471746]
[13.08663066 15.31299814]
[12.92380918 15.4477461 ]
[12.76115177 15.56721874]
[12.61311248 15.6638123 ]
[12.46853532 15.72881834]
[12.46067828 15.82299644]
[12.19831724 15.86193589]
[11.89960166 15.81599154]
[11.63560271 15.69696219]
[11.57170862 15.72304417]
[11.13570878 15.59836057]
[10.775997   15.48593212]
[10.5114884  15.39865643]
[10.2721875  15.33158359]
[ 9.980784   15.22468584]
[ 9.59283804 14.96022803]
[ 9.00428619 14.34310147]
[ 8.2802289 13.3702184]
[ 7.80011597 13.10065124]
[ 7.55267938 13.40755844]
[ 6.89190756 13.30786719]
[ 6.45447666 12.96279895]
[ 6.4422313  12.96179028]
[5.26477344 9.15841808]
[ 6.52832744 10.65062485]
[ 7.81492105 11.93777165]
[ 8.79753323 12.00507335]
[ 8.71212585 10.76873345]
[11.72943149  9.13737046]
[10.47959299  6.75485829]
[7.35793557 7.44027539]
[3.78000903 7.27989699]
[2.03962657 8.97423549]
[ 0.11889267 11.29090866]
[ 1.73295037 16.15268165]
[ 6.99287803 15.48065636]
[21.89066141  5.40597219]
[31.42866117  6.95409499]
[34.18246545  6.39669714]
[34.34207959  4.10842943]
[31.7439495  -1.50427874]
