Person 91
Starting Actual Velocity = [0.86099047 0.82343047]
[13.59927593 12.99434201]
[14.18187517 13.55170074]
[14.32314166 13.68659258]
[14.36604437 13.72664625]
[14.37602721 13.73495487]
[14.37662928 13.73406636]
[14.37461029 13.73047928]
[14.37273078 13.72677442]
[14.3704932  13.72259988]
[14.28809385 13.67001928]
[14.25935692 13.64879587]
[14.25254618 13.64123629]
[14.25084949 13.6365739 ]
[14.2528753  13.63438941]
[14.26028031 13.63623549]
[14.25968643 13.63178595]
[14.27002889 13.63618763]
[14.30488469 13.66163197]
[14.28084402 13.63646834]
[14.27278188 13.62537681]
[14.28496084 13.6324493 ]
[14.27573797 13.61983965]
[14.27207913 13.61248496]
[14.27079119 13.60740412]
[14.27085458 13.60366984]
[14.28546543 13.61474078]
[14.28755754 13.61305675]
[14.28152803 13.6028819 ]
[14.27870544 13.59624769]
[14.27748803 13.59142978]
[14.27787753 13.58848354]
[14.27884121 13.58627398]
[14.27999593 13.58437545]
[14.2812036  13.58262908]
[14.28241891 13.58097588]
[14.2826493  13.57813536]
[14.28350292 13.57615342]
[14.28413075 13.57389821]
[14.29580723 13.5869265 ]
[14.29398774 13.58102163]
[14.29070033 13.5729543 ]
[14.28907778 13.56720789]
[14.29671041 13.5753824 ]
[14.29318377 13.56604355]
[14.29171754 13.55978038]
[14.2919398  13.55601261]
[14.29294655 13.55328577]
[14.29436838 13.55099782]
[14.29680277 13.55022243]
[14.29935973 13.549401  ]
[14.30239492 13.54921931]
[14.30325924 13.54461191]
[14.30528392 13.54209241]
[14.30783971 13.54047942]
[14.31125876 13.54060788]
[14.31254777 13.5360434 ]
[14.31520989 13.53476718]
[14.31722089 13.53223347]
[14.31906302 13.52978873]
[14.32036054 13.52667163]
[14.32164822 13.52458436]
[14.32235035 13.52224879]
[14.32351404 13.52337214]
[14.32925035 13.54317185]
[14.3246372  13.53055868]
[14.3191469  13.51746369]
[14.31411994 13.51004724]
[14.31067263 13.51595569]
[14.30410336 13.51470165]
[14.29469416 13.50532529]
[14.28406188 13.49595323]
[14.27217779 13.48704327]
[14.25904521 13.47961768]
[14.24454427 13.47426061]
[14.2287245  13.47414851]
[14.21019004 13.46283722]
[14.19023086 13.45241355]
[14.16833827 13.44130093]
[14.1440619  13.42732277]
[14.11701746 13.40897357]
[14.08678191 13.38701889]
[14.05257159 13.36225959]
[14.01334997 13.32676931]
[13.96838016 13.28678382]
[13.91590114 13.23951827]
[13.85446971 13.18156971]
[13.78120297 13.11791127]
[13.69266797 13.02947657]
[13.5885382 12.9153684]
[13.46681083 12.77649509]
[13.3238614  12.60803929]
[13.15510117 12.39959645]
[12.94956575 12.13074448]
[12.69220476 11.7408005 ]
[12.42639757 11.18575893]
[12.15220992 10.48006456]
[11.88607804  9.63394858]
[11.60422213  8.317763  ]
[11.1494443   7.11786183]
[10.2437653   6.25025797]
[9.29634293 5.68448492]
[8.44996197 5.37771554]
[7.93707176 5.27460962]
[7.68676701 5.49009489]
[7.93954103 5.70164787]
[8.4902585  5.86197676]
[9.14972417 5.95046801]
[9.70985526 5.91151421]
[10.06027826  5.74043005]
[10.16975122  5.46835453]
[10.07794849  5.15014683]
[9.81807578 4.82551432]
[9.46927103 4.52695009]
[9.12045211 4.2654605 ]
[8.83993108 4.05925614]
[8.69840094 3.95297912]
[8.76780143 3.9972373 ]
[9.07322472 4.19914224]
[9.54588146 4.47676324]
[10.05878679  4.71953697]
[10.52263861  4.84949525]
[10.88296856  4.78876928]
[11.10222958  4.47637991]
[11.21799694  3.92119599]
[11.29841715  3.19466426]
[11.42728531  2.57570805]
[11.60667986  2.20677188]
[11.85433014  2.09674794]
[12.23774438  2.16376012]
[12.50220216  2.13691747]
[13.12585444  1.24739686]
[12.36749758  0.02423965]
[11.3002113  -0.76152541]
[10.17309913 -1.02969065]
[ 9.13501024 -0.70570587]
[8.2389382  0.08374819]
[7.53910764 1.14135066]
[6.86012512 2.12312118]
[6.17948067 2.2111986 ]
[5.39777791 1.71359884]
[4.38526683 0.62633004]
[ 3.50398024 -0.47910227]
[ 2.75645896 -1.49053681]
[ 2.24690143 -2.20105972]
[ 1.98533469 -2.56299273]
[ 1.97649293 -2.60262888]
[ 2.1814265  -2.43626483]
[ 2.57649842 -2.12767232]
[ 3.06422138 -1.72352738]
[ 3.59295981 -1.17658777]
[ 4.10982412 -0.46175987]
[4.58433022 0.38935125]
[4.99810577 1.2864358 ]
[5.42628645 2.2392584 ]
[5.88682081 3.15471192]
[6.38616085 3.98219249]
[6.90423881 4.69738497]
[7.42024815 5.32056382]
[7.87246284 5.82482047]
[8.23155533 6.20657043]
[8.46752547 6.41518146]
[8.80987392 6.69647277]
[8.50880112 5.11609041]
[8.2540451  3.39880877]
[8.11277862 1.76568432]
[8.14384023 0.38542152]
[ 8.35024804 -0.64706737]
[ 8.74287929 -1.33633266]
[ 9.35166922 -1.64827196]
[10.12284941 -1.4782803 ]
[11.00062247 -0.66393511]
[11.8386725   1.23463672]
[12.20795194  3.39022077]
[12.0637581   5.54893469]
[11.32131879  7.28362181]
[10.03492077  8.32997134]
[8.39388425 8.63740194]
[6.57027677 8.26021604]
[4.88323514 7.23697856]
[3.49975206 5.96432465]
[2.51532577 4.69671383]
[1.85777461 3.61047685]
[1.31170721 2.61218731]
[0.7662169  1.88202106]
[0.14285237 1.40459716]
[-0.4488101   1.14245996]
[-0.87681674  1.07396558]
[-1.08086623  1.20728258]
[-1.00455173  1.59977086]
[-0.64558507  2.29694868]
[-0.02658719  3.29893488]
[0.80005459 4.61731357]
[1.7944809  6.07520688]
[3.04703552 7.55338149]
[3.91977858 7.96630463]
[4.57525699 7.6108977 ]
[4.66294814 6.99002507]
[4.12013662 5.92616096]
[3.03329658 4.76530582]
[1.64735708 3.67000841]
[0.25071088 2.62693061]
[-0.79464745  1.59967492]
[-1.31978602  0.52043053]
[-1.30599953 -0.53214611]
[-0.877607   -1.34097083]
[-0.09934591 -1.44190825]
[ 0.16859003 -0.37807791]
[0.11462749 1.4172666 ]
[-0.21455098  3.60215323]
[-0.71369132  5.76800747]
[-1.23508842  7.6036985 ]
[-1.66212165  9.01252247]
[-1.89577559  9.81361404]
[-1.82107296 10.37499615]
[-0.58746587 13.66805589]
[ 0.61319276 15.74496418]
[ 1.73408743 16.88185339]
[ 2.62860552 17.11550742]
[ 3.19187877 16.51651112]
[ 3.24651258 15.38092951]
[ 2.94971737 13.90157807]
[ 2.40904234 12.09736125]
[ 2.48326977 12.72928256]
[ 2.73884946 12.71017255]
[ 3.18316874 12.17794704]
[ 3.77140926 11.17792642]
[4.61989488 9.58937689]
[5.12157248 7.82627095]
[5.04968936 6.08419886]
[4.36078396 4.52094265]
[3.12262996 3.10576851]
[1.55097152 1.89251831]
[-0.07374745  0.85117383]
[-1.48546922 -0.05784951]
[-2.38340773  0.15312725]
[-2.72283287  0.15743651]
[-2.73621395 -0.04728411]
[-2.62282938 -0.43265565]
[-2.56354351 -0.87196488]
[-2.70886885 -1.26423678]
[-3.04967936 -1.47820187]
[-3.56136919 -1.47768139]
[-4.15236841 -1.25818481]
[-4.60422064 -0.88443345]
[-4.88403157 -0.41846116]
[-4.89982616  0.06143   ]
[-4.64894682  1.44946476]
[-4.23870184  3.23026071]
[-3.61286507  5.502472  ]
[-2.74489307  7.96294588]
[-0.96576598 12.85366764]
[ 0.65677622 16.19285787]
[ 2.15814273 18.37065659]
[ 3.48493369 19.47059808]
[ 4.57985312 19.57444002]
[ 5.36557911 18.76563932]
[ 5.74718014 17.15909762]
[ 5.63554921 14.94533411]
[ 5.06417044 12.35648376]
[3.9679644  9.45256015]
[2.86403605 7.43760794]
[2.00317556 6.36959988]
[1.53981322 6.1786687 ]
[ 2.72384011 11.34102339]
[ 4.40417187 15.53265859]
[ 6.52668594 18.94401463]
[ 9.1531775  21.81941162]
[12.05002121 24.0864997 ]
[15.09967222 25.88551945]
[18.12209244 27.28990089]
[20.41024085 28.1122573 ]
