Person 91
Starting Actual Velocity = [ 0.9896915  -0.67859351]
[ 15.56454798 -10.67201339]
[ 16.24548581 -11.13884542]
[ 16.41696983 -11.25636104]
[ 16.47136928 -11.29358946]
[ 16.48746541 -11.30454916]
[ 16.49232901 -11.30780034]
[ 16.49381157 -11.30872501]
[ 16.49425794 -11.30892753]
[ 16.4943623  -11.30888281]
[ 16.49435758 -11.3087445 ]
[ 16.49431636 -11.30856797]
[ 16.49426218 -11.30835981]
[ 16.49420279 -11.30812554]
[ 16.49413911 -11.30785894]
[ 16.49406887 -11.30754424]
[ 16.49399716 -11.30719935]
[ 16.49391463 -11.30677702]
[ 16.49380487 -11.30617984]
[ 16.49370383 -11.30559726]
[ 16.49359486 -11.304939  ]
[ 16.4934591  -11.30408981]
[ 16.49332395 -11.30322676]
[ 16.49317579 -11.30226444]
[ 16.49301148 -11.30118573]
[ 16.49282734 -11.29997099]
[ 16.49258995 -11.29840559]
[ 16.4923213  -11.29665575]
[ 16.49203478 -11.2948131 ]
[ 16.49171243 -11.2927629 ]
[ 16.49134683 -11.29046997]
[ 16.49092635 -11.287877  ]
[ 16.49044154 -11.28494574]
[ 16.48988153 -11.28163379]
[ 16.48923376 -11.27789343]
[ 16.48848362 -11.27367102]
[ 16.48762528 -11.26896717]
[ 16.48663206 -11.26366911]
[ 16.4854893  -11.25774244]
[ 16.48398677 -11.25016966]
[ 16.48234032 -11.24220283]
[ 16.48052105 -11.23367207]
[ 16.48047482 -11.19789973]
[ 16.47880066 -11.17185079]
[ 16.47635354 -11.15319085]
[ 16.47339396 -11.13530714]
[ 16.46994082 -11.11667822]
[ 16.46597853 -11.09674197]
[ 16.46146709 -11.0752196 ]
[ 16.45628275 -11.05163195]
[ 16.4503759 -11.0260021]
[ 16.44361929 -10.99806059]
[ 16.43627433 -10.9691811 ]
[ 16.42801942 -10.93818637]
[ 16.41876375 -10.90507721]
[ 16.40827451 -10.86942124]
[ 16.39708022 -10.83344946]
[ 16.3845322  -10.79513866]
[ 16.37090654 -10.75582737]
[ 16.3560953  -10.71546449]
[ 16.3402032  -10.67462981]
[ 16.32299842 -10.63295549]
[ 16.30461353 -10.59112657]
[ 16.28434228 -10.54787352]
[ 16.25895513 -10.4975693 ]
[ 16.23647224 -10.45952166]
[ 16.2144978 -10.4249527]
[ 16.19147226 -10.39030858]
[ 16.16498084 -10.35224953]
[ 16.13853935 -10.31813449]
[ 16.113633   -10.28937908]
[ 16.0892327  -10.26312668]
[ 16.06521228 -10.23858784]
[ 16.04130458 -10.21516623]
[ 16.01733832 -10.19268488]
[ 15.99265694 -10.1707633 ]
[ 15.97096309 -10.15377544]
[ 15.95036145 -10.13851908]
[ 15.93107326 -10.12470654]
[ 15.91357505 -10.11237461]
[ 15.89822573 -10.10130657]
[ 15.88489261 -10.09072663]
[ 15.87338079 -10.07987038]
[ 15.86491523 -10.06950815]
[ 15.85835334 -10.05774214]
[ 15.85383443 -10.04413785]
[ 15.85165156 -10.02857176]
[ 15.85077777 -10.00877658]
[15.85375173 -9.98746763]
[15.86011004 -9.96405983]
[15.86860542 -9.93667974]
[15.87852199 -9.90379216]
[15.88953364 -9.86402019]
[15.90073554 -9.81355499]
[15.91160452 -9.7480646 ]
[15.93471898 -9.6883291 ]
[15.95785126 -9.62094057]
[15.98017802 -9.54242489]
[16.00276812 -9.45452444]
[16.01883728 -9.33944886]
[16.03419427 -9.20157302]
[16.06913923 -9.08600334]
[16.0982124  -8.96224787]
[16.12107674 -8.82836038]
[16.13831317 -8.68595559]
[16.15029481 -8.53743941]
[16.15651489 -8.38392215]
[16.15404103 -8.22100343]
[16.14428339 -8.05305873]
[16.12664747 -7.88117792]
[16.10071583 -7.70654252]
[16.06383142 -7.52615533]
[16.02050178 -7.3485861 ]
[15.97241144 -7.17791635]
[15.91393655 -7.00616726]
[15.84967865 -6.84024316]
[15.78234716 -6.68391162]
[15.70569906 -6.52825632]
[15.62132814 -6.37491601]
[15.53621631 -6.23177329]
[15.45310449 -6.10074194]
[15.36561767 -5.97177615]
[15.26542665 -5.83176344]
[15.15191982 -5.67689114]
[15.0242122  -5.50336493]
[14.93518601 -5.41213512]
[14.80848194 -5.25576358]
[14.66081645 -5.0526135 ]
[14.49746502 -4.80525697]
[14.31675362 -4.50139325]
[14.17256134 -4.25023492]
[13.96958891 -3.78630245]
[13.94211924 -3.75562742]
[13.94349993 -3.8440187 ]
[13.92863683 -3.91480891]
[13.88554798 -3.94161945]
[13.80444986 -3.90413986]
[13.67369998 -3.78436071]
[13.45499248 -3.51273362]
[13.18659533 -3.22216226]
[12.85591059 -2.86300315]
[12.41457717 -2.36652577]
[11.96714746 -1.92000946]
[11.49623016 -1.4872478 ]
[11.03062929 -1.11263698]
[10.56803317 -0.79337209]
[10.1257429  -0.53662229]
[ 9.68067236 -0.30228036]
[ 9.35627376 -0.15192057]
[ 8.98648622 -0.04067008]
[ 8.59534583 -0.01742083]
[ 8.20569828 -0.11555796]
[ 7.83540688 -0.33851025]
[ 7.50215217 -0.6571315 ]
[ 7.21192135 -1.0245653 ]
[ 6.96700355 -1.39263514]
[ 6.767019   -1.71949642]
[ 6.60675667 -1.97550563]
[ 6.48708669 -2.13257387]
[ 6.40287955 -2.1795752 ]
[ 6.35210928 -2.11254229]
[ 6.26632164 -1.78230381]
[ 5.84551848 -1.50959548]
[ 5.67519609 -1.32618169]
[ 5.73711584 -1.24391996]
[ 5.8383988  -1.30862352]
[ 6.12232781 -1.45172669]
[ 6.52766196 -1.6471869 ]
[ 7.01604    -1.87152251]
[ 7.53393569 -2.0896172 ]
[ 8.05150004 -2.27464261]
[ 8.51416498 -2.39136079]
[ 8.85433041 -2.41558957]
[ 9.0882518  -2.35011406]
[ 9.1982687  -2.19197316]
[ 9.18106077 -1.95433681]
[ 9.05584741 -1.66722535]
[ 8.84407717 -1.35594421]
[ 8.58796626 -1.06836549]
[ 8.30447276 -0.81901178]
[ 8.01630811 -0.62114386]
[ 7.7309843  -0.46622981]
[ 7.35512278 -0.30063283]
[ 6.93966602 -0.07932091]
[6.51743012 0.25917118]
[6.07726565 0.72657457]
[5.69243778 1.22611202]
[5.34047284 1.75916369]
[5.09701001 2.22057088]
[4.98757697 2.56121418]
[5.02006671 2.75569716]
[5.18304703 2.79857996]
[5.45356815 2.70444912]
[5.83063517 2.47020834]
[6.16104463 2.20814449]
[6.44098729 1.93917826]
[6.57038157 1.77600951]
[6.57161947 1.70905229]
[6.44992654 1.74499987]
[6.21704241 1.88091974]
[5.87567524 2.11918114]
[5.454944   2.44700286]
[4.97079649 2.85413462]
[4.44598493 3.32306202]
[3.89108007 3.84192425]
[3.24614591 4.45950439]
[2.72803339 4.95651212]
[2.23946127 5.39805864]
[1.77787168 5.75958857]
[1.35817274 6.00213121]
[0.98899771 6.10469151]
[0.65312462 6.06660794]
[0.36382442 5.88860375]
[0.11656745 5.59092206]
[-0.09278846  5.19790451]
[-0.26480733  4.74606755]
[-0.4166888   4.23101713]
[-0.55164625  3.67271897]
[-0.68069973  3.07038585]
[-0.79407635  2.53676735]
[-0.91485693  2.03059518]
[-1.07112113  1.51388184]
[-1.24713524  1.12658745]
[-1.44310354  0.85302803]
[-1.66198016  0.66170104]
[-1.90728032  0.53064598]
[-2.16919066  0.44891166]
[-2.41235845  0.40386404]
[-2.64248756  0.37192209]
[-2.8299083   0.33863736]
[-2.94707404  0.29016766]
[-2.97907854  0.21276692]
[-2.90040634  0.09913559]
[-2.69659793 -0.05335906]
[-2.36030824 -0.24210413]
[-1.88041773 -0.46533552]
[-1.31348393 -0.69079652]
[-0.64733572 -0.92263836]
[ 0.11997811 -1.15585379]
[ 0.93034842 -1.36767209]
[ 1.79939506 -1.559845  ]
[ 2.65854988 -1.71400319]
[ 3.52629394 -1.83347957]
[ 4.39693158 -1.91410318]
[ 5.18123589 -1.94713482]
[ 5.90138833 -1.93996226]
[ 6.47879925 -1.9019456 ]
[ 6.9794153  -1.84251006]
[ 7.35411383 -1.77861614]
[ 7.65801981 -1.71394528]
[ 7.88336042 -1.65956238]
[ 8.03741961 -1.62334408]
[ 8.12441794 -1.61182561]
[ 8.1644901  -1.62459131]
[ 8.16651178 -1.66269502]
[ 8.13935099 -1.72540457]
[ 8.09134243 -1.81045041]
[ 8.02982211 -1.91433939]
[ 7.96077853 -2.03268505]
[ 7.88665622 -2.16407253]
[ 7.79441286 -2.33292473]
[ 7.71387341 -2.48439649]
[ 7.64036334 -2.61817808]
[ 7.56829046 -2.73536392]
[ 7.50091091 -2.82316997]
[ 7.43481909 -2.88539572]
[ 7.36713698 -2.92507552]
[ 7.29329179 -2.94473491]
[ 7.21525244 -2.94331642]
[ 7.1316183  -2.92230999]
[ 7.04160874 -2.88242441]
[ 6.95744162 -2.83152101]
[ 6.88330276 -2.75858482]
[ 6.81202404 -2.68565052]
[ 6.74963393 -2.62079683]
[ 6.69494588 -2.56376275]
[ 6.64171399 -2.50796481]
[ 6.60132055 -2.46541497]
[ 6.58138327 -2.44199789]
[ 6.57898818 -2.43415488]
[ 6.59707742 -2.43786476]
[ 6.6293448  -2.44742623]
[ 6.66877755 -2.45573318]
[ 6.71424542 -2.4583611 ]
[ 6.75994051 -2.44995362]
[ 6.80623686 -2.42612792]
[ 6.84987803 -2.38315558]
[ 6.88891649 -2.32116206]
[ 6.92627596 -2.23691355]
[ 6.96131122 -2.14431253]
[ 6.99870888 -2.04384554]
[ 7.04140392 -1.94287875]
[ 7.09220659 -1.85032414]
[ 7.15326336 -1.77623396]
[ 7.22551686 -1.73106771]
[ 7.3082848  -1.72473505]
[ 7.39449813 -1.75872974]
[ 7.47952433 -1.83620567]
[ 7.56478993 -1.96333213]
[ 7.63947166 -2.13429957]
[ 7.70420174 -2.3587827 ]
[ 7.7508396  -2.63033321]
[ 7.77390406 -2.9341475 ]
[ 7.77205716 -3.28518172]
[ 7.74035118 -3.66772897]
[ 7.67651749 -4.07466683]
[ 7.57924473 -4.49847538]
[ 7.45267762 -4.9165972 ]
[ 7.28943859 -5.35148553]
[ 7.09411082 -5.78111407]
[ 6.87634506 -6.10766301]
[ 6.63749551 -6.44180089]
[ 6.3800581  -6.78389609]
[ 6.09658416 -7.14502761]
[ 5.80986145 -7.4960023 ]
[ 5.51335984 -7.84500767]
[ 5.21038485 -8.18682702]
[ 4.90437758 -8.51592188]
[ 4.59885189 -8.82668534]
[ 4.29732522 -9.1136293 ]
[ 4.00344474 -9.3726153 ]
[ 3.73098839 -9.59129806]
[ 3.48144739 -9.77086322]
[ 3.23664647 -9.92481892]
[  2.99198941 -10.05135601]
[  2.78610971 -10.12700697]
[  2.60828567 -10.16107583]
[  2.44420782 -10.15683534]
[  2.30779938 -10.11226063]
[  2.18712559 -10.02542358]
[ 2.0880419  -9.89691654]
[ 2.00953392 -9.72811415]
[ 1.95469711 -9.53713267]
[ 1.91285324 -9.30706037]
[ 1.8862007 -9.0582016]
[ 1.87061883 -8.78606352]
[ 1.86391491 -8.48250203]
[ 1.86498031 -8.1757311 ]
[ 1.87166062 -7.84577685]
[ 1.88189401 -7.52396659]
[ 1.89489831 -7.18896004]
[ 1.90855646 -6.87307387]
[ 1.9231539  -6.55485381]
[ 1.93709929 -6.26532813]
[ 1.95089328 -5.9953558 ]
[ 1.96590726 -5.72816713]
[ 1.98120783 -5.52858928]
[ 1.99790767 -5.36512394]
[ 2.01782951 -5.24076128]
[ 2.04044446 -5.17158313]
[ 2.06722338 -5.14879482]
[ 2.09887287 -5.16750015]
[ 2.13753684 -5.22238684]
[ 2.18245349 -5.30377694]
[ 2.23141532 -5.39600652]
[ 2.28785914 -5.49562564]
[ 2.34626864 -5.58410795]
[ 2.40993917 -5.66051969]
[ 2.47148052 -5.7101861 ]
[ 2.53357915 -5.73295446]
[ 2.58575335 -5.72916091]
[ 2.63011788 -5.70034337]
[ 2.66328178 -5.64744696]
[ 2.6816823  -5.57193395]
[ 2.68172471 -5.47577449]
[ 2.65993874 -5.36140687]
[ 2.61314588 -5.23167083]
[ 2.53862946 -5.08971851]
[ 2.42955534 -4.93205383]
[ 2.29248338 -4.77574775]
[ 2.12382289 -4.61762048]
[ 1.92415785 -4.46094705]
[ 1.69506696 -4.30876081]
[ 1.43910273 -4.16377192]
[ 1.15972093 -4.02830655]
[ 0.86116432 -3.90426821]
[ 0.54830811 -3.79312084]
[ 0.22647719 -3.6958919 ]
[-0.0987532  -3.61319248]
[-0.42176094 -3.54525068]
[-0.75140526 -3.48953151]
[-1.02388808 -3.56027833]
[-1.28850868 -3.63535525]
[-1.54422296 -3.71530861]
[-1.77818416 -3.79709536]
[-1.99092087 -3.88021878]
[-2.20445564 -3.97378372]
[-2.40597588 -4.07431559]
[-2.58509003 -4.17708346]
[-2.77806054 -4.30478756]
[-2.99266384 -4.47459304]
[-3.16381107 -4.64771565]
[-3.29660937 -4.82181192]
[-3.40560686 -5.01008586]
[-3.48216894 -5.1947963 ]
[-3.53940445 -5.40010241]
[-3.56982479 -5.60681446]
[-3.57698666 -5.85335114]
[-3.55634766 -6.05593783]
[-3.51203164 -6.27396027]
[-3.44652298 -6.48395338]
[-3.35349202 -6.70595558]
[-3.23445709 -6.92670662]
[-3.102197  -7.1419148]
[-2.94138794 -7.3741411 ]
[-2.7581433 -7.6132561]
[-2.56305054 -7.84632216]
[-2.34735875 -8.08445404]
[-2.09786496 -8.33914976]
[-1.83989528 -8.58100696]
[-1.56188467 -8.82038173]
[-1.24815588 -9.06705935]
[-0.91452784 -9.30359818]
[-0.58147801 -9.51452814]
[-0.21514863 -9.72084967]
[ 0.14376665 -9.89689797]
[  0.51097532 -10.05215783]
[  0.90376059 -10.19187425]
[  1.27682789 -10.29802251]
[  1.66740059 -10.38241818]
[  2.1098477 -10.4446477]
[  2.55189199 -10.46453867]
[  2.94547551 -10.43687643]
[  3.28741793 -10.36709069]
[  3.59119949 -10.25529347]
[  3.83899464 -10.1080388 ]
[ 4.03321973 -9.93065382]
[ 4.193793   -9.70577174]
[ 4.29813971 -9.48691109]
[ 4.36167364 -9.26407641]
[ 4.39294212 -9.03158544]
[ 4.39300098 -8.79453418]
[ 4.3632526  -8.55755532]
[ 4.30541232 -8.32479051]
[ 4.22147583 -8.09987262]
[ 4.11368816 -7.88591867]
[ 3.97691612 -7.6737434 ]
[ 3.8192649 -7.479346 ]
[ 3.65384554 -7.31432785]
[ 3.47583319 -7.16789639]
[ 3.28829118 -7.04077434]
[ 3.09434766 -6.93331222]
[ 2.89715744 -6.84552454]
[ 2.69985982 -6.77712433]
[ 2.50553302 -6.72755507]
[ 2.3171454  -6.69601972]
[ 2.12693799 -6.68065078]
[ 1.95951604 -6.68292428]
[ 1.8059078  -6.69956687]
[ 1.79735831 -7.23824078]
[ 1.79544301 -7.69724738]
[ 1.80042248 -8.11213455]
[ 1.81306522 -8.4837115 ]
[ 1.83244794 -8.79216865]
[ 1.86058406 -9.08202899]
[ 1.89624803 -9.33062725]
[ 1.93855213 -9.53855118]
[ 1.98617708 -9.70634095]
[ 2.03738889 -9.83449924]
[ 2.09006948 -9.92350649]
[ 2.14176294 -9.97384284]
[ 2.18973807 -9.98601759]
[ 2.23106734 -9.96060697]
[ 2.26272138 -9.89829981]
[ 2.28167656 -9.79994992]
[ 2.28549721 -9.68052363]
[ 2.2730785  -9.53255818]
[ 2.23794873 -9.33522624]
[ 2.18334276 -9.13507414]
[ 2.111731   -8.92998587]
[ 2.01373852 -8.69516888]
[ 1.8928258  -8.44809634]
[ 1.74964558 -8.19293781]
[ 1.58562094 -7.93397843]
[ 1.34205462 -7.58918626]
[ 1.13949567 -7.33838015]
[ 0.92593397 -7.09727518]
[ 0.70558669 -6.86920168]
[ 0.48302554 -6.65698146]
[ 0.27768927 -6.47583656]
[ 0.0642721  -6.30003807]
[-0.13736083 -6.14493562]
[-0.32274704 -6.01096776]
[-0.48781907 -5.89800132]
[-0.62902507 -5.80538961]
[-0.73580231 -5.73698743]
[-0.82328809 -5.68033915]
[-0.88029601 -5.63992437]
[-0.90603272 -5.61385106]
[-0.90047453 -5.60012287]
[-0.86434806 -5.59671716]
[-0.79908999 -5.60165409]
[-0.7067881  -5.61305513]
[-0.45363781 -6.22986641]
[-0.18420466 -6.79835013]
[ 0.09785521 -7.32029561]
[ 0.38870561 -7.79749589]
[ 0.68439499 -8.23175047]
[ 1.00209265 -8.65272167]
[ 1.29494044 -9.00368393]
[ 1.58047341 -9.31722388]
[ 1.85493529 -9.59510097]
[ 2.11476926 -9.83903175]
[  2.35666961 -10.05067312]
[  2.5776272  -10.23160569]
[  2.77496803 -10.38331836]
[  2.94638415 -10.5071954 ]
[  3.08995669 -10.60450683]
[  3.20417077 -10.6764034 ]
[  3.28792281 -10.72391682]
[  3.34052058 -10.74796618]
[  3.36167697 -10.74937123]
[  3.35047368 -10.72656849]
[  3.30721642 -10.68340548]
[  3.23403046 -10.61976399]
[  3.13213047 -10.53637981]
[  3.00306399 -10.43413003]
[  2.84872778 -10.314231  ]
[  2.71957059 -10.49453923]
[  2.58539912 -10.65106456]
[  2.44185414 -10.79701365]
[  2.29216883 -10.93271386]
[  2.1394501 -11.0584689]
[  1.98662226 -11.17456484]
[  1.8363766  -11.28127417]
[  1.69112797 -11.37885809]
[  1.55297901 -11.46756698]
[  1.42369282 -11.54763895]
[  1.30467454 -11.61929651]
[  1.19696216 -11.6827416 ]
[  1.10122682 -11.73814868]
[  1.01778235 -11.78565629]
[  0.94660393 -11.8253571 ]
[  0.88735506 -11.85728653]
[  0.83942217 -11.88141028]
[  0.80195564 -11.897611  ]
[  0.7739159  -11.90567421]
[  0.75412315 -11.90527406]
[  0.74130885 -11.89595901]
[  0.73416728 -11.87713793]
[  0.73140528 -11.84806702]
[  0.73178831 -11.80783793]
[  0.73418117 -11.75536775]
[  0.73758173 -11.68939125]
[  0.74140171 -11.60267396]
[  0.74458533 -11.49679996]
[  0.74642121 -11.37800079]
[  0.74692833 -11.23849673]
[  0.74597861 -11.07611575]
[  0.74340645 -10.87516164]
[  0.73953557 -10.65794817]
[  0.73448166 -10.41059042]
[  0.72840008 -10.13069935]
[ 0.72139018 -9.81599432]
[ 0.71287377 -9.43927396]
[ 0.70300548 -9.01807853]
[ 0.69126614 -8.55079305]
[ 0.67679106 -8.0365272 ]
[ 0.65833538 -7.4752855 ]
[ 0.6342676  -6.86812664]
[ 0.60259705 -6.2172982 ]
[ 0.56152983 -5.52633203]
[ 0.51026021 -4.80008689]
[ 0.44723817 -4.0447285 ]
[ 0.3702814  -3.26763198]
[ 0.28309791 -2.52991278]
[ 0.1796024  -1.78803866]
[ 0.0580139  -1.04983065]
[-0.25389015  0.55962122]
[-0.44289325  1.22133294]
[-0.66587635  1.89262703]
[-0.90785527  2.51660796]
[-1.16470402  3.08763325]
[-1.41359631  3.56711059]
[-1.66631064  3.99430579]
[-1.91785385  4.36772186]
[-2.16313485  4.68673951]
[-2.3971848   4.95151072]
[-2.61560757  5.16283422]
[-2.815302   5.3220225]
[-2.99383595  5.43076922]
[-3.16053053  5.49534153]
[-3.2994078  5.5067913]
[-3.40991868  5.46773691]
[-3.49224703  5.38072339]
[-3.5471883   5.24813741]
[-3.57599904  5.07215047]
[-3.57994618  4.86917523]
[-3.56388062  4.63138577]
[-3.52904393  4.3599423 ]
[-3.47268254  4.03413684]
[-3.39662853  3.67212067]
[-2.97530388  1.89353146]
[-2.56534757  0.34556811]
[-2.11364317 -1.19797257]
[-1.65300327 -2.61434173]
[-1.18775805 -3.90091638]
[-0.75305777 -4.97912143]
[-0.29026083 -6.01189561]
[ 0.1352583  -6.85364872]
[ 0.5518458  -7.58351273]
[ 0.95659164 -8.20405428]
[ 1.34657748 -8.71865814]
[ 1.7188394  -9.13141796]
[ 2.07034226 -9.44701233]
[ 2.3979691  -9.67057413]
[ 2.69854391 -9.80755997]
[ 2.9705666  -9.86362489]
[ 3.21371278 -9.84451372]
[ 3.42762519 -9.75597034]
[ 3.61186502 -9.60366085]
[ 3.76587942 -9.39311112]
[ 3.88898524 -9.12965814]
[ 3.99340689 -8.77397297]
[ 4.05442796 -8.36278671]
[ 4.06853946 -7.96043256]
[ 4.04764525 -7.52530477]
[ 3.99068967 -7.06143994]
[ 3.89666129 -6.57266832]
[ 3.75520617 -6.02622412]
[ 3.58138891 -5.49750827]
[ 3.36818597 -4.95478204]
[ 3.11527757 -4.40147105]
[ 2.80172342 -3.80099558]
[ 2.46667026 -3.2370277 ]
[ 2.0929018  -2.67337336]
[ 1.65217009 -2.07384523]
[ 1.29256208 -2.14212481]
[ 0.88564576 -2.22139575]
[ 0.46518523 -2.30311631]
[ 0.06848989 -2.37819562]
[-0.32563013 -2.44946965]
[-0.71143308 -2.5145203 ]
[-1.11065514 -2.57530911]
[-1.46450052 -2.62115433]
[-1.79794693 -2.65566453]
[-2.10882491 -2.67794371]
[-2.39574912 -2.68746416]
[-2.65803595 -2.68404389]
[-2.89560717 -2.66781327]
[-3.12410232 -2.63707751]
[-3.31209564 -2.59567438]
[-3.47782642 -2.54333204]
[-3.62260911 -2.48092305]
[-3.74786649 -2.40934587]
[-3.86270581 -2.323711  ]
[-3.95206665 -2.23563534]
[-4.02641007 -2.14077694]
[-4.08715973 -2.03966005]
[-4.13572897 -1.93268084]
[-4.17354929 -1.82013964]
[-4.20413611 -1.69385617]
[-4.22445566 -1.57046103]
[-4.23997096 -1.43346606]
[-4.25025257 -1.30148821]
[-4.25875617 -1.16715938]
[-4.26827001 -1.02266133]
[-4.28003582 -0.8898119 ]
[-4.29673425 -0.7624589 ]
[-4.32206249 -0.63635699]
[-4.35506246 -0.53436299]
[-4.4010025  -0.44721273]
[-4.45504643 -0.39478159]
[-4.52360382 -0.37474834]
[-4.59679178 -0.3992061 ]
[-4.67603094 -0.47006286]
[-4.76381063 -0.6011543 ]
[-4.84394322 -0.78299046]
[-4.91724718 -1.02288527]
[-4.98266902 -1.34297965]
[-5.02437998 -1.7036387 ]
[-5.04233157 -2.11935591]
[-5.03138583 -2.58577065]
[-4.98701854 -3.09712191]
[-4.90551816 -3.64650339]
[-4.78413353 -4.22616304]
[-4.62116606 -4.82782666]
[-4.41600708 -5.44302385]
[-4.16912591 -6.06339303]
[-3.43767018 -7.97500838]
[-2.67702247 -9.75015519]
[ -1.8366751  -11.50726776]
[ -1.03357774 -13.0045761 ]
[ -0.21884903 -14.37270258]
[  0.60174097 -15.61575678]
[  1.42266202 -16.73842351]
[  2.23875716 -17.74580051]
[  3.04535462 -18.64325621]
[  3.83835307 -19.43631364]
[  4.66973328 -20.18006542]
[  5.47792156 -20.81675062]
[  6.20811304 -21.31757489]
[  6.96498983 -21.76686269]
[  7.64454364 -22.10492554]
[  8.34553794 -22.39165824]
[  8.97220471 -22.58970019]
[  9.61651077 -22.73775106]
[ 10.23181608 -22.8230155 ]
[ 10.77937961 -22.84968656]
[ 11.34014185 -22.83013794]
[ 11.83759574 -22.76904754]
[ 12.31137305 -22.67218158]
[ 12.76160645 -22.5435443 ]
[ 13.21893672 -22.37548225]
[ 13.62008728 -22.19286285]
[ 13.99722798 -21.9894311 ]
[ 14.34988613 -21.76831659]
[ 14.67742153 -21.53244259]
[ 14.97901689 -21.2845342 ]
[ 15.25366295 -21.02712741]
[ 15.51795508 -20.74343723]
[ 15.73246184 -20.47370854]
[ 15.91542929 -20.20115931]
[ 16.06471615 -19.92759931]
[ 16.17774088 -19.65463466]
[ 16.25137375 -19.38362536]
[ 16.28179943 -19.11560966]
[ 16.26434783 -18.85117631]
[ 16.19329701 -18.59025632]
[ 16.06166706 -18.33179278]
[ 15.86105638 -18.07323492]
