Person 91
Starting Actual Velocity = [ 1.19138289 -0.01039997]
[18.73659188 -0.16358338]
[19.55117052 -0.17862164]
[19.75229438 -0.18838609]
[19.81220945 -0.19703597]
[19.82607891 -0.20479452]
[19.82657537 -0.21179363]
[19.82319697 -0.21804104]
[19.81871221 -0.22361481]
[19.81406678 -0.2283546 ]
[19.80944293 -0.2323387 ]
[19.80528485 -0.2351811 ]
[19.80137211 -0.23717481]
[19.79786919 -0.2381527 ]
[19.79474612 -0.2381215 ]
[19.79198001 -0.23694492]
[19.78991604 -0.23446498]
[19.78828833 -0.23058064]
[19.78738326 -0.22378848]
[19.78834503 -0.21506847]
[19.78962333 -0.20613201]
[19.79163222 -0.19542927]
[19.79440146 -0.18422337]
[19.79776471 -0.17239363]
[19.80176639 -0.159848  ]
[19.80649604 -0.14643817]
[19.81291374 -0.13017437]
[19.82072055 -0.11201294]
[19.8290525  -0.09374456]
[19.83800334 -0.07524596]
[19.84756081 -0.05651818]
[19.85786021 -0.0373581 ]
[ 1.98689380e+01 -1.77238219e-02]
[1.98808014e+01 2.36153582e-03]
[19.89342306  0.02281408]
[19.90674698  0.04350787]
[19.92047676  0.06406839]
[19.93466436  0.08441656]
[19.94908579  0.10432462]
[19.96635111  0.1254646 ]
[19.98290979  0.14705404]
[19.99844547  0.16690064]
[20.01301888  0.18449752]
[20.029085    0.20052683]
[20.04229886  0.21608167]
[20.05419674  0.22906966]
[20.06461536  0.23941365]
[20.07343158  0.24744101]
[20.08060886  0.25344364]
[20.08636982  0.25743415]
[20.09047855  0.25986391]
[20.09298912  0.26069187]
[20.09178084  0.25952247]
[20.0882179   0.25499547]
[20.05250033  0.28205977]
[20.02727215  0.29032291]
[20.00423605  0.29260499]
[19.98170978  0.28911408]
[19.95729663  0.2848153 ]
[19.93101101  0.27992227]
[19.9024889   0.27552135]
[19.87242246  0.27031483]
[19.84049234  0.26538557]
[19.80877729  0.25705986]
[19.78809467  0.23095052]
[19.7511755   0.24273455]
[19.71207882  0.24994518]
[19.67170193  0.24131539]
[19.6351103  0.2044817]
[19.58999925  0.16563523]
[19.53626192  0.12633018]
[19.4776662   0.07204267]
[ 1.94129242e+01 -5.92466999e-04]
[19.34284709 -0.09481644]
[19.26928164 -0.21290626]
[19.19778839 -0.36275593]
[19.12211477 -0.50752469]
[19.04935262 -0.67188344]
[18.97718285 -0.85480037]
[18.90506867 -1.05031667]
[18.83295164 -1.25149453]
[18.76117554 -1.45641752]
[18.68908978 -1.66397828]
[18.08576197 -2.06268815]
[17.72363959 -2.32022829]
[17.50068983 -2.47049125]
[17.34136247 -2.53067538]
[17.20662947 -2.5131312 ]
[17.06511723 -2.36388185]
[16.90655757 -2.08540244]
[16.73401476 -1.70369382]
[16.55418948 -1.25015926]
[16.37248875 -0.76130272]
[16.20672618 -0.27117445]
[16.05737561  0.18195824]
[15.65716969  0.61017333]
[15.26149756  0.8919313 ]
[14.90311804  1.04342243]
[14.60461293  1.17874873]
[14.87359218  1.20603553]
[16.21656563  1.1571664 ]
[17.03772059  1.37322641]
[17.86950259  1.24292802]
[18.36324336  0.94337165]
[18.48481313  0.78104188]
[18.41674483  0.93341122]
[18.28325683  1.15954301]
[18.2166348   1.29098762]
[18.20850738  1.31766204]
[18.26718564  1.28241948]
[18.26051228  1.1587084 ]
[18.0318676   0.78323602]
[17.61187432  0.12969468]
[17.44164841 -0.74946746]
[18.08424231 -1.50845208]
[19.46657205 -1.82173118]
[21.02210808 -1.87007823]
[21.75412765 -2.2166006 ]
[21.1366758  -3.00884342]
[20.04619454 -3.58782039]
[19.36555644 -3.30041058]
[20.20893086 -1.82978352]
[22.54292085  0.10038301]
[24.85359393  2.45137   ]
[25.10277089  4.99303535]
[25.54398113  8.63554966]
[29.47889825  7.10006922]
[28.36530047  3.76273635]
[22.93750207  0.06665681]
[14.16386656  0.35880768]
[15.4609181  16.04581074]
[22.26857985 22.48768021]
[37.71474963  5.19566178]
[48.57921971 -0.71106994]
