Person 26
Starting Position = (305.6762457544595,282.47718879460035)
(310.0984423772597,283.63953509919156)
(313.691412614169,284.58500019350925)
(317.1026447773349,285.48373034056846)
(320.5833382283166,286.4019497896049)
(324.02617434207207,287.31131786092584)
(327.42890933679706,288.21116158951276)
(330.79098591801875,289.1012586485914)
(334.1719788372601,289.99736218098565)
(337.53216832967826,290.8889165848965)
(340.97101484837594,291.8023687906917)
(344.2700523722196,292.6795957887616)
(347.6082235097372,293.5682288160742)
(350.9061563849177,294.44716462000986)
(354.2235297933823,295.3323954654519)
(357.67954770692484,296.2559968410654)
(360.99635300083895,297.14366315776374)
(364.5710832051496,298.10220876414974)
(368.9592181039282,299.28269250402917)
(372.33563472282736,300.1922588989884)
(375.65299921419546,301.0877534981292)
(379.3875452393925,302.0993396898907)
(382.66596823432263,302.98958358254123)
(385.88542071321774,303.8664123881939)
(389.0657539240237,304.73548725195485)
(392.2268813123871,305.6025177566461)
(395.82554126643583,306.5952386118549)
(399.3258898071248,307.56570230563966)
(402.5494773819264,308.4631371344628)
(405.7149601033361,309.3484775565397)
(408.84226120254414,310.22749068369075)
(411.97128371211744,311.111728865014)
(415.10221705263064,312.0015048560803)
(418.23530808815775,312.89707012645425)
(421.37084065995697,313.7986298381232)
(424.5091257833699,314.70634752483863)
(427.5934145520775,315.6441370472535)
(430.6738586062769,316.60115189536685)
(433.7349361629088,317.56169860908363)
(437.2144219727847,318.6638606611323)
(440.4400201934984,319.6875997491189)
(443.5113407669211,320.6626786368489)
(446.527723328815,321.62067776073474)
(449.8680407491493,322.68581728375005)
(452.8742501866708,323.6431372865856)
(455.82582384809234,324.58247019384964)
(458.76254292428655,325.5171168197264)
(461.68425413326196,326.44729472702454)
(464.59084831015815,327.3730826699527)
(467.52257680462503,328.3077939411965)
(470.4592490174798,329.24501463638916)
(473.42107038185105,330.1914698392478)
(476.2660226708548,331.1002521511131)
(479.1154590384562,332.0109263165649)
(481.96908934286165,332.9238205153775)
(484.86740819813707,333.8526709686837)
(487.64696510524334,334.743392689832)
(490.47064168572,335.64952520686103)
(493.2562774316056,336.5443321225806)
(496.0238804766107,337.4343554948359)
(498.7524755308167,338.3126908228326)
(501.48256713199913,339.1928853078558)
(504.1953527793393,340.0378714985182)
(506.9911643769545,340.89723328396514)
(510.27965489141434,341.91335311986444)
(513.072691486211,342.7757709631832)
(515.6782204017791,343.5811818952744)
(518.2806090799286,344.38899529616225)
(521.1454714991734,345.28731514515425)
(523.9442760282501,346.1715284328349)
(526.5541940120795,346.99961379878226)
(529.07723549039,347.80352706643237)
(531.5335998016395,348.58962927836996)
(533.9636219796789,349.3711064576332)
(536.4073090657891,350.16134214250076)
(538.9646721732996,350.99424574473534)
(541.353328825785,351.7749191890402)
(543.7340361798118,352.55560615969875)
(546.1064418537978,353.33565049667754)
(548.4503897458106,354.1073161353667)
(550.7460660870101,354.8626033303428)
(553.0134173234364,355.60664659448423)
(555.2918593597138,356.3508148587943)
(557.4616860376718,357.05090613506087)
(559.6222147045534,357.7387114099305)
(561.774247479236,358.41310741230006)
(563.8991609284118,359.06653688182445)
(566.151518140725,359.74335941840076)
(568.3053145983923,360.34177043204926)
(570.4247652400544,360.897929728422)
(572.5322359316342,361.4273751800901)
(574.6575187695867,361.9433618710784)
(576.9331347301529,362.48161151097486)
(579.4899383136608,363.07662065042933)
(581.5788104821819,363.549857338217)
(583.616245835882,364.00175951872285)
(585.660534813925,364.4489276002267)
(587.6531654311723,364.8812923116018)
(589.9566125212921,365.38758858402593)
(592.432292926933,365.9457163433508)
(594.307106475129,366.36432619994133)
(596.1517134890297,366.7767703049534)
(597.9829186450434,367.19123865288594)
(599.7794308718761,367.6058166524116)
(601.4546642446951,368.05177574605926)
(603.044092519137,368.5072031820721)
(604.6228654232872,368.97185508959717)
(606.1549488276518,369.3853337938898)
(607.6546957614777,369.7591183742493)
(609.1282798679797,370.10377535956525)
(610.6092222925412,370.43585342341487)
(612.0479208909668,370.7510211232572)
(613.4267808655309,371.0501037069429)
(614.8073435295798,371.3506681086333)
(616.1564158563334,371.64699094905995)
(617.4577049633426,371.934996622408)
(618.7712421324966,372.2281537811016)
(620.0950801669521,372.5240185305001)
(621.3837451978088,372.80658027796005)
(622.6090409323147,373.06323598626875)
(623.8019128019234,373.29672560413275)
(625.0077842322346,373.51429348674844)
(626.2177753541179,373.71472184512476)
(627.425332539073,373.9008980780663)
(628.6521352817099,374.08307414311935)
(629.8471362284433,374.2589106071614)
(630.997663946795,374.42956360247695)
(632.1627319832468,374.6066131437918)
(633.4517315516259,374.8117932441823)
(634.6771196834359,375.00900212317487)
(636.7031064759799,375.3829225256323)
(638.4465336427331,375.683515574555)
(639.780590117121,375.89002915066186)
(641.0394477607413,376.0669188832893)
(642.2326716225806,376.2218210696661)
(643.3904651962501,376.3651596989551)
(644.5198748104851,376.52691948294955)
(645.7559954017274,376.7335087577134)
(646.7530694912749,376.912180417606)
(647.699455598919,377.0893716787776)
(648.7621272584754,377.29582177424874)
(649.7232577114081,377.48677912234234)
(650.7112670550945,377.6887257896795)
(651.7138452864812,377.9021053820269)
(652.7600568110432,378.1379065235999)
(653.8011640377287,378.39084623074206)
(654.8647012055425,378.67440677132527)
(655.9483449223794,378.9959233207743)
(657.016592290837,379.3499538189324)
(658.0969137746921,379.7480345372576)
(659.1809659063056,380.18705746857614)
(660.2563606877882,380.659403527348)
(661.3080789593907,381.1554961033398)
(662.3059550283858,381.659059768772)
(663.2514389295271,382.1670034150649)
(664.147746784503,382.6762471903978)
(665.0033506190048,383.18556243808155)
(665.8314817181507,383.6984678887373)
(666.6066853183403,384.1985604772441)
(667.3197217845476,384.6798902998258)
(667.9574988820194,385.12579089518056)
(668.7898392588797,385.62866802226205)
(669.2603540673758,385.77741130330827)
(669.7743496744898,385.8257407312992)
(670.3740727155424,385.82950022078626)
(671.0958318852862,385.85625887245607)
(671.9382099274601,385.96183608060886)
(672.9187855307767,386.16746091344146)
(674.0695410367422,386.47180034002315)
(675.3500359854002,386.83743335300284)
(676.7704243619967,387.23539142875626)
(678.2425399137488,387.6208569255644)
(679.6158493341949,387.9632546384068)
(680.8588626512142,388.27787435514875)
(681.8206234457576,388.5587371317551)
(682.4205810865747,388.80578263830245)
(682.7258291897854,389.0314619618757)
(682.8954521747636,389.2700140543301)
(683.0844845134144,389.54537820602997)
(683.4060147165347,389.8962191718916)
(684.0207471543459,390.4045053632149)
(684.791326477652,391.04018561302036)
(685.8712998326384,392.0417034742411)
(687.000315452202,393.24445401432314)
(688.0504038853672,394.3544974718907)
(689.3847893728727,395.63385414203464)
(690.8278525293068,396.891558497424)
(692.586262534957,398.2771064737832)
(694.5270096450046,399.63956508871865)
(696.6362484220753,400.90156673354426)
(698.9001398677897,401.96763541853437)
(701.1659926926911,402.7087945585001)
