Person 84
Starting Position = (241.97568489230292,650.090773351024)
(245.8681287429562,647.9653931847853)
(249.0318826482322,646.2379330081299)
(252.03686475231774,644.5971961769609)
(255.10440598364258,642.9223351110742)
(258.13986942839506,641.2650196485217)
(261.1411431955016,639.6264019758156)
(264.1075993328428,638.0068252810752)
(267.09171027854137,636.3776450109369)
(270.0583089820393,634.7580636693486)
(273.09514974659794,633.1001809860389)
(276.00913061040643,631.5094146452407)
(278.95824073883654,629.899524675054)
(281.8722646834876,628.308846040411)
(284.803869560315,626.7086382618729)
(287.8583920959389,625.0414245153212)
(290.7900648140216,623.4413483766883)
(293.9500044464085,621.7168126962981)
(297.82982660334716,619.5996777861471)
(300.81434396181686,617.9711889868772)
(303.7462500013469,616.3715423513638)
(307.046944697786,614.5709316482233)
(309.9439031568392,612.9907349325551)
(312.7882743913381,611.4394155931761)
(315.5976258916434,609.9074121628554)
(318.3895274590255,608.3851669608945)
(321.56791469399377,606.6526182720013)
(324.6586809138338,604.9682306139222)
(327.50374930806447,603.4180805890034)
(330.2963088748779,601.896920584566)
(333.0539392293004,600.395208365455)
(335.81179438842787,598.8938529849503)
(338.56990306666034,597.3928976201897)
(341.3282965988292,595.892388422134)
(344.0870096815845,594.3923758911096)
(346.8460808984244,592.8929156976801)
(349.5703914089146,591.413143186924)
(352.2951363957947,589.9340276654722)
(355.00277964113116,588.4651686784503)
(358.0804097134822,586.797265923286)
(360.93007434075713,585.2542109897595)
(363.6396660406929,583.7882636285069)
(366.29717686147114,582.3518623788607)
(369.23732542543627,580.7648945493894)
(371.87901714781776,579.3405878390298)
(374.46878069185004,577.9459934411196)
(377.04192417647516,576.5622546895232)
(379.5985294338576,575.1894827096503)
(382.13867912142524,573.8277812952813)
(384.69778801778574,572.4584335315385)
(387.25833953123856,571.0910476400173)
(389.83815590736623,569.716413536974)
(392.31350676062385,568.4002589833855)
(394.7905688138762,567.0863257694284)
(397.26949495841706,565.7748141182316)
(399.785935830358,564.447328541725)
(402.1980470068399,563.1783828191021)
(404.6479000359308,561.893651234615)
(407.0645832393566,560.6304173606626)
(409.46595365745037,559.3794700936869)
(411.8342678767874,558.1500635852508)
(414.20527801267417,556.9238852424982)
(416.56126124050473,555.7102259131872)
(418.99187808635025,554.4637568957081)
(421.8568782439117,553.0053340126832)
(424.29531986267074,551.7686564340507)
(426.57523690958357,550.616361890651)
(428.8582867276537,549.4672117015581)
(431.37955851653265,548.2059940930053)
(433.6913436597094,547.0679941773843)
(435.9356410818907,545.9743102684764)
(438.1294503609827,544.9128897850827)
(440.30851920474174,543.8647972748898)
(442.5090231154699,542.8121314867851)
(444.82224076001467,541.71210072938)
(446.9926535407829,540.6842285509713)
(449.1659819178171,539.6592879549052)
(451.34222831577364,538.637267252346)
(453.5030314251359,537.6265337133638)
(455.6299149423764,536.6352754677824)
(457.7411121486265,535.6547800358338)
(459.8734071078098,534.6681577207735)
(461.9161475708403,533.7255702324654)
(463.9612880796056,532.7846395982734)
(466.00884909391044,531.8454004412239)
(468.04030973802776,530.9161235094605)
(470.2040047255426,529.930443574757)
(472.3147780672521,528.9716716250765)
(474.3350718818987,528.0556130285383)
(476.301669698592,527.1651382068154)
(478.25161374556467,526.2834867119941)
(480.22216747775474,525.3941338642376)
(482.3442825583651,524.4397763476396)
(484.7501676620659,523.3650555364709)
(486.7283311416767,522.4803106886759)
(488.67049548823974,521.6110884768119)
(490.63294510774364,520.732968458711)
(492.55951873332185,519.8709275860483)
(494.8078047327613,518.869653357768)
(497.24821676127664,517.7892648348368)
(499.10665818668565,516.9627017496331)
(500.94675670114776,516.1418076549686)
(502.7876419960905,515.3189965219713)
(504.61065390240464,514.5029854002369)
(506.39694738644437,513.7022530134453)
(508.1464489523131,512.9168502295723)
(509.91581920420936,512.1218219473742)
(511.6673698561386,511.33401329589486)
(513.4010358201364,510.5533814177763)
(515.11675162817,509.77988673542944)
(516.8523012187445,508.99664239113)
(518.5507755004959,508.2288064918509)
(520.1929424024064,507.4846190214846)
(521.8544398319194,506.7301148207856)
(523.4973926280503,505.9823165319998)
(525.1027210332045,505.2496892334421)
(526.746239739267,504.49807717912165)
(528.4281673114615,503.7276066730931)
(530.0915970716234,502.9639639236359)
(531.698333190117,502.2241975295822)
(533.2861377847646,501.49099108097573)
(534.9120188299553,500.73846008108114)
(536.5571659830266,499.97537947595623)
(538.2025889078878,499.21042131948235)
(539.8672601239455,498.4348346559313)
(541.4750001280488,497.6834732470412)
(543.0064703476146,496.965038303743)
(544.5374709820403,496.2443800294489)
(546.2013464939906,495.46001371972034)
(547.7512264912917,494.7269257144245)
(550.2043812766693,493.58435591329976)
(552.2191460470374,492.64181193954244)
(553.7355202793623,491.92521996167767)
(555.1727272331517,491.2403135449698)
(556.5694147619784,490.5700907082028)
(557.982889719314,489.88813010901765)
(559.4325005535838,489.1858708361898)
(561.1083747878374,488.3735211793494)
(562.4997042742001,487.6960237636116)
(563.8326094759402,487.0442151715388)
(565.3147056831262,486.3180943391453)
(566.62599401999,485.67338675092526)
(567.9355062729248,485.02771500174975)
(569.2245714437184,484.39054927756956)
(570.5307168684035,483.74374857700064)
(571.7978361832969,483.1151734753512)
(573.063331701816,482.48665289541765)
(574.3272444858807,481.858488130292)
(575.5522540621732,481.2492775389399)
(576.7755473300275,480.64085967766067)
(577.9970848768612,480.0335484176022)
(579.2167812265808,479.4276638908272)
(580.4345107467287,478.82353806967916)
(581.6316064906089,478.2305467533211)
(582.8079051213397,477.64889762192433)
(583.9632630829392,477.0788049223814)
(585.097554412272,476.52048461144057)
(586.2289823681317,475.9652973913955)
(587.3391179709857,475.42245338793435)
(588.4460536905355,474.8834239192322)
(589.5677590417738,474.3399991480849)
(591.6220769789787,473.37582849907716)
(592.7242260351755,472.8591204912105)
(593.8020814439175,472.3551119026956)
(594.8739401521899,471.8560017846427)
(595.9399998506302,471.36239960341607)
(596.9649731107348,470.89087562380973)
(597.9668601435452,470.4334064587892)
(598.9808397127625,469.97461830797687)
(599.9892744751738,469.52303569134136)
(601.0266934679943,469.06417298309793)
(602.0753731398345,468.60672662845684)
(603.0494137749217,468.18737170057983)
(604.0345234168651,467.7694114808895)
(605.0304225761382,467.3536313576207)
(606.0200218119497,466.94746847490825)
(606.9865576750033,466.55762194285654)
(607.9633322546975,466.17100930690066)
(608.9007100997808,465.8068157714815)
(609.831814210691,465.4520292637003)
(610.7404249725372,465.11257886926086)
(611.62679479129,464.7880041906771)
(612.7481158536393,464.39016809780173)
(613.9102032650261,463.9916495208781)
(614.9532410877844,463.64382000428685)
(615.925761225705,463.3277029870331)
(616.7664215110245,463.0601628311839)
(617.616417756633,462.79597274737074)
(618.4296397371236,462.54926341596786)
(619.2219123093636,462.3150304715847)
(620.0087311697722,462.08892406681724)
(620.7902439585517,461.871257730301)
(621.5965239094256,461.65472611819615)
(622.531845424734,461.4159112977345)
(623.3580339651108,461.21433395498667)
(624.2383322339028,461.01097623144057)
(625.0113618629756,460.84069617626903)
(625.7511979558653,460.6854781785996)
(626.4585201632271,460.5442674388008)
(627.1483686235791,460.4134857293651)
(627.8499759681168,460.28780444988735)
(628.5350166821102,460.17201386703033)
(629.218158427633,460.0633505803731)
(629.899702456257,459.96156781856536)
(630.5941600148841,459.86458005418154)
(631.4017836372889,459.7610585644053)
(632.0805197417823,459.679659398919)
(632.7579328777263,459.60374541818925)
(633.4481827823658,459.53174218744914)
(634.1370635801082,459.46499468422036)
(634.8103414545521,459.40441931514613)
(635.4960577760179,459.34745517699685)
(636.166021312601,459.296110057593)
(636.820157283553,459.249892393853)
(637.4584459797138,459.20832314096026)
(638.0670272298377,459.17165966602164)
(638.6875361368724,459.13721797145945)
(639.3199747008405,459.104946787861)
(639.9919082899214,459.0736046639862)
(640.6070509462568,459.0467798606607)
(641.2339332759759,459.02097657554316)
(641.9545276059654,458.9930094258418)
(642.6136605223568,458.9653567615902)
(643.2132005310337,458.93812381186007)
(643.7809457439786,458.9102046586699)
(644.3436445855588,458.8802310012513)
(644.9011696041255,458.848043546786)
(645.4147771451399,458.8159892100784)
(645.935510424484,458.7808190689095)
(646.4497351760642,458.7432210137877)
(646.9441420913626,458.70411306679665)
(647.4420422905124,458.66142901626927)
(647.9294694190819,458.6161017373013)
(648.4045809376735,458.56813305274136)
(648.8653582266146,458.51759002308637)
(649.3202019898108,458.4633077287118)
(649.7256222963294,458.41089162955393)
(650.112508346463,458.35679872755566)
(650.4885270856678,458.30006767610877)
(650.8343644175033,458.24410422486346)
(651.1669491655659,458.1867796957844)
(651.4703220545158,458.13168411031313)
(651.760604899235,458.07692788264717)
(652.044637221471,458.0224977717611)
(652.3044793330903,457.9731694395812)
(652.5558179403015,457.9276464987683)
(652.7789551774769,457.89023019710345)
(653.0005684197201,457.8577498783952)
(653.2016286668602,457.8331292698802)
(653.4069147993891,457.81422750517066)
(653.6135069983355,457.80231800441493)
(653.8235569108439,457.79802925976236)
(654.026810657095,457.8012464140351)
(654.2354574402874,457.8122941816245)
(654.4502456504315,457.83167715597443)
(654.6715542393564,457.8598091156771)
(654.8994300384048,457.8969605331343)
(655.1336414656798,457.9432048861928)
(655.3737424191038,457.9983712626538)
(655.6262799367194,458.0640909543845)
(655.9503010607295,458.15944352844963)
(656.2519256868851,458.2553105836916)
(656.5428808179212,458.352342379131)
(656.8366151006213,458.4529515200325)
(657.1095674412016,458.5469668564515)
(657.3682228211187,458.6351535065509)
(657.6195525441756,458.71886909224673)
(657.8783002474283,458.8019717274999)
(658.1369133917564,458.8810732702329)
(658.402776171416,458.9575069359634)
(658.6834085178801,459.0322251640452)
(658.948789379834,459.09725041087785)
(659.1912358087295,459.15182216083315)
(659.4402618567289,459.202899529453)
(659.6810951975634,459.2478364913446)
(659.9210401141978,459.2884838154669)
(660.196862042688,459.33045893319036)
(660.4794283881253,459.3691409397156)
(660.7392766133311,459.401412122493)
(660.9762627239952,459.42828296427615)
(661.3594141344188,459.4675413157097)
(661.5891069361999,459.48867329456647)
(661.8100679980487,459.50664369144755)
(662.0367226227661,459.5224624271998)
(662.254973605428,459.5350110669905)
(662.4791171283233,459.54483940821626)
(662.7022801742643,459.55129256488357)
(662.9176256284353,459.5540977629803)
(663.1393263829651,459.55314292070625)
(663.3466559310732,459.5486054828083)
(663.5536719413963,459.540305752451)
(663.7605812060361,459.5281676860196)
(663.9675955007644,459.5121650298237)
(664.1749313136481,459.4923256820243)
(664.3828093103442,459.468734769356)
(664.5914493582015,459.4415416055733)
(664.7939680107718,459.4120446066056)
(664.9903899451369,459.38076421802873)
(665.1950629521946,459.3456887678554)
(665.3939188464963,459.3096005812978)
(665.6014621022624,459.27024008646094)
(665.8107298800019,459.22929305668833)
(666.0144101911125,459.1886278228147)
(666.2272801352822,459.1457517244131)
(666.4421004551152,459.10253866229044)
(666.6588635181788,459.05939509064876)
(666.8775171707773,459.0166991929643)
(667.0902282945407,458.9761692181709)
(667.3122039730395,458.93525498643373)
(667.5356317410123,458.8956554826533)
(667.7446002160272,458.85997721938776)
(667.9543448816233,458.8255420876172)
(668.1646702471368,458.79234070735816)
(668.3832429427007,458.7591940174965)
(668.5941305526429,458.72826015928547)
(668.8049000938894,458.6981806482363)
(669.0153067216489,458.66874223563497)
(669.2251048144235,458.6397041011421)
(669.4340530465557,458.6108098958918)
(669.6419194855914,458.58180007494065)
(669.848488067481,458.5524213853906)
(670.0459735896467,458.52354599801134)
(670.2343590174504,458.4950466868769)
(670.4285839350309,458.46448533091416)
(670.6357742901906,458.4304076411768)
(670.8262820421605,458.39760362730533)
(671.0076398697717,458.3649128713978)
(671.1943190388383,458.3296775087079)
(671.3719983376526,458.2946462109646)
(671.5549035020829,458.2570447375415)
(671.7359846964029,458.21836302612394)
(671.9153174734114,458.1787248796254)
(672.0793586586063,458.14141342376195)
(672.2487485861755,458.10194622113187)
(672.4100400817313,458.0636572479906)
(672.5700988249515,458.0251529867541)
(672.7356301335054,457.9850490342159)
(672.8934782960318,457.94675197572394)
(673.0568795144054,457.9073382699917)
(673.212825411489,457.87015462739316)
(673.3743780959207,457.83239549180706)
(673.5286490833164,457.7972551212444)
(673.6885382159642,457.76210768691953)
(673.8412612884451,457.7299041362884)
(673.9932212807585,457.6994315892479)
(674.157038129594,457.6686948237729)
(674.301192701731,457.643387778332)
(674.4445747487753,457.62007417608737)
(674.5933711424099,457.5980239450167)
(674.7351566333855,457.5790301120149)
(674.8761136782638,457.5622019875728)
(675.0162273711514,457.54753641569386)
(675.1615422438857,457.5345570913999)
(675.3059572955692,457.5238175949461)
(675.4434916901068,457.5154623216322)
(675.5861152391046,457.50870146117126)
(675.7219556387955,457.50383062185927)
(675.8628492299392,457.5002750583052)
(675.9970767586332,457.4980229637742)
(676.1363426942265,457.496649732292)
(676.2632943753948,457.49595121324205)
(676.3895639062921,457.4955654265716)
(676.5151743344318,457.4952407979587)
(676.640143421445,457.4947269789601)
(676.7644819983489,457.4937800802267)
(676.8881924305628,457.4921677890849)
(677.0112672245502,457.48967427218463)
(677.1336878074168,457.4861047612531)
(677.2609493819657,457.48100924600874)
(677.3819447337582,457.47474354177615)
(677.5021496049396,457.46697889318193)
(677.6214928890224,457.4576425636194)
(677.7398897687423,457.44669794141726)
(677.8572420310194,457.4341454448275)
(677.9734386730557,457.42002266990215)
(678.0883567969669,457.404403785999)
(678.2018627858414,457.3873981975882)
(678.3138137496718,457.3691485021972)
(678.4240592250067,457.34982778308233)
(678.5324431072232,457.3296362822537)
(678.6435622523168,457.3078075702867)
(678.7430347547455,457.28747751306133)
(678.8404015624889,457.2669457960958)
(678.9355494252234,457.2464110095768)
(679.0240551800197,457.227022688867)
(679.1061534804909,457.2089012536344)
(679.1903103820711,457.19032166619064)
(679.2721397301175,457.1723981927316)
(679.3477242777758,457.15609335781085)
(679.4323120365865,457.1383744649932)
(679.531656484674,457.1186956338579)
(679.6197611985905,457.10243836973245)
(679.6975210242394,457.0892518866693)
(679.7720023696792,457.0779039017503)
(679.8373045945408,457.0690846692484)
(679.902807379633,457.061512033109)
(679.9627499544598,457.0557311375198)
(680.028005596032,457.05085212722634)
(680.0777113404275,457.0479435416893)
(680.1279662841204,457.045766436648)
(680.1739410857839,457.0443156791737)
(680.2204987369358,457.04322841507457)
(680.2653531955003,457.04230065556766)
(680.3044485961319,457.0413729737767)
(680.3444240085132,457.03999952249944)
(680.3832419646039,457.03792184298123)
(680.4190967808555,457.0350486226458)
(680.4541524738827,457.0309812081192)
(680.4904105267499,457.0249966710146)
(680.5242150327973,457.01751460335964)
(680.5575981793037,457.00791338417457)
(680.5925126967555,456.9950425084149)
(680.6272454416179,456.97908044203376)
(680.6601005435865,456.96090798112147)
(680.694860591312,456.93797324989004)
(680.7279643457484,456.91263068992436)
(680.761340320908,456.8834214339348)
(680.7969872108442,456.84798038759374)
(680.8312098689936,456.8100844660692)
(680.867932252174,456.76501851739386)
(680.9114033440326,456.7056253685715)
(680.9580119167962,456.635345765124)
(681.0037216021341,456.5605233950705)
(681.048420139819,456.4821362768945)
(681.0942196285381,456.3967410553742)
(681.138843006522,456.30910337700203)
(681.1821370140874,456.2202263659758)
(681.2287138643068,456.1204694023188)
(681.2714166307765,456.0258148096312)
(681.3124235704007,455.9321821372809)
(681.354088222326,455.83440407800447)
(681.3963873603293,455.73258634335315)
(681.4392938391799,455.62684778815077)
(681.4827770711428,455.51731909562426)
(681.5268035000282,455.40414146211657)
(681.5713370668536,455.2874653026708)
(681.6190223326105,455.1601573183052)
(681.6671916355568,455.02928065508854)
(681.7130671208874,454.9026959364116)
(681.7592831668472,454.77330773985165)
(681.8057977458216,454.6412949143906)
(681.8525688777603,454.506838695769)
(681.8995550005214,454.3701218090561)
(681.9467153310031,454.2313276312273)
(681.9940102182645,454.0906394121343)
(682.0414014893796,453.94823955246903)
(682.0916541881667,453.7957284193645)
(682.139138404169,453.6503505926759)
(682.1866143836183,453.50380908774355)
(682.2340724724776,453.3562373936147)
(682.278706287343,453.2165792317127)
(682.3233053802417,453.07626343585554)
(682.3678740996463,452.9353897526867)
(682.409632311732,452.8029254574222)
(682.4541682654818,452.6612407533586)
(682.4987170308423,452.5192438671859)
(682.5433011418522,452.37700625428187)
(682.5879460415092,452.2345943482392)
(682.6326794249806,452.0920702751667)
(682.6775305978696,451.9494924902096)
(682.722529847407,451.8069163431266)
(682.7677078251484,451.6643945821435)
(682.8130949408112,451.52197780735287)
(682.8587207682206,451.37971488632326)
(682.9046135585462,451.2376530151936)
(682.9478873575131,451.1047029511545)
(682.9914307533045,450.9720219705668)
(683.041170455926,450.82200196545665)
(683.0853622886767,450.6899786437117)
(683.1268765466023,450.567103371587)
(683.171681506683,450.4358657576838)
(683.216817950358,450.3050782909183)
(683.2622885344563,450.1747771385925)
(683.3080924228196,450.044999089399)
(683.3698099714156,449.8728309320607)
(683.4164121361404,449.74432401966413)
(683.4633164249489,449.6164754734492)
(683.5105079551932,449.48932509873276)
(683.5579691205985,449.3629131932113)
(683.6024783358231,449.2456193219727)
(683.6503964678446,449.12076323052696)
(683.6985207519862,448.99676326410025)
(683.7468264644184,448.8736588754341)
(683.7952881512844,448.7514882995542)
(683.8438800961128,448.63028805944356)
(683.8893185365341,448.5180548172934)
(683.9380845836342,448.39883823486844)
(683.9869087817776,448.2806834910818)
(684.0357687518757,448.1636154066464)
(684.0846439615603,448.04765466881764)
(684.133516056596,447.9328174572791)
(684.1823691458594,447.8191151454519)
(684.2312036145225,447.7065196424249)
(684.2767566906671,447.60239893564653)
(684.3222904740369,447.4992216421917)
(684.3678191629114,447.3969488609195)
(684.4133639195047,447.2955293642746)
(684.4589520810766,447.19490122326505)
(684.5078960098248,447.08789041927866)
(684.5536928852922,446.98865044179377)
(684.5996469843011,446.8899629053388)
(684.6458026448264,446.7917395619488)
(684.69220647268,446.693889826605)
(684.738906658074,446.5963222768195)
(684.7859523349049,446.49894605501123)
(684.833392985416,446.40167215929597)
(684.8812778914803,446.3044146118606)
(684.9296556325404,446.20709149763996)
(684.9785736292763,446.1096258694048)
(685.0280777313344,446.0119465184785)
(685.0782118469417,445.91398861303844)
(685.1290176119328,445.8156942082474)
(685.1842841824342,445.7099128556216)
(685.2366149127037,445.6107517352695)
(685.2897272241022,445.5111238731947)
(685.3436508357573,445.41100216589456)
(685.3984120369433,445.3103672594594)
(685.4540335534301,445.2092074271657)
(685.5104362855385,445.1076857232448)
(685.5718118624649,444.9984554175657)
(685.6299291114176,444.8961078582456)
(685.6889028083314,444.79334523487057)
(685.7487540730881,444.6901536245388)
(685.8095018943818,444.5865209365573)
(685.8711629702091,444.4824368300217)
(685.9337515674774,444.3778925932773)
(685.9972793991237,444.2728809943242)
(686.0617555171966,444.16739611080226)
(686.1271862204557,444.06143314766524)
(686.1935749751618,443.9549882500621)
(686.2609223478826,443.8480583182964)
(686.3292259492979,443.7406408310599)
(686.398480388167,443.63273368244137)
(686.4686772347927,443.5243350375109)
(686.5398049934935,443.4154432105843)
(686.611849083754,443.3060565695826)
(686.68479182987,443.1961734692333)
(686.7586124590222,443.08579221520154)
(686.833287107799,442.97491106061204)
(686.9087888372372,442.8635282358197)
(686.9850876564595,442.75164201169093)
(687.0621505549527,442.639250796106)
(687.1399415434421,442.5263532628758)
(687.2184217031868,442.4129485117995)
(687.2975492433415,442.2990362581766)
(687.3830377951293,442.1763881110253)
(687.4691755713358,442.0531439990166)
(687.5500666383743,441.93761634380223)
(687.6314006320168,441.8215936539392)
(687.713122191084,441.7050826831399)
(687.8010758666588,441.57968286631626)
(687.883430200107,441.46217745414947)
(687.965986340915,441.3442212720794)
(688.0486797103662,441.22583247406715)
(688.1314436462567,441.1070329148627)
(688.2201366214542,440.9792909951647)
(688.3087584051647,440.8511316456037)
(688.3972179394439,440.7226005063378)
(688.4854216606466,440.5937501726178)
(688.5732735137176,440.4646407772967)
(688.6606749519108,440.3353405961548)
(688.7475249256657,440.2059266786914)
(688.8337198654243,440.07648550190254)
(688.9191536638117,439.9471136368836)
(689.003717665268,439.8179184309656)
(689.0873006726309,439.68901870491277)
(689.1643482703931,439.5690902749842)
(689.2403395641077,439.4496545958651)
(689.3151796790789,439.3308367068195)
(689.4754436846521,439.07121007444516)
(689.546324280015,438.9550898507612)
(689.6204420927056,438.8321698922186)
(689.6926087002013,438.7109735688145)
(689.7626987579289,438.59174547680084)
(689.8261933720366,438.4824037803695)
(689.8876664065983,438.3752208000479)
(689.947021138788,438.2704277678497)
(690.0041637338483,438.1682652961689)
(690.0590041327188,438.06898207624425)
(690.1114570199743,437.9728332460648)
(690.1614428690758,437.88007842091076)
(690.2088890583306,437.7909793789124)
(690.256738498694,437.70002606318866)
(690.301534697579,437.6138998896129)
(690.3432243506098,437.532908457209)
(690.3817701419946,437.45734463233026)
(690.4171525508866,437.38748107064356)
(690.4493716125205,437.3235644898005)
(690.4767016724696,437.26926292107936)
(690.5013249284198,437.22046256369254)
(690.5232937997544,437.1772783934879)
(690.5438728554777,437.1375609007593)
(690.5616565524556,437.1042513405154)
(690.5768144853511,437.0772445374189)
(690.5888548623457,437.0573130611858)
(690.5995966800547,437.0416411187516)
(690.608481029511,437.0311414097752)
(690.6158377636208,437.0252015992263)
(690.6216589181989,437.02305956100724)
(690.6270531820661,437.023941338305)
(690.6316490439502,437.0268922033802)
(690.6360963300748,437.03133187952653)
(690.6406766465872,437.03662394306133)
(690.6456585943996,437.0421465689592)
(690.6512940310745,437.04730262899636)
(690.6578149942844,437.0515278858682)
(690.6654312602068,437.05429733969237)
(690.6743284943757,437.05512985627536)
(690.6846669343079,437.0535912317198)
(690.6965805453316,437.04929588922494)
(690.7101765988904,437.04190743295976)
(690.7255356247398,437.0311382790805)
(690.7427116917637,437.0167485693765)
(690.7617329759304,436.9985445523535)
(690.7859260037131,436.9724859638786)
(690.8125322307474,436.9410285316441)
(690.8375713258102,436.9093605064967)
(690.8642980736784,436.87352826411933)
(690.8926220405069,436.8335445437559)
(690.9224349838018,436.78945405386474)
(690.95595707314,436.7375641959448)
(690.9884579777579,436.6852148239875)
(691.0220204716458,436.6290771211998)
(691.056481976498,436.5693061670175)
(691.0942508489574,436.5012862821987)
(691.13003671667,436.43456376490764)
(691.1661739706894,436.3648265742479)
(691.2026063228399,436.2921548021288)
(691.2417692376857,436.21120379646777)
(691.2808309718969,436.1274728487308)
(691.3170010137061,436.04717511721685)
(691.3527147559103,435.96497241658295)
(691.3878133324044,435.8811059116104)
(691.4245522745828,435.78960543001176)
(691.4579323353912,435.70303286958386)
(691.4902796550674,435.6155205174833)
(691.5214840694498,435.52729769374383)
(691.551448771739,435.4385906797524)
(691.5800905833545,435.3496226884232)
(691.6073401049431,435.26061384039417)
(691.6348843979058,435.16544505165433)
(691.6590998091622,435.07702684677827)
(691.681795297897,434.98922510771274)
(691.702956872283,434.9022470760619)
(691.7225835412777,434.8162966993567)
(691.7418747661408,434.7256153889779)
(691.7583821653727,434.6424192977297)
(691.7734278373337,434.5608562057939)
(691.7870587091812,434.4811155261564)
(691.7993319467204,434.4033827084261)
(691.8103142299088,434.3278390443103)
(691.8206978702553,434.2496182903016)
(691.829263074616,434.17916292247725)
(691.8372641126392,434.1067993329561)
(691.8438003540412,434.0421509885951)
(691.8495078655973,433.9805495454317)
(691.8548074212962,433.918224696242)
(691.8591503123679,433.8634042348774)
(691.8630033644972,433.81206814547403)
(691.866714951922,433.7612196679729)
(691.8699295238847,433.7174956550838)
(691.8732352816759,433.6750659460732)
(691.8763140027918,433.6393994597522)
(691.8797528503201,433.6057980515705)
(691.8831966292315,433.5785026080729)
(691.8869891100261,433.55530552292123)
(691.8915961174349,433.53517525321826)
(691.8964744542952,433.5204696701462)
(691.9020378162608,433.5097943477898)
(691.9089174645219,433.50288980629864)
(691.9162296380089,433.50025639637056)
(691.9245239865735,433.501272345378)
(691.9338841959335,433.5057380402725)
(691.9443853447011,433.51341593688187)
(691.956092587212,433.52403179440444)
(691.9690598703772,433.5372769554625)
(691.9833287565265,433.55281163397973)
(691.9989274244665,433.57026911439016)
(692.0159052062838,433.58910451510707)
(692.0342643679137,433.6088577049691)
(692.0539948307407,433.6290040874989)
(692.0766950530335,433.6503464974539)
(692.0991868227104,433.669462581249)
(692.1229304380979,433.6871887714926)
(692.1478601657736,433.7029550935135)
(692.1738992911171,433.7162212108306)
(692.20096219267,433.7264867390785)
(692.2289566337149,433.73329881962906)
(692.2577861393194,433.73625721726836)
(692.2895315838134,433.73456290089473)
(692.3220124140971,433.7276571745839)
(692.3528561335546,433.7164681875027)
(692.3864172775905,433.6988046829727)
(692.4180885623317,433.6772845440358)
(692.4523465777077,433.648344864062)
(692.4845211261643,433.61621950970215)
(692.5191733191665,433.57593431282663)
(692.553950355595,433.5298698438452)
(692.5864706804527,433.4819712976363)
(692.6213774804106,433.4251599204087)
(692.6539912353143,433.36754112246956)
(692.6866446940818,433.3055151884579)
(692.7193555629891,433.2392911983593)
(692.7545206066817,433.16377418903147)
(692.7874717716172,433.0895850018336)
(692.8206058044233,433.0119484492897)
(692.853985155094,432.93113580860745)
(692.8876814611332,432.8474284981228)
(692.9217745645507,432.76111635618315)
(692.956351401769,432.67249603322085)
(692.9940823433844,432.57525125850117)
(693.0299776428567,432.48281152671234)
(693.0666532077844,432.3890022435015)
(693.104210939315,432.29413280787236)
(693.1427524714671,432.1985122969219)
(693.1823774389613,432.10244814856986)
(693.2231816863087,432.00624485150246)
(693.2652554377356,431.9102026406522)
(693.3086814504431,431.81461620091727)
(693.3535331764443,431.7197733863835)
(693.3998366761448,431.62449098193497)
(693.4476404708055,431.529171767581)
(693.4969848965892,431.4342035167817)
(693.547900243329,431.33995822929995)
(693.6004049578462,431.2467913153369)
(693.658516836653,431.1486289019101)
(693.7143346119842,431.0587673597639)
(693.7717043638554,430.97096176960065)
(693.8349276647107,430.87960016724134)
(693.8998230449181,430.7912699742744)
(693.966281077454,430.7062586895503)
(694.0341661613415,430.6248251859755)
(694.0986051687898,430.5521062812232)
(694.1639755261169,430.4828395160135)
(694.2301107379556,430.4171697451227)
(694.2968271699141,430.35522061675096)
(694.3639254924678,430.2970951493312)
(694.4360352458846,430.23933795407333)
(694.5080825542733,430.18617575770793)
(694.5749948530989,430.14057523551423)
(694.6413322297725,430.0990198241053)
(694.7114890664384,430.0591879744548)
(694.7804189172556,430.02404291318055)
(694.8433973620904,429.9952770747178)
(694.9047789309575,429.9705227404706)
(694.9643310577068,429.9497465350569)
(695.0218321535342,429.9329078979617)
(695.0770741920885,429.9199604869255)
(695.1298650798919,429.9108534843389)
(695.1834370460542,429.90547210505554)
(695.2306464565701,429.90417324185927)
(695.2778965502865,429.90701842869845)
(695.3216805834425,429.9140257747143)
(695.3594150037352,429.92410288423355)
(695.3962058626697,429.9389201014055)
(695.4273151763077,429.9561650920909)
(695.4551838716251,429.97676883511997)
(695.4798221957402,430.0006749117272)
(695.5025700117424,430.0300388672336)
(695.520655856504,430.06062864424206)
(695.5356645469741,430.0943437789047)
(695.5476794078435,430.13112430141)
(695.5567964869622,430.1709074641693)
(695.5631221266534,430.2136267978251)
(695.5667704696644,430.25921111681026)
(695.5678609580726,430.3075835006982)
(695.5665158825075,430.35866027863034)
(695.5628580364988,430.4123500445739)
(695.557008526696,430.468552730983)
(695.5483733338617,430.53154153527555)
(695.5375057260604,430.5971509081482)
(695.5245317181672,430.6652154235071)
(695.5095663313667,430.7355547234752)
(695.4927124979984,430.8079732018719)
(695.4754113307407,430.8771875557029)
(695.4566043322084,430.94784510640307)
(695.4363469953121,431.0197541762711)
(695.414685629117,431.09271253241155)
(695.3916580195586,431.166508115819)
(695.3654480391494,431.2462775883245)
(695.3377273057165,431.3264651275942)
(695.3105626497922,431.4014230183292)
(695.2799809795962,431.481581145057)
(695.2479349264892,431.56128139826404)
(695.2144357537098,431.64021734507537)
(695.1794956424773,431.71808231918294)
(695.1431295612442,431.79457167910243)
(695.1053570040006,431.8693850623812)
(695.0662035564151,431.9422285991334)
(695.0257022543769,432.012817049395)
(694.9838947054927,432.08087583029516)
(694.9438003588367,432.14198516277605)
(694.9026806949374,432.20048039095826)
(694.8605918367633,432.2561712669012)
(694.8175974444325,432.3088801547734)
(694.77376859285,432.35844282755176)
(694.7291834657541,432.4047090972119)
(694.6839268732164,432.4475432695327)
(694.6380896032783,432.4868244172638)
(694.5917676218763,432.5224464681645)
(694.5450611384642,432.55431810729897)
(694.4980735577561,432.5823624959685)
(694.4509103407399,432.6065168127911)
(694.400272643345,432.6278499298342)
(694.3496617237722,432.64459384487975)
(694.2992079470856,432.6567211292986)
(694.2523874069996,432.6640268115379)
(694.2059332834908,432.6673160932989)
(694.1566606459834,432.6662118488627)
(694.1079937631467,432.6604953112782)
(694.0600293553879,432.6501896367443)
(694.0128538461571,432.63532324212736)
(693.9665427483196,432.6159282313009)
(693.9241502381877,432.5939318812541)
(693.882630907698,432.56806890969665)
(693.8391615026877,432.5359279943771)
(693.799524830158,432.5021230063852)
(693.7608401238944,432.4645392578305)
(693.723117422878,432.42320478949756)
(693.6866477784954,432.3768931041274)
(693.6514206034451,432.32571199628296)
(693.6174102893489,432.26977084420525)
(693.584578600535,432.20917998966786)
(693.552876929271,432.1440501815128)
(693.5222484209846,432.07449211605785)
(693.4926299732164,432.0006160992962)
(693.4639541078412,431.9225318482141)
(693.4342081169376,431.83414174720235)
(693.4053544677772,431.74115895040865)
(693.3791470666948,431.6505117957207)
(693.3517972563253,431.54905692000733)
(693.3268559588822,431.4507295574609)
(693.3024386930964,431.3488765297986)
(693.2784890674709,431.24361056110087)
(693.2532890841777,431.12701947142693)
(693.2301384992048,431.01503464056344)
(693.205697892893,430.8915394821111)
(693.1831834349902,430.7733787706794)
(693.1609393580939,430.6524579150097)
(693.1389448849832,430.5289231848857)
(693.1171844279359,430.40292951310744)
(693.0956470319674,430.2746412118943)
(693.0743257044265,430.1442325698611)
(693.0532166491038,430.0118883078109)
(693.0323184248145,429.8778038736139)
(693.0101612763547,429.7323695401378)
(692.9896934247271,429.5953321885925)
(692.9680000570819,429.44726819621303)
(692.9479642817157,429.3082624735759)
(692.928136098203,429.16869206080725)
(692.9085086114472,429.02881313509283)
(692.8890711080971,428.8888889261588)
(692.8684401449452,428.7392215730712)
(692.847979916587,428.59014446984906)
(692.8290102885717,428.4518213571093)
(692.8087895157291,428.30486722270103)
(692.7899733436149,428.16909726048425)
(692.7711719545931,428.0349849512067)
(692.7523674704921,427.9026502562673)
(692.7335052460508,427.77229717729216)
(692.7145247172111,427.6440660181389)
(692.6953630553643,427.51803198291424)
(692.6759589267593,427.3942053161671)
(692.6562561830167,427.2725330267825)
(692.6362073113203,427.1529021502804)
(692.6157764885966,427.035144421764)
(692.5949421110944,426.9190421609296)
(692.5736987062928,426.8043351170009)
(692.5520581742525,426.6907279886121)
(692.5284532715744,426.5698455058006)
(692.5061066192197,426.4574338315229)
(692.4835104820459,426.34508075340636)
(692.460746610395,426.2324294791197)
(692.4362841803205,426.1109266960301)
(692.4134967535458,425.99650642604246)
(692.3908723015951,425.88074072520027)
(692.3685373294211,425.7633214763065)
(692.3466238214731,425.64396386503813)
(692.3252671002803,425.5224092754706)
(692.3046038300107,425.39842747822905)
(692.2847702101581,425.2718181849245)
(692.2659003888607,425.14241205121164)
(692.24812511069,425.01007121423004)
(692.2315706004803,424.8746894492533)
(692.2153958370504,424.7260196132874)
(692.2037460350833,424.56611875815616)
(692.196517615333,424.39582295999554)
(692.1935868812492,424.21594328883117)
(692.1948150817561,424.0272677800311)
(692.2000532777511,423.83056319163916)
(692.2091469196495,423.6265765821683)
(692.2219400530265,423.4160367453736)
(692.2382790803091,423.1996555387112)
(692.2580160179167,422.9781291407645)
(692.2810111996705,422.75213927009156)
(692.3051836007758,422.53789944728385)
(692.3341037346153,422.3051740324686)
(692.3636192262493,422.0857422797198)
(692.3980740455496,421.84869449547074)
(692.4326102493851,421.6262919763289)
(692.4723010007453,421.38727081333093)
(692.5116166331451,421.1640673075048)
(692.5563220980601,420.9253767266528)
(692.6002363115537,420.70350884748365)
(692.6463049490985,420.4830446268016)
(692.6944923738954,420.26447746887214)
(692.7447590681858,420.0483012742226)
(692.800970949005,419.8200240833568)
(692.8594637598724,419.5956982192304)
(692.9201448874924,419.3759365165822)
(692.9828980694149,419.16135283154244)
(693.0475787478174,418.95256062050737)
(693.1140097718582,418.7501705882609)
(693.1819776463444,418.5547872536778)
(693.2465218214136,418.3790192250627)
(693.3166896149078,418.1988383056368)
(693.3875371787369,418.02735392868027)
(693.4586892161966,417.8650885729782)
(693.5297383649456,417.71252294408833)
(693.5955912050058,417.57892362421103)
(693.6652150695203,417.44625592455935)
(693.7334579559688,417.3243580254303)
(693.7998646213101,417.21344068480516)
(693.8598528197134,417.1195692218875)
(693.917484914685,417.03537174644225)
(693.9724061831147,416.9607903029142)
(694.0242783038519,416.89568461538664)
(694.072786015403,416.8398325756049)
(694.1176437656515,416.7929331262546)
(694.1586020498917,416.75461155820824)
(694.197763629051,416.72288012664546)
(694.2300379241427,416.7008639992168)
(694.2579286497595,416.68590313269675)
(694.2813816483246,416.67742198423207)
(694.3003966719696,416.67482792801326)
(694.3150271307215,416.67752527229163)
(694.3257925240841,416.68579537297495)
(694.3377748782885,416.68051312849354)
(694.3500970135757,416.66452611286303)
(694.3636748099176,416.63815456539197)
(694.3798472133905,416.5987271234388)
(694.3978387140639,416.5488957160563)
(694.4178614134611,416.48939885899506)
(694.4401401035591,416.42094671245866)
(694.4630780039633,416.34984452349494)
(694.4903640877709,416.2660033961901)
(694.5205949365892,416.17513405792096)
(694.5540004351722,416.0778426506512)
(694.5881120767741,415.9819391859855)
(694.6282517909793,415.8738613796993)
(694.6721752903716,415.76098943217147)
(694.7200550794025,415.64382677488754)
(694.772040928237,415.52284995921895)
(694.828257303693,415.39850832352033)
(694.8888012749267,415.2712237398225)
(694.9537409536559,415.1413904917318)
(695.023114520226,415.0093753306442)
(695.0917115147528,414.88454470335313)
(695.1696338654033,414.74924849801727)
(695.2519325578337,414.61269171275995)
(695.3385306880266,414.4751379256091)
(695.4293257814229,414.3368271103676)
(695.5241924130447,414.1979772472607)
(695.6229852571543,414.05878617755525)
(695.7255424637793,413.91943366810466)
(695.8243744018862,413.7893634197874)
(695.9336871548702,413.6501466726053)
(696.0462319850908,413.5112141716431)
(696.1618171704397,413.3726971103514)
(696.2802518470445,413.2347202556079)
(696.4013489305185,413.09740424847297)
(696.5249276123378,412.96086776176907)
(696.6508153711993,412.8252294674686)
(696.7788494595177,412.6906097716558)
(696.9088778456837,412.55713228032516)
(697.0407596124345,412.4249249653781)
(697.1743648300042,412.2941210068055)
(697.3095739391481,412.16485929417496)
(697.4462766933922,412.03728457814736)
(697.5843707218289,411.91154727077435)
(697.7237597834497,411.78780290167566)
(697.864351791383,411.66621124566893)
(698.0060566905199,411.54693514576866)
(698.1487842747981,411.4301390633544)
(698.2827937991123,411.3234326762502)
(698.4175238649473,411.21916317183064)
(698.5626264752285,411.11039231424843)
(698.7083682241707,411.0047212862679)
(698.8448342496775,410.908924001351)
(698.9816384285302,410.81606750444047)
(699.1186705678654,410.72625447147703)
(699.2656310090266,410.63362195948366)
(699.4125734230414,410.54468176545424)
(699.5495450916288,410.4649604910834)
(699.6862005781695,410.3885800502856)
(699.8223925039438,410.31557677775993)
(699.957968852915,410.245971452641)
(700.0927742855791,410.1797688764304)
