Person 44
Starting Position = (163.56172572158485,178.5438370830665)
(167.66079096652018,180.2359979118359)
(170.99245017396063,181.61135590247076)
(174.15689198597553,182.9176820255616)
(177.3872036166739,184.25120044812672)
(180.58372524855898,185.57077005727695)
(183.74423188434574,186.8754722662378)
(186.86806115441465,188.16503360269044)
(190.01046945160036,189.46226513021804)
(193.13442168367663,190.75187806800244)
(196.3323267647543,192.07202088527566)
(199.40083399982214,193.33874598538736)
(202.5063116867156,194.6207335229455)
(205.57481738805583,195.88745866679147)
(208.66180792151158,197.16181515603247)
(211.87819963865067,198.4895920075659)
(214.96519139575,199.7639503409783)
(218.2924989980957,201.13751713509117)
(222.3777533798569,202.82398658664863)
(225.5202180763484,204.12124958663168)
(228.6072124523784,205.39561178465087)
(232.08240830097498,206.8302330547364)
(235.13243015501945,208.08933314266653)
(238.12698846228548,209.3255362177726)
(241.08457186119412,210.5464752275952)
(244.02366735442348,211.7597822122633)
(247.36945202372513,213.14098094387586)
(250.62281208335284,214.4840258292356)
(253.6173696730192,215.72023121873588)
(256.5564652922211,216.93354043749045)
(259.458586530739,218.13158584568245)
(262.36070571184047,219.32963061328377)
(265.2628237880438,220.52767526407533)
(268.1649411111406,221.72571998765991)
(271.06705780921106,222.92376484831124)
(273.9691739268087,224.12180986267924)
(276.83431813787155,225.30459236752105)
(279.6994611399713,226.48737465518232)
(282.54611769208174,227.66252561395203)
(285.7809756158758,228.99793628868136)
(288.77552321668435,230.23414187706362)
(291.6221826778322,231.4092956383181)
(294.4133814526392,232.5615537358179)
(297.50034884093367,233.83591248286174)
(300.27306329167243,234.98054058955276)
(302.9903165295163,236.10227266306623)
(305.68908107356435,237.21637199390463)
(308.3693581356742,238.3228392028482)
(311.03114821278535,239.42167452240562)
(313.71142239017695,240.52814046875991)
(316.3916959515143,241.63460616337298)
(319.0904543177911,242.74870276638248)
(321.6782998750916,243.81701192727633)
(324.26614287366453,244.88531964555693)
(326.853984342378,245.95362640647278)
(329.47879545443476,247.03719472289654)
(331.99269436105135,248.07497569874508)
(334.5435612790139,249.12801721190579)
(337.0574566790659,250.16579551805637)
(339.5528652512489,251.19594134323214)
(342.01130184208387,252.21082355344686)
(344.4697365587545,253.2257040291845)
(346.9096847022567,254.23295185630042)
(349.42357214828854,255.27072205754104)
(352.3811109479481,256.4916391239945)
(354.89500706761083,257.52941092713587)
(357.2425308976306,258.4984991405713)
(359.59004844681124,259.46758240263057)
(362.17786935043614,260.5358641842463)
(364.7102363896677,261.5812514403114)
(367.0762361916752,262.5579573180452)
(369.368291621004,263.5041349647234)
(371.6048880299951,264.4274153180113)
(373.82299563325313,265.34305991170277)
(376.05958488266236,266.26633018459097)
(378.4070813043416,267.235379383885)
(380.60669855838364,268.14337931425774)
(382.8063119702666,269.0513728389796)
(385.00592226830224,269.95935988963265)
(387.187045015399,270.8597097528692)
(389.3311953306401,271.7447916438449)
(391.4568574514032,272.62223533224466)
(393.6010006077216,273.50730069421587)
(395.65271791591005,274.35420686161507)
(397.70443053804775,275.2011032199744)
(399.7561390327833,276.0479893943559)
(401.789359183489,276.88723502022054)
(403.9519661510203,277.77987665464985)
(406.0591176273259,278.64961690736226)
(408.07384305236945,279.48119589725496)
(410.0331097113332,280.289872064782)
(411.97388574627956,281.0909034947965)
(413.9331395858317,281.8995474621061)
(416.0402605356134,282.7692039420087)
(418.42464208288163,283.7532698225834)
(420.38388682662793,284.56185696411944)
(422.30615235677874,285.3551630505434)
(424.2468911757534,286.1560717727213)
(426.15065322332055,286.94169879957735)
(428.36862892870784,287.85696227515706)
(430.77143791853734,288.84845959978594)
(432.6012476340746,289.6034860617137)
(434.4125566922088,290.35084994468656)
(436.22385039792704,291.09817708210255)
(438.01664692732135,291.83784056630213)
(439.77246386740825,292.56221437849456)
(441.4913012915891,293.2712983092415)
(443.22860636173345,293.9879641236086)
(444.9474141903478,294.69696096016713)
(446.6477241285282,295.3982870418565)
(448.3295355138891,296.09194055721514)
(450.02981096056436,296.7931631299377)
(451.6931049320596,297.4790862053549)
(453.30093555041816,298.1420889429689)
(454.927226384326,298.8126517985072)
(456.5350148399139,299.4755311454327)
(458.10581962796005,300.12310672410314)
(459.7135606395364,300.7858475911431)
(461.3582356180979,301.46374423413636)
(462.98440299812063,302.1339399627531)
(464.5366680327112,302.77369410170974)
(466.12589183732445,303.42866798973915)
(467.73358341148366,304.09121804122077)
(469.3412543209334,304.75370776656376)
(470.9673764224564,305.42373462115495)
(472.53802973225555,306.070833777975)
(474.03473470987586,306.6873929333446)
(475.5314015650668,307.30385586288577)
(477.15736494581853,307.9734725555865)
(478.6724131433001,308.5971616254325)
(481.0557516870266,309.57776462503654)
(483.0140529990926,310.3831773896004)
(484.4919424767148,310.9908312619528)
(485.8958685513866,311.567915378773)
(487.26278163446625,312.12963124280276)
(488.64809533110395,312.69874509298285)
(490.0702731282295,313.2828238336127)
(491.7139865641852,313.9576349420027)
(493.0805845284073,314.518492797906)
(494.3916962303751,315.0563981273207)
(495.85043451625495,315.6546348960959)
(497.14289524283436,316.18448366302914)
(498.4352589482248,316.71408536372417)
(499.7090602310347,317.23586768946615)
(501.0012139458474,317.7649368816878)
(502.2563393314747,318.27861467340443)
(503.51134859729416,318.792002098891)
(504.76623469314677,319.3050829302018)
(505.984088245075,319.80276753692544)
(507.20181043062837,320.30013000790893)
(508.41939342227226,320.79715280643717)
(509.6368288058622,321.2938173685519)
(510.854107574898,321.79010407882214)
(512.0527810094377,322.2784844340782)
(513.2328467046955,322.75895579404664)
(514.3943025651656,323.23151616548915)
(515.5371468016039,323.69616421926645)
(516.6798054383893,324.16038009488216)
(517.803843847813,324.61666875520933)
(518.9276815561169,325.0724957005313)
(520.0697245224632,325.5352948401228)
(522.150501105283,326.37708476741244)
(523.2734935398994,326.83094130562216)
(524.3778157335339,327.2767920427432)
(525.4818662627397,327.72205273665395)
(526.5856325614623,328.16669670598606)
(527.652327128159,328.5959156083116)
(528.7003471485139,329.01712470111596)
(529.7664468511621,329.4450646846207)
(530.8322247179992,329.8723159742936)
(531.9343930829148,330.3135304062837)
(533.0545392859561,330.761266077622)
(534.1007715915956,331.17806888829836)
(535.1648812389814,331.6006788174358)
(536.2468394929346,332.02911395265073)
(537.3282914347772,332.4561578290548)
(538.390913065351,332.87466469326057)
(539.4713251974262,333.2990725530686)
(540.5146022240051,333.7078804716835)
(541.5573528928817,334.1154788677776)
(542.5812847803343,334.5147542359803)
(543.5864088030215,334.90575837661925)
(544.8647968237738,335.40153636673443)
(546.1969962950465,335.9164974019729)
(547.4006085408473,336.38034993574115)
(548.5304391855323,336.8144907905989)
(549.513834922261,337.1913737653584)
(550.514758263269,337.57392600611894)
(551.4786362507779,337.9413219202012)
(552.4236907174298,338.30055770124676)
(553.3680944917447,338.65853446828874)
(554.3118325627983,339.0152191014409)
(555.2911348978929,339.3841926823351)
(556.4326420425393,339.8126692748046)
(557.446479388205,340.19190766020694)
(558.5317528642063,340.5963163707542)
(559.4896135446626,340.95199888320667)
(560.4105682797701,341.2927901895502)
(561.2946848969608,341.6188241205337)
(562.160046361652,341.93683182130104)
(563.042676039511,342.2599968594841)
(563.9065420522206,342.5751177132593)
(564.7696365502227,342.88874874422936)
(565.6319378023726,343.20084711521923)
(566.5113546421592,343.5178045647675)
(567.5331810023237,343.8842295999423)
(568.3927950050838,344.19111775215396)
(569.2515131838888,344.4962777124315)
(570.1271623217051,344.8059416496953)
(571.0018231322333,345.1136938785751)
(571.8576540944249,345.4132709018193)
(572.7302645573511,345.71705253103903)
(573.5840242547417,346.0126132881972)
(574.4189639900975,346.30001251232756)
(575.2351158877276,346.57931168118915)
(576.0148131987797,346.8445877198887)
(576.8111883031283,347.11386431133445)
(577.6241388599658,347.38693537050887)
(578.4888019957552,347.6752519730229)
(579.2817257719441,347.93778518332584)
(580.0910271172654,348.20373110881735)
(581.0218098332368,348.5068503712918)
(581.8808335670811,348.7841625947028)
(582.6683917939581,349.0362778601018)
(583.4196713949287,349.27477902433895)
(584.169631288924,349.5108039139584)
(584.9182239538629,349.7442816495987)
(585.6133470074268,349.959193337371)
(586.3245029137556,350.17702426959033)
(587.0342624171558,350.39233244662273)
(587.7253230573879,350.5999168218143)
(588.4321522561121,350.81002693467286)
(589.1374101227344,351.0173998628156)
(589.8410288943678,351.2219622449324)
(590.5429360935602,351.4236410594494)
(591.260093923415,351.62713699528894)
(591.9243041687608,351.813316827634)
(592.5867108779265,351.99661876005393)
(593.2641236593753,352.1814872844101)
(593.9226109724938,352.358634783745)
(594.595798221193,352.53695666511027)
(595.2499586097697,352.7075050269208)
(595.9184832979572,352.87884879456976)
(596.6176799819939,353.05473905187927)
(597.2974437996836,353.22252374897715)
(597.9907370053505,353.3902472269334)
(598.6316835766058,353.54235115447875)
(599.2859813588425,353.6945332189018)
(599.8883844970312,353.8320086127328)
(600.5039958789094,353.96976196913414)
(601.1164050996406,354.10411275230166)
(601.7254765697211,354.23509781723277)
(602.2993211802425,354.3561651793217)
(602.8698789082482,354.4742218886988)
(603.4370310008749,354.5892752453078)
(604.0006572837057,354.7013316434324)
(604.5606367295991,354.8104004256823)
(605.1168476788935,354.9164966534121)
(605.6691677378981,355.0196427969378)
(606.2326290643995,355.1225905470352)
(606.9270103767905,355.24620083116343)
(607.5553800222775,355.3553618717243)
(608.1483997312064,355.45598965372557)
(608.7357992552463,355.5533626891105)
(609.2740161902872,355.640637001643)
(609.7787104676788,355.7201227562606)
(610.2646026649243,355.794578555477)
(610.7600386513554,355.8684810056166)
(611.2505655529199,355.9397782303665)
(611.7498044981314,356.01050826967656)
(612.2708105863213,356.0824412481288)
(612.7587329222398,356.1481459050687)
(613.2009551111826,356.2062769409337)
(613.651192512028,356.2639929221804)
(614.0829701081352,356.3179287353132)
(614.509458095941,356.36976271533644)
(614.9938455594375,356.4268121681539)
(615.4837915621828,356.4824899525405)
(615.9295450682627,356.5311776527812)
(616.3324038814717,356.5733194211331)
(616.9674420357409,356.6359033910377)
(617.3449960380939,356.6708991842454)
(617.7051887777711,356.7020697511548)
(618.0711571184828,356.7312888594933)
(618.4201868361765,356.75671554842324)
(618.774750939543,356.77986691831643)
(619.1236948012998,356.7998706643004)
(619.456531830041,356.8162315234519)
(619.7948118731156,356.82993434002003)
(620.1073746710042,356.83992967751425)
(620.4155946702758,356.84711640063443)
(620.719738363992,356.8515611150922)
(621.0201059025229,356.8533558221994)
(621.3170289257918,356.8526184236045)
(621.6108670309247,356.8494923834325)
(621.9020028761436,356.84414546862956)
(622.1812189406672,356.8370433737221)
(622.4490319465993,356.8285284145896)
(622.7249401701088,356.8181679162713)
(622.990251123648,356.8068924090604)
(623.2642941850055,356.7941014764686)
(623.5379359384821,356.78041812997816)
(623.8020049815218,356.7665427092673)
(624.0757070583603,356.7517043016219)
(624.3498671406537,356.73659922974315)
(624.6247054164644,356.7214151416919)
(624.9004047739413,356.7063242132048)
(625.1674818725825,356.6919515572202)
(625.4452160382324,356.67745045748285)
(625.7241432453197,356.6634533730443)
(625.984812009323,356.65088603775587)
(626.2464830949248,356.6388593297823)
(626.5091606299493,356.62743737954213)
(626.7826816530614,356.6163318927883)
(627.0473919428034,356.60632294576016)
(627.3130196798471,356.597050138345)
(627.5795150846058,356.5885436792456)
(627.8468214985871,356.5808294000923)
(628.1148776502033,356.57393032694245)
(628.3836196781937,356.5678681330185)
(628.652982901201,356.5626644394745)
(628.9128500804414,356.558442164749)
(629.1630857268339,356.55510777628245)
(629.4237165351948,356.55248239907706)
(629.7048716956772,356.5507340405965)
(629.9662266584032,356.5500089097407)
(630.2177196374332,356.55014603949155)
(630.479480652033,356.55125987312834)
(630.7312998646547,356.5532356959635)
(630.9933339677442,356.5563417324364)
(631.2554759799236,356.5605394911309)
(631.5167579628036,356.5650379747773)
(631.7572165765788,356.56951230169557)
(632.0070253051166,356.5746925187658)
(632.2462675296805,356.58024802120156)
(632.4850066659112,356.5865173544906)
(632.7332526383587,356.59399506002666)
(632.9711849411791,356.60214212704744)
(633.2186976128886,356.6118382736497)
(633.4560011255652,356.62234019106864)
(633.7029114583098,356.63471218121714)
(633.9396577114086,356.64796665075943)
(634.1859784316774,356.66337970845785)
(634.4221218509066,356.67968990510025)
(634.6579036214584,356.6975640432006)
(634.9129155699961,356.718871907365)
(635.1380322817898,356.73918894527276)
(635.3626164305952,356.7609905449732)
(635.596334314105,356.7853909817077)
(635.8196270898624,356.8102636163457)
(636.0421489829814,356.8366153168807)
(636.2638112527119,356.86442760566393)
(636.4940980357688,356.89503382723046)
(636.723261958479,356.9271809674888)
(636.9417246655688,356.9593339445229)
(637.1683505170028,356.9943153339213)
(637.3841901856923,357.02906743274843)
(637.6078760506163,357.06661588739433)
(637.8207206101384,357.10368044781103)
(638.0233398493232,357.1402006721158)
(638.2248763784078,357.177682281176)
(638.4252239590351,357.2160160616738)
(638.6242818061932,357.25508968651536)
(638.8219546456191,357.29478800028596)
(639.0181526444286,357.3349932740327)
(639.2127912265909,357.37558543373717)
(639.4057907892683,357.4164422691724)
(639.6057029416118,357.4593235714913)
(639.7951341278123,357.5003475454048)
(639.9827094294924,357.54125116846825)
(640.1683653427461,357.58190574050985)
(640.3520411848257,357.6221815707549)
(640.5336787253004,357.6619483231055)
(640.7132219053909,357.7010754442256)
(640.8906166760765,357.7394326957212)
(641.0658109838139,357.77689081176055)
(641.2387549290447,357.81332230196335)
(641.4094011165882,357.84860241575535)
(641.5777052080596,357.88261027815975)
(641.7510635316385,357.91665565283716)
(641.9071351134447,357.9463652493805)
(642.060969107735,357.97461408764997)
(642.2125455177305,358.0013259107351)
(642.3545374748988,358.02543221217525)
(642.487308018791,358.0470721128178)
(642.6247505414641,358.0684163208245)
(642.7599156583852,358.08829067357533)
(642.8863036230485,358.10581787722225)
(643.0300335662351,358.1243147547466)
(643.2027009067658,358.1443906683248)
(643.3595196894114,358.1607481005511)
(643.5013251915581,358.1739485363882)
(643.6408071860739,358.1853817556552)
(643.7663273605793,358.1944094554571)
(643.8959554634778,358.2024266732892)
(644.0181010511596,358.2088572734365)
(644.1558183523346,358.21478985046144)
(644.2637243743343,358.2186516484333)
(644.3761687725766,358.2218923643258)
(644.4820312579398,358.22430297806636)
(644.5924903686495,358.22619843016673)
(644.7020476666212,358.22754120618623)
(644.7999558076145,358.22835530406655)
(644.902587417063,358.22884998788305)
(645.0045463326575,358.22904511303574)
(645.1005608730509,358.22900828057334)
(645.1960243551522,358.228797973158)
(645.2962104475458,358.22843985496746)
(645.3906146866242,358.22801456436486)
(645.4845258655382,358.2275411971721)
(645.5831272562694,358.2270343736117)
(645.6812148244793,358.2265587435644)
(645.7736833875339,358.2261626056704)
(645.8707996661788,358.22584605611)
(645.9623705309701,358.2256623433432)
(646.0535200293142,358.2256250451746)
(646.1492872338932,358.2257906590797)
(646.239624241619,358.22615845350805)
(646.3345748103825,358.226827145003)
(646.4440408932237,358.2280664099936)
(646.5580241858012,358.22995794008773)
(646.6666769377015,358.2323774721981)
(646.7700947962237,358.2353038684242)
(646.8732760749782,358.2389209256927)
(646.9713774979152,358.2430514811503)
(647.0644677083483,358.2476475681506)
(647.1529223883293,358.2528128705528)
(647.2367143666738,358.25845038919704)
(647.3207818632764,358.26489091112114)
(647.4051495197581,358.2721792130377)
(647.4898423378071,358.2803609444174)
(647.5748854642432,358.2894825646999)
(647.6603039689251,358.2995912904407)
(647.7461226127893,358.31073504551523)
(647.8374760324104,358.32376197828125)
(647.9293433716592,358.33807451877504)
(648.0165784737859,358.35277881428425)
(648.1043059144671,358.368720036637)
(648.192544803931,358.3859484037159)
(648.2813122085541,358.4045140923037)
(648.3706228243606,358.4244669521148)
(648.4604886507266,358.4458561593058)
(648.5509186730113,358.4687298092423)
(648.6419185642875,358.49313445116303)
(648.7389241602565,358.5207558818725)
(648.8311098978659,358.54846161933807)
(648.9238591111322,358.5778246098925)
(649.017161886594,358.6088794535657)
(649.1054456284942,358.6396213418401)
(649.1941845193933,358.6718989624109)
(649.2833612541058,358.7057298892489)
(649.3673245081939,358.7388131939289)
(649.4572820114889,358.7756762458301)
(649.5476109845657,358.81411598505167)
(649.6382841209598,358.85412911551845)
(649.7292724129533,358.8957062874603)
(649.820545560437,358.9388318843544)
(649.9120724019162,358.98348386509394)
(650.0038213560933,359.029633665311)
(650.0957608620054,359.0772461612872)
(650.187859805703,359.1262796993768)
(650.2800879219307,359.17668619332164)
(650.3724161601723,359.2284112912417)
(650.459023874012,359.27800072681197)
(650.545661660266,359.3286351999091)
(650.6438754069294,359.3873052294755)
(650.7305279002862,359.4399931847567)
(650.8113829422224,359.4899115863877)
(650.8979818546399,359.5441933967208)
(650.9845394249854,359.59920614523287)
(651.0710479181358,359.65488144766994)
(651.1575016668477,359.7111499449687)
(651.2726909419097,359.7871405718607)
(651.3590219651088,359.84456025102384)
(651.4452926024487,359.9023379741798)
(651.5315046673775,359.96040652044763)
(651.6176609513725,360.0187006214157)
(651.6980259327568,360.07324676562666)
(651.7840825214226,360.1317961193784)
(651.8700940211202,360.19039560626834)
(651.9560636617192,360.24899188649295)
(652.0419938395547,360.3075355006773)
(652.1278857068122,360.36598111143803)
(652.2080155207045,360.42040539212553)
(652.2938279411766,360.4785440748255)
(652.3795945162898,360.53647732384064)
(652.465307536838,360.5941772624382)
(652.5509561124486,360.6516204837916)
(652.6365258295975,360.70878795800814)
(652.7219984379883,360.765664889913)
(652.8073515697487,360.82224053140436)
(652.8868849687492,360.8747721911677)
(652.966264021061,360.92702891835995)
(653.0454604320004,360.979010543179)
(653.1244423640418,361.0307191830779)
(653.2031744047374,361.08215902742387)
(653.2872017194534,361.1369769972017)
(653.365292239476,361.18788571179965)
(653.4430016511811,361.238548774126)
(653.5202805245195,361.2889763228599)
(653.5970763065416,361.33917928868044)
(653.6733335358336,361.3891691103517)
(653.7489940989841,361.4389574437154)
(653.8239975288797,361.488555865592)
(653.898281344199,361.53797557483347)
(653.9717814289282,361.5872270929913)
(654.0444324500843,361.6363199672614)
(654.116168311101,361.6852624785478)
(654.1869226375293,361.7340613576501)
(654.2566292908423,361.782721512719)
(654.3300403643328,361.83470623487074)
(654.3973755107156,361.88308954842324)
(654.463466852428,361.93133488971375)
(654.5282549352896,361.97943729993267)
(654.5916833601847,362.027388909704)
(654.6536993280023,362.0751788072638)
(654.7142546735473,362.1227933737614)
(654.7774107072901,362.17359182564417)
(654.8348106750589,362.2207893157876)
(654.8906324682016,362.2677490871686)
(654.9448495533258,362.31444482572255)
(654.9974416290283,362.360847317004)
(655.048394815674,362.40692459542817)
(655.0977017756562,362.45264214986304)
(655.1453617610324,362.4979631851183)
(655.1913805872268,362.54284893803884)
(655.2357705333379,362.58725904601886)
(655.2785501713831,362.6311519648092)
(655.3197441285647,362.6744854315639)
(655.3593827883257,362.7172169682151)
(655.397501936971,362.7593044191703)
(655.4341423635866,362.8007065163945)
(655.4693494216476,362.84138346408326)
(655.5031725610338,362.8812975343604)
(655.5356648391626,362.92041366477815)
(655.5668824196429,362.95870004789)
(655.5968840662779,362.99612870283624)
(655.6257306394604,363.03267601876615)
(655.6534846010784,363.0683232600357)
(655.6802095330393,363.103057023498)
(655.7059696735062,363.13686963884544)
(655.730829473972,363.16975950387547)
(655.7548531794305,363.2017313477236)
(655.779707236718,363.23494739734434)
(655.8037531100256,363.2671466242167)
(655.8255565772803,363.29633928237035)
(655.846780241677,363.3247039600569)
(655.8674816721862,363.35227903695284)
(655.8891278176717,363.3809708510023)
(655.9089206022545,363.4070593319554)
(655.9283531451194,363.4325135099407)
(655.9474726236531,363.4573946384301)
(655.9663232046643,363.48176849125707)
(655.9862615645169,363.5073843647955)
(656.0059877000236,363.53259189520554)
(656.0255437818995,363.55748535210915)
(656.0449676452995,363.58216180983584)
(656.0642927957272,363.60672030980754)
(656.0835484588505,363.63126103837607)
(656.1027596720597,363.655884532391)
(656.1219474148128,363.68069092305166)
(656.1411287740593,363.7057792267572)
(656.1603171403534,363.73124668979597)
(656.1795224296908,363.75718819188035)
(656.197464944497,363.78188999339176)
(656.2154283495684,363.80715363839266)
(656.2334138580138,363.83304841681775)
(656.2735765942942,363.89406533597787)
(656.2917231558226,363.92245460909186)
(656.3111737126274,363.95389500513073)
(656.330624776431,363.9864218220758)
(656.3500675970513,364.0200931317848)
(656.3681960582455,364.05256032793625)
(656.386297654555,364.08610746188464)
(656.4043629732553,364.1207700237589)
(656.4223819819946,364.156579742499)
(656.4403441114708,364.19356464804946)
(656.4582383217606,364.23174914710137)
(656.4760531533664,364.2711541098946)
(656.4937767645084,364.311796965704)
(656.5126493209319,364.3567819329607)
(656.5313890983078,364.40321887566546)
(656.5499799230761,364.4511166319124)
(656.5684052030397,364.5004801051892)
(656.5866479302895,364.55131041419054)
(656.6046906893637,364.60360503735103)
(656.6213400516032,364.6536828153192)
(656.6377843579924,364.7050227587292)
(656.6540088628489,364.757615068934)
(656.6711234358826,364.8153882313898)
(656.6879503824568,364.8745672859531)
(656.7044733078615,364.9351328867829)
(656.7196144126725,364.99284814258544)
(656.7355005892257,365.0560257993026)
(656.7510351922557,365.12051557199476)
(656.7662044151142,365.1862871901753)
(656.7800333192023,365.24876204642237)
(656.7944625460647,365.3169155271492)
(656.8075849651466,365.3815518284256)
(656.820357510639,365.4471816624948)
(656.832777204769,365.5137700531928)
(656.8448433685363,365.5812799007513)
(656.8565578976841,365.6496719976798)
(656.8679255481154,365.7189050621911)
(656.8789542262456,365.7889357897171)
(656.8896552795643,365.85971892245357)
(656.9000437825345,365.93120733622567)
(656.9101388128344,366.0033521432918)
(656.9199637128648,366.0761028090443)
(656.9295463313765,366.14940727995287)
(656.9389192400316,366.223212119576)
(656.9481199197114,366.29746264908084)
(656.958464268607,366.3828294083646)
(656.9687110645405,366.4686200578105)
(656.9776658823132,366.5439449345082)
(656.9866692567607,366.61946947618094)
(656.9957860570279,366.69513471703027)
(657.0050862274273,366.7708812115346)
(657.0153474070987,366.85206353914845)
(657.0252686091494,366.927790376942)
(657.0356181520282,367.00341341247906)
(657.0464842969416,367.07887194685736)
(657.0588262242496,367.1594630595824)
(657.0710562657068,367.2343903860659)
(657.0840951426575,367.30896554480955)
(657.0991104451663,367.3883948159039)
(657.1141503051138,367.46205459676673)
(657.131566291648,367.54036668491324)
(657.1504178837673,367.6179993460842)
(657.1693779421605,367.6898024206266)
(657.1898121015824,367.7608966660046)
(657.2118280964185,367.8312284166568)
(657.2373574958619,367.9056509471281)
(657.262982901219,367.9742420228362)
(657.2905054203851,368.0419136217259)
(657.3200198871481,368.1086180457312)
(657.3516161858198,368.1743097445464)
(657.385378673308,368.2389456753898)
(657.4213856569163,368.30248569002237)
(657.4626269204101,368.36926604662733)
(657.5035041908071,368.4304262093893)
(657.5468239576992,368.49038945713545)
(657.5926356314059,368.5491315524999)
(657.6409806825043,368.6066331088097)
(657.6957278967013,368.66680294219935)
(657.749418086459,368.7216975273175)
(657.8057168972782,368.7753253155347)
(657.8646314835747,368.8276891351775)
(657.9261602379567,368.8787975462513)
(657.9902927426309,368.92866479332633)
(658.061974089035,368.9806923504943)
(658.1314303935801,369.0280574445173)
(658.2087370182257,369.0774702338422)
(658.2833562498859,369.1224635912953)
(658.360386918873,369.1663713951774)
(658.445614962608,369.21221850089495)
(658.5274323132998,369.2540172658591)
(658.6114414749834,369.29487339934155)
(658.7038664544102,369.33762313454133)
(658.7921339749869,369.37668796225205)
(658.8888898505708,369.4176438639152)
(658.9809849245751,369.4551448467435)
(659.0815819364738,369.49455085036107)
(659.1770257328209,369.53071331614615)
(659.2739029543051,369.56630919329626)
(659.379201557904,369.6038495518474)
(659.4786572486896,369.63841807107696)
(659.5791642906502,369.6725607836986)
(659.6879096434766,369.7086973327781)
(659.7901969627404,369.74208133711255)
(659.8931528921286,369.77515775333757)
(659.9966569971294,369.80796017484687)
(660.1005922512662,369.840520114393)
(660.2048457637518,369.87286721950653)
(660.3093094260743,369.90502950805507)
(660.4138804681389,369.9370336080192)
(660.5184619183844,369.96890498658394)
(660.622962966261,370.0006681555365)
(660.7273595780744,370.03231265766186)
(660.831579286376,370.0638724082978)
(660.9429700295391,370.097631290298)
(661.0466402423768,370.1291325835928)
(661.1499735702912,370.16066663433173)
(661.2529361834982,370.19227398491455)
(661.355502201999,370.2239953704298)
(661.4576530667136,370.25587111637384)
(661.5593769138914,370.2879405439319)
(661.660667957907,370.3202413955743)
(661.7687019389208,370.3551599826397)
(661.8762499456025,370.3904297245029)
(661.9762100342842,370.42368189235106)
(662.0828512397363,370.4597267391196)
(662.1819955953822,370.49375153778766)
(662.2878050368967,370.53067138413354)
(662.3862145353371,370.5655442533013)
(662.4912885764952,370.6033983400301)
(662.5960267777565,370.6417468586447)
(662.6935096958133,370.6779635353758)
(662.7976767763398,370.717252655882)
(662.8946754940852,370.7543294546034)
(662.9914727299646,370.7917980581254)
(663.0880894720244,370.82963909398)
(663.1914286518657,370.8705880958572)
(663.287735084271,370.9091263859549)
(663.3839124012683,370.9479528160307)
(663.4799721174656,370.9870329526648)
(663.5759226315433,371.02632925369187)
(663.6717689792782,371.0658013126144)
(663.7675126177184,371.10540610041596)
(663.8699796876601,371.147943233043)
(663.9655033902666,371.18768038129997)
(664.0609043567006,371.22740371576964)
(664.1561679547034,371.26706187441573)
(664.2512753764485,371.30660196156805)
(664.34620362107,371.3459697248722)
(664.4409255093886,371.38510971935136)
(664.5354097301388,371.4239654592953)
(664.6296209167742,371.46247955901794)
(664.7235197536907,371.50059386376427)
(664.8170747709862,371.53825955824186)
(664.9102450672239,371.5754221410626)
(665.0029918131054,371.6120316498087)
(665.0952780269884,371.64804244399653)
(665.1870683547996,371.68341296468424)
(665.2848105880192,371.7205340004584)
(665.3754715702015,371.75446568720736)
(665.4655357906298,371.78765202482043)
(665.5613165658899,371.8223238808851)
(665.6563432118306,371.8560797993505)
(665.7505786811332,371.88889169657233)
(665.8439861288421,371.9207339378613)
(665.9304095578634,371.9495857996962)
(666.0160461833201,371.97755222765124)
(666.1008656047668,372.0046161851428)
(666.1848367756568,372.03076113966347)
(666.2679278065283,372.0559707365614)
(666.3559090333869,372.08189023622)
(666.4428026907652,372.1066976621281)
(666.5229147201901,372.12886183993425)
(666.6020005172651,372.15001760399446)
(666.6855141364227,372.1715041282991)
(666.7677545862077,372.19178239060267)
(666.8433540325815,372.20962970191636)
(666.9177482914578,372.2263710791516)
(666.9908876411196,372.24197700127417)
(667.0627193119609,372.2564150118446)
(667.1331872915237,372.2696494450194)
(667.2022321458304,372.28164116134747)
(667.2745007714759,372.29300995784905)
(667.3403934752477,372.3022849037185)
(667.4091195145118,372.31062457316085)
(667.4758791889653,372.3172968996273)
(667.5363943262329,372.322012355302)
(667.599071335471,372.32524546281087)
(667.6555999379862,372.3266100138682)
(667.7100680590685,372.3262460922007)
(667.7623817835878,372.3240734944624)
(667.8158376786834,372.31955949060864)
(667.8633716635443,372.3133573672396)
(667.9084453771534,372.3050723190782)
(667.9509550645774,372.29460660484045)
(667.9907959399218,372.2818590498902)
(668.0278629160442,372.26672558445296)
(668.0620514294751,372.2490998903583)
(668.0932583614893,372.22887416206066)
(668.1213830549252,372.2059399866162)
(668.1463284298349,372.1801893479872)
(668.1680021967942,372.1515157587971)
(668.1873485187002,372.1172924320737)
(668.2027232933775,372.0794456187526)
(668.2140426483421,372.0378612709887)
(668.2212369484328,371.9924354698238)
(668.2242529686303,371.9430768892616)
(668.2234186958337,371.893545511972)
(668.2189217914519,371.84050139911835)
(668.2107658288996,371.7839104532671)
(668.1989727171408,371.72375578670056)
(668.1835839283326,371.66003963432337)
(668.1630168225352,371.587675518546)
(668.1384776223256,371.51127578069463)
(668.1122512524488,371.43656512874077)
(668.0804675455129,371.35269086439644)
(668.0451936953393,371.2651506796234)
(668.0066526768562,371.1741422768785)
(667.9650954256608,371.0799001461463)
(667.9207991462396,370.98269520014543)
(667.8740650710643,370.88283369336244)
(667.825215702157,370.78065539870323)
(667.7745915885054,370.67653104305595)
(667.7225477132093,370.5708590332244)
(667.6730577818842,370.47126225874194)
(667.6229513251167,370.37104923673013)
(667.572529644444,370.2705847381192)
(667.522093297061,370.1702413660193)
(667.4719392487941,370.0703958084429)
(667.4223581659876,369.97142505683735)
(667.373631900914,369.8737026813931)
(667.3260312155763,369.7775952487481)
(667.2798137777484,369.68345895871363)
(667.2352224515687,369.59163656481047)
(667.192483893687,369.50245462965233)
(667.151807455472,369.41622115152813)
(667.1108239518281,369.3275584979415)
(667.0726506373521,369.24295299704784)
(667.0374741480331,369.1627001366334)
(667.0073830072039,369.0918020949816)
(666.9801442246279,369.02509666691105)
(666.954354725755,368.9586465402125)
(666.9320522199757,368.8973856829055)
(666.9133061633162,368.8414515984934)
(666.8981644419299,368.7909510369641)
(666.8866545180545,368.7459612821732)
(666.8790721791236,368.70879745223453)
(666.8746436554298,368.6764808588059)
(666.873508935133,368.6474411672197)
(666.8755498892718,368.62516808978796)
(666.880648090729,368.6076927676703)
(666.8887506659862,368.5949674386337)
(666.8997954792464,368.5869307090826)
(666.9137220244573,368.5835201591595)
(666.9304561924259,368.5846562097202)
(666.9499188098953,368.5902512263451)
(666.9720259915067,368.60020991744875)
(666.9966895572061,368.6144298073479)
(667.0238174998345,368.63280176395693)
(667.0533144879221,368.6552105627131)
(667.0875343796487,368.68372845217954)
(667.1242454645671,368.71659809190334)
(667.1605612189708,368.7509157162295)
(667.2017161680641,368.79171950322524)
(667.2419637154075,368.8331597848083)
(667.2839431646689,368.87781666456146)
(667.3275503330505,368.9255477647873)
(667.3760291035909,368.9800607432219)
(667.4226892313565,369.033712278708)
(667.4741946960813,369.0942183607443)
(667.5234702152771,369.1531569834447)
(667.5738509738405,369.2144132368153)
(667.6252401766917,369.27783788863854)
(667.677542884429,369.3432812564648)
(667.7306661347051,369.4105933245813)
(667.7845190528798,369.4796238555929)
(667.8390129572499,369.5502225078607)
(667.8940614632845,369.6222389699345)
(667.9535862390599,369.70085863564367)
(668.0095256865686,369.7753434445643)
(668.0698135858255,369.8562508254102)
(668.1263051166428,369.9325624633593)
(668.1829467483959,370.00952555263694)
(668.2396687905829,370.0869952055496)
(668.296404719563,370.1648287388065)
(668.3571386637431,370.24848059501113)
(668.41774416745,370.3322224483538)
(668.4741357346602,370.4103161331706)
(668.5342978322633,370.49376769268133)
(668.5901718341189,370.5713311350891)
(668.6457244710325,370.64845347381345)
(668.7010976590482,370.7250885278382)
(668.7562473266415,370.80113640416664)
(668.8111365447135,370.876508756728)
(668.8657353583902,370.95112859963206)
(668.9200206147906,371.0249300012184)
(668.9739757809925,371.09785766531166)
(669.0275907464544,371.1698664094644)
(669.0808616044892,371.2409205527736)
(669.1337904080501,371.31099322802453)
(669.1863848960321,371.38006563441724)
(669.2423694378859,371.45291829479834)
(669.2943202403105,371.5198968990352)
(669.3459927730354,371.5858592423482)
(669.3974144332224,371.65081104009124)
(669.4522597583563,371.7192625508307)
(669.503266221237,371.7821633772961)
(669.5541277665765,371.8440925303245)
(669.6048843041294,371.9050673975032)
(669.65557755981,371.9651065898916)
(669.7062505694877,372.02422942071996)
(669.756947176335,372.0824554523258)
(669.80771153726,372.13980411171497)
(669.8585876434499,372.1962943735145)
(669.9096188594139,372.25194450768186)
(669.9608474841891,372.3067718881683)
(670.0160132015836,372.36459889710227)
(670.0715342957233,372.4215581844847)
(670.1274652738779,372.4776805385157)
(670.1838668515247,372.53300868031823)
(670.2408038716129,372.5875944785078)
(670.2983432375094,372.6414963382923)
(670.3565519065726,372.69477680748383)
(670.4154949850863,372.7475004279822)
(670.4752339581152,372.799731848536)
(670.5358250802656,372.85153420340646)
(670.5973179458318,372.90296775223493)
(670.6555257689139,372.9506896934632)
(670.7188661181924,373.0015563482833)
(670.7788463861901,373.04883236197196)
(670.8441226700559,373.09930570421153)
(670.9059243654535,373.1462785740627)
(670.9731486244971,373.19648817942846)
(671.0367467912862,373.24325785752836)
(671.1058500211801,373.29328634255364)
(671.1711434169537,373.33990866733694)
(671.2371930515742,373.3864633018627)
(671.3039499860004,373.4329488146437)
(671.3713574586379,373.47935926359)
(671.4442583410695,373.5289937711362)
(671.5177487537594,373.5785185056604)
(671.591731107084,373.6279094923491)
(671.6661000448453,373.67713785197344)
(671.740743273654,373.7261700686236)
(671.8155424533034,373.7749682515315)
(671.8903741431169,373.82349038950747)
(671.9601311754726,373.8684934658654)
(672.0346546386523,373.9163433817739)
(672.1088293830663,373.96377292605666)
(672.1825219689683,374.0107262081781)
(672.255599164176,374.05714438189807)
(672.3231514029975,374.09994555763916)
(672.3946611671979,374.1451478986536)
(672.4651773803323,374.1896280011206)
(672.5345789118844,374.2333176702232)
(672.5982806103609,374.2733431786826)
(672.6608213297301,374.3125595142719)
(672.7221191321821,374.35090807009783)
(672.782098745507,374.38832949839764)
(672.8406921981086,374.42476392789047)
(672.8978393924343,374.46015118858486)
(672.953488609791,374.4944310429611)
(673.0113452209735,374.5298207563675)
(673.0637682023051,374.5616195677411)
(673.1145910418014,374.59212783575174)
(673.1637997418811,374.6212875091036)
(673.211390022429,374.6490416734407)
(673.257367331517,374.6753347757585)
(673.3047954456168,374.70176779250374)
(673.350629298565,374.7265823804368)
(673.3920536089923,374.748256306233)
(673.4321813538106,374.7683748280194)
(673.473779718625,374.78806919357663)
(673.5141106514124,374.80582650930387)
(673.5533281340089,374.82157783946496)
(673.5916088035013,374.8352624608423)
(673.6266920794898,374.8461897245003)
(673.6637366826541,374.8557409039108)
(673.7004601965504,374.86310508846043)
(673.737095355744,374.8682638606721)
(673.7714190188844,374.8711524174676)
(673.8085687959007,374.8720419145188)
(673.8463338167438,374.87074518634404)
(673.8849519280246,374.8672944647888)
(673.924655500425,374.8617349056621)
(673.9656692269724,374.85412428675625)
(674.0082082325875,374.8445325661866)
(674.0524764958841,374.8330413171088)
(674.0986655757293,374.81974305585555)
(674.1436038453161,374.80584671167077)
(674.1940045819576,374.78935751233615)
(674.2468088943218,374.77138836767745)
(674.3021537056393,374.7520676284604)
(674.360162163772,374.73153098893806)
(674.420944087016,374.70992081493904)
(674.4845965097649,374.68738548792345)
(674.5512042753438,374.6640787566447)
(674.6160097625658,374.6417918711813)
(674.6885313076607,374.61745127331716)
(674.7641922905686,374.5928145965083)
(674.8430349375788,374.56805024667847)
(674.9250917162042,374.5433285691834)
(675.0103856144675,374.51882105508844)
(675.0989303486548,374.4946995075826)
(675.1907305120774,374.4711351725377)
(675.2857816808466,374.44829784061545)
(675.3840704944962,374.4263549312899)
(675.48557472961,374.40547057148774)
(675.5902633836241,374.3858046831145)
(675.698096783922,374.3675120944616)
(675.8090267345146,374.3507416903722)
(675.9229967092846,374.3356356151403)
(676.0399420972451,374.3223285405327)
(676.1597905017769,374.310947009208)
(676.282462092553,374.30160886131836)
(676.4078700060171,374.29442274940044)
(676.527219624493,374.28967667845745)
(676.6487910354662,374.28696428117826)
(676.781499364298,374.28646742220593)
(676.9165512424456,374.28845006274054)
(677.0445415520228,374.2925126598765)
(677.1743779288099,374.2988280903439)
(677.3059617526964,374.3074293239094)
(677.4488343897574,374.31929800403344)
(677.5934694798959,374.33384113817255)
(677.7298844019634,374.3497546159245)
(677.8676147839763,374.36801015411527)
(678.0065526603648,374.3886028989349)
(678.146589036359,374.4115211615088)
(678.2876140858582,374.43674661972767)
(678.4294379709376,374.46418323979253)
(678.582206546002,374.4961033728275)
(678.7356909866679,374.5305351336713)
(678.8794900618358,374.5648509213029)
(679.023771831534,374.60133944063733)
(679.1788470833155,374.6429212994847)
(679.3343459934132,374.6869823846533)
(679.4902111111514,374.73351415180974)
(679.6463906931303,374.78250672559165)
(679.7923914862516,374.8303665893522)
(679.9385907501842,374.8803487649803)
(680.0849565987318,374.9324402039627)
(680.2419345851698,374.99065644335155)
(680.3990365376704,375.05125510964217)
(680.5562313341827,375.11421162864093)
(680.7134898119939,375.17949832947454)
(680.8602958689337,375.242435603768)
(681.0175996252267,375.31213639381696)
(681.1644045131745,375.37913402676054)
(681.3216588366116,375.4531113597249)
(681.4683767927055,375.52403095862553)
(681.6150228301649,375.5967877489112)
(681.7720392070419,375.67680558683935)
(681.92892793177,375.7588364761829)
(682.0856656466572,375.8428266075375)
(682.2318020923306,375.922874938179)
(682.3803900570618,376.0071164773584)
(682.5312243600434,376.09532115083067)
(682.6841093613577,376.18726454499745)
(682.8388582018454,376.28272747467)
(683.0065948675102,376.3888033294143)
(683.1646502847694,376.4908869219047)
(683.3240425102694,376.5958439862542)
(683.4961725657536,376.71136394116485)
(683.6578413038455,376.8216386583909)
(683.8203757606203,376.93417211739745)
(683.9836315698293,377.0487687914622)
(684.1474676869834,377.16523451142507)
(684.3235137624258,377.2919429380297)
(684.499899457938,377.4203373039015)
(684.664677580613,377.54143366507753)
(684.8412461883504,377.6724065403155)
(685.005918597532,377.7955086208575)
(685.1820568464852,377.9281686631881)
(685.3460504120028,378.0524412808966)
(685.5095066079364,378.1769741748487)
(685.6838642503564,378.3104746846018)
(685.8572766600697,378.44380367604043)
(686.0295694652606,378.57671682782853)
(686.1892458138182,378.7001943090056)
(686.3476444990343,378.8228998780285)
(686.5046151002017,378.94463812434424)
(686.6600041525788,379.0652163328604)
(686.8244973077916,379.19285874863687)
(686.976115455822,379.3104460025645)
(687.1256631367104,379.4263110524314)
(687.2729768394387,379.5402856969679)
(687.417891877755,379.65221177628183)
(687.5602432158178,379.76194294933026)
(687.6998664548772,379.8693465033531)
(687.846144353837,379.9816150185898)
(687.9889077475401,380.090954822947)
(688.1189266002013,380.19036963381313)
(688.2455704592506,380.28709060019713)
(688.3686991879969,380.3810810964426)
(688.4964376806502,380.4786343256234)
(688.6118873775918,380.5669503168866)
(688.7234586309364,380.652566152355)
(688.8310603920488,380.73553821640866)
(688.9346175182626,380.81594506130654)
(689.0408619135129,380.89926469396545)
(689.142349086811,380.979902185995)
(689.2390564740101,381.058028962222)
(689.3251555339714,381.1289267498041)
(689.4126525348072,381.20276042354396)
(689.4902213170145,381.2700065941618)
(689.5637523717274,381.3357647898611)
(689.637740865707,381.40793252147614)
(689.7120685296807,381.4860889961238)
(689.7866281689475,381.5698307933301)
(689.8613230300981,381.658770878438)
(689.9360662024076,381.75253767013487)
(690.0107800490579,381.8507741607892)
(690.0907178400927,381.96076411121015)
(690.1704686616998,382.07508392410745)
(690.2499691223034,382.1933430471528)
(690.3291685555106,382.31516612599944)
(690.4080289319302,382.44019212855574)
(690.4813141927543,382.55937101458306)
(690.5594560368621,382.68960601591016)
(690.632056543205,382.81309321210375)
(690.7094690726205,382.9473302544204)
(690.7865261460214,383.08319535170165)
(690.8632561823753,383.22039802602075)
(690.9396971009138,383.3586582755105)
(691.0158955942778,383.4977063323188)
(691.0919063209956,383.6372825009963)
(691.1627398432194,383.76779731093956)
(691.2335184758941,383.89836100216183)
(691.3043010707157,384.0287863110262)
(691.3802153412385,384.1681609874166)
(691.4512036436237,384.2977421732272)
(691.5274932568249,384.4358137463074)
(691.6040953635718,384.5729294987227)
(691.6810912673842,384.70891028185275)
(691.7533664353592,384.834693163714)
(691.8261165362941,384.9592168022893)
(691.8994011369147,385.08236389597965)
(691.9785979416463,385.2126007267411)
(692.0585345468694,385.3410118537231)
(692.1392659662314,385.4674918100721)
(692.2208390592343,385.5919492699004)
(692.3032916677445,385.71430738599264)
(692.3866518573648,385.8345040612854)
(692.4709372739467,385.95249213812997)
(692.5561546245399,386.06823948973823)
(692.6364986783243,386.17430686210514)
(692.717638379358,386.27840785317704)
(692.7995526824315,386.3805506221377)
(692.8822117272612,386.48075409537535)
(692.9655769580196,386.57904758255654)
(693.0556532704119,386.68221026301)
(693.1403234949333,386.776677910238)
(693.2255292955442,386.86938574669705)
(693.3173546345993,386.96676624568425)
(693.4034397915162,387.0560391486663)
(693.4898232484085,387.143775212627)
(693.5826176782548,387.2361054790899)
(693.6693365562669,387.32092182038286)
(693.7560708449294,387.4044698323217)
(693.8489056808107,387.49263044328626)
(693.9353638128007,387.57383667819647)
(694.0276685462167,387.65970737710586)
(694.1134296055502,387.7389643547878)
(694.1987061641062,387.81741881102266)
(694.2894120593032,387.90064610004623)
(694.3734019452114,387.97768897197284)
(694.4625285279031,388.05958277005936)
(694.5448819042966,388.1355238956738)
(694.6263352407784,388.21103043095354)
(694.7181663707082,388.29681119512185)
(694.7974962656408,388.3715357679546)
(694.8757590405806,388.4459609626267)
(694.9529181340441,388.52011273981896)
(695.0289452945918,388.59400870416397)
(695.1090794753023,388.672894119443)
(695.1827073978117,388.74627486853575)
(695.2602533394765,388.82460006723005)
(695.3364641887214,388.9026086201154)
(695.4064458076572,388.97512052829734)
(695.4801287575376,389.0524289893426)
(695.5477982182657,389.12421443426933)
(695.6190721753217,389.2006446619045)
(695.6891626967808,389.27652895829834)
(695.7581210747845,389.35179721342104)
(695.8215456173955,389.42145101039034)
(695.8884798914181,389.4953117674307)
(695.9544562707677,389.56831879047746)
(696.0152568575513,389.635644355998)
(696.0795684874533,389.70675102923997)
(696.1389263571948,389.77214815937464)
(696.1976712669152,389.83650042948807)
(696.2599683671622,389.9041555237855)
(696.3176068433679,389.96610106087064)
(696.3788381726154,390.0310041720864)
(696.4355814763969,390.0902353309624)
(696.4959621740147,390.15207035983553)
(696.5519995774428,390.20830708182217)
(696.6077565725424,390.2630115632311)
(696.6632670830239,390.3161330731068)
(696.7185612480869,390.36762700339915)
(696.777586585854,390.42088094437946)
(696.8364205024641,390.47218022810074)
(696.8950845272782,390.5214983138576)
(696.9497036585987,390.56579293834324)
(697.0041977293612,390.6083463778944)
(697.0585715983808,390.64916137251873)
(697.1128261949966,390.6882490748979)
(697.1669586670263,390.72562904159776)
(697.2209625650139,390.7613291389315)
(697.2748280604964,390.79538536495335)
(697.3285421957394,390.8278415904718)
(697.3820891621227,390.8587492233318)
(697.4392478112962,390.89015374819945)
(697.4923880610407,390.9180452374644)
(697.545297925287,390.94458904537936)
(697.5979533530866,390.96986239993134)
(697.6503291765986,390.9939474192849)
(697.702399489279,391.0169304638674)
(697.7578079570908,391.04039622030007)
(697.8128028733527,391.0628182330747)
(697.8637438118362,391.0829356708669)
(697.9142721756556,391.10234006391954)
(697.9643642046669,391.1211289364927)
(698.0139976370348,391.13939997901633)
(698.0666259442108,391.15849859398656)
(698.1186814491759,391.17723850755016)
(698.1667512749796,391.19451307978625)
(698.2142928315033,391.21166406132164)
(698.2612960054249,391.22878139337803)
(698.3077537022651,391.24595216084305)
(698.3568985652427,391.2645139488837)
(698.4022173046774,391.2820615427098)
(698.4469891918305,391.29990889170966)
(698.4943380245071,391.31946591683845)
(698.5380005952642,391.3381646576177)
(698.5811468991566,391.35737316913617)
(698.6268010670253,391.3786156887598)
(698.6719063008551,391.4005886007961)
(698.713552344294,391.4217808531416)
(698.7547728476802,391.4437046088981)
(698.7955972890427,391.4664032446348)
(698.8360578130213,391.4899163318824)
(698.8761890352783,391.51427977933616)
(698.9160278301271,391.53952599338743)
(698.9584205879642,391.56763058598426)
(698.9977776603773,391.59480060126475)
(699.0397534235934,391.625023927588)
(699.08159074686,391.6563839334323)
(699.1233450265556,391.68890141360606)
(699.1622930203483,391.7202674191612)
(699.2012642606184,391.7526625769867)
(699.240304781323,391.786097847167)
(699.2822653522695,391.823134734828)
(699.3244136251726,391.8613941062782)
(699.366804977569,391.9008834396375)
(699.4066298960317,391.9388092282981)
(699.4467569963948,391.97780861566406)
(699.4901434410509,392.0208394067176)
(699.5310231585896,392.06208182235605)
(699.5753075851957,392.10752253072985)
(699.6171008950544,392.1510191083523)
(699.6593883260686,392.1956031970089)
(699.7052973908434,392.24463192174983)
(699.7487005112439,392.29148344341246)
(699.7926833046123,392.3394284693636)
(699.837267925615,392.3884691871515)
(699.8824735663425,392.43860787551444)
(699.9316382045039,392.49360052543943)
(699.9815488903437,392.5498683258924)
(700.032217463714,392.6074139424254)
