Person 62
Starting Position = (271.9388674310471,283.8859773367443)
(276.25926954561055,284.8959961285453)
(279.7582161487894,285.72184358140817)
(283.0769397510212,286.5083786160269)
(286.46558004243366,287.3119878140257)
(289.8195284144576,288.1077898015287)
(293.1363188180889,288.89518022403206)
(296.415143751067,289.67395439677495)
(299.7148362482155,290.4576443765896)
(302.99610907115317,291.237074795327)
(306.35744773564767,292.03491886376196)
(309.58213003759613,292.8011624645984)
(312.8467047914413,293.57686115230933)
(316.07278632213075,294.34367622587376)
(319.31930784033483,295.11526969098065)
(322.70508538299674,295.9187719411101)
(325.95398363452165,296.6905261541872)
(329.4604618653948,297.52143682310947)
(333.7884449267489,298.53382329525914)
(337.10427404166063,299.3180059880111)
(340.3567999315618,300.0904239723299)
(344.02450471134745,300.9586542915752)
(347.2382783270067,301.72246886597156)
(350.3912936602468,302.4732311846336)
(353.504272661009,303.21513689150953)
(356.5973625445014,303.9525878741296)
(360.1263558058567,304.79011497119666)
(363.5584224390434,305.6045441808084)
(366.7136744476892,306.35523715573055)
(369.80846870733285,307.09254179868793)
(372.8631804444994,307.82081227469087)
(375.9175826238497,308.5491011641309)
(378.97197775723123,309.27731772074196)
(382.02646121452983,310.0054237029608)
(385.0810493707066,310.7334017121212)
(388.1213009433556,311.4353381991109)
(391.11745700643075,312.119674902945)
(394.112251199707,312.8020685113163)
(397.0875902373853,313.48069481864394)
(400.47770207811317,314.2547369821717)
(403.61449648900236,314.9732376194174)
(406.5938991049828,315.65777543649716)
(409.51381705982675,316.3303673835252)
(412.7484926345602,317.0764110703244)
(415.65067116437774,317.74749412237225)
(418.4928976889201,318.40603732335535)
(421.314865790059,319.06093565141526)
(424.1169419690592,319.71209812223117)
(426.89923558185546,320.3594279127975)
(429.70092390394916,321.0119128492048)
(432.5025939862302,321.66498500094167)
(435.3237543055439,322.3231288826101)
(438.0273636717466,322.9544687466073)
(440.7300790522872,323.5860951306531)
(443.43217583135373,324.2180036994134)
(446.1728512123794,324.85928901794034)
(448.79592447313433,325.47350848165837)
(451.4568846051698,326.096944519649)
(454.0780867059702,326.7114216057202)
(456.6787989783105,327.3214326802171)
(459.2394925615758,327.9223960693462)
(461.79899850609837,328.5234076832296)
(464.3351585806431,329.1219322839498)
(466.9464068953727,329.739966877269)
(470.0254060342695,330.46916508546485)
(472.6366444697946,331.08938934199034)
(475.0696036439177,331.6686464784216)
(477.49899044643473,332.24811446063086)
(480.17794338839377,332.8877624278249)
(482.7978213884999,333.51429685077295)
(485.24141107288096,334.0998888488773)
(487.6046626871082,334.6673287898546)
(489.9070811548939,335.22114339624113)
(492.18737528509007,335.7704963453633)
(494.4842833461564,336.3245950793592)
(496.89439572382463,336.9065271432515)
(499.14913045069085,337.4518013997603)
(501.40090041305467,337.9970630659707)
(503.64998559584063,338.5422546693474)
(505.8773491437687,339.0826836789095)
(508.0638004060854,339.61362783561907)
(510.2282894796026,340.1395426664449)
(512.4089773689631,340.6694660790298)
(514.4918070089852,341.1757606461308)
(516.571301573467,341.6811214858527)
(518.6477118190669,342.18536749223324)
(520.7021718710384,342.68375134445733)
(522.8862652999409,343.21230951003605)
(525.0107624297355,343.7252210548501)
(527.0372632959142,344.21336879930334)
(529.0030907220795,344.6856304869874)
(530.9458604009772,345.15078062205845)
(532.9032427725721,345.61746160089893)
(535.0068938288242,346.116077312303)
(537.391007162175,346.6764588750033)
(539.3409293842241,347.1332046125718)
(541.2461093444458,347.57753814323803)
(543.1628883233936,348.02217836000045)
(545.0362797956516,348.4542561648448)
(547.2184826102545,348.95341885517746)
(549.5837427991902,349.48987018564964)
(551.3709824085734,349.8937215984877)
(553.1289004852201,350.28930026738004)
(554.8774359466755,350.68108075324284)
(556.5997400216786,351.06542460586263)
(558.2785969429918,351.4387501874361)
(559.9145934517192,351.8014848742799)
(561.5618306375434,352.1659070582224)
(563.1689268536462,352.52936354121044)
(564.7433420144582,352.8901463694577)
(566.2903415383533,353.24724549363873)
(567.8482978440114,353.6081024437018)
(569.36818570011,353.96054970373)
(570.8340193518826,354.3004587237547)
(572.315435005519,354.6436173345012)
(573.779326176921,354.9820047079697)
(575.2086201434677,355.31178085618205)
(576.6720930712634,355.64869931646365)
(578.1706532307154,355.992892005904)
(579.6526146270389,356.3326898753815)
(581.0823707843638,356.6602401243957)
(582.4930586543413,356.98322725781753)
(583.9356798425323,357.313217675915)
(585.3930022687913,357.6463093363638)
(586.8470884260984,357.9785951536721)
(588.3138589196574,358.31388713462275)
(589.7240565326797,358.6368877621915)
(591.0594281979472,358.9438323812147)
(592.3861702370903,359.25005321122086)
(593.8208179641753,359.58242028435893)
(595.147208549116,359.89195007286736)
(597.2640376116673,360.38287933521826)
(598.984636349738,360.79119823717934)
(600.2586576465028,361.10231291380967)
(601.448621375177,361.4008082284708)
(602.590269564774,361.69441399715527)
(603.7332975117632,361.99522192863276)
(604.8948262400262,362.30708824006206)
(606.2310948053444,362.67104124300954)
(607.3284132538712,362.9756902471188)
(608.3682053113772,363.2695909631605)
(609.515533957926,363.59837767650936)
(610.5199817951521,363.8911165356341)
(611.5134884905891,364.1852246041016)
(612.4826804481198,364.47642963306237)
(613.4570825377987,364.7730736749997)
(614.3949165766795,365.0622897645063)
(615.3247821075802,365.3522141622427)
(616.2471902323522,365.6423042096122)
(617.1346163953247,365.9234517885742)
(618.0145551271759,366.20326900856594)
(618.8872811899741,366.4807301796077)
(619.7531372222784,366.75482033317945)
(620.6126859091238,367.02464882221955)
(621.4532987569862,367.285740689914)
(622.2758323838982,367.537982447536)
(623.0813536281387,367.7814082901143)
(623.8709550382575,368.01612694767016)
(624.65890379912,368.24566951063775)
(625.4329696507856,368.46637856568077)
(626.2066411121422,368.68146782507705)
(626.9935635568348,368.8933544840844)
(628.5444643992454,369.2013713215149)
(629.3561083793202,369.37280725034)
(630.132921043645,369.5435003299245)
(630.8937301302042,369.71206879142125)
(631.6445694746322,369.8743881202084)
(632.3648800101589,370.02306892125534)
(633.0712410867853,370.15965121358903)
(633.7928020492806,370.2877492757516)
(634.5192724131765,370.40576130368413)
(635.278307521918,370.51851454106657)
(636.0570264602571,370.62664103911203)
(636.7851102611688,370.72664595678015)
(637.5242113007718,370.82975338946346)
(638.2709723998521,370.938084870226)
(639.0082418966477,371.051466709935)
(639.719455767595,371.1686182083445)
(640.427203633595,371.292566112235)
(641.0937945882683,371.416037567766)
(641.7464836177594,371.5393353924615)
(642.3738257815064,371.65920139771833)
(642.9764487317682,371.77501657873506)
(643.7379920152669,371.9102151654358)
(644.5223860113045,372.0397170439319)
(645.2099158870406,372.1539883871833)
(645.8313458806882,372.26051928373414)
(646.3497829265134,372.35397681142723)
(646.8576889203147,372.4463946474076)
(647.329921371192,372.5305126413303)
(647.778285248569,372.6057454642877)
(648.2127467716846,372.67134136573225)
(648.6328898395412,372.7260068664195)
(649.052962416497,372.77019844972216)
(649.5231830861907,372.8026508662102)
(649.9198320223032,372.8235166521651)
(650.3278670553531,372.8388826372007)
(650.6789473748516,372.8523791870501)
(651.0173821215969,372.8676581116343)
(651.3523572732952,372.88636097135907)
(651.6983465537327,372.9100513238467)
(652.0778474918498,372.9410838460904)
(652.4775793548346,372.9794288514728)
(652.9052370076635,373.02652086872615)
(653.357576212939,373.08255964067826)
(653.8395742958112,373.1485204361071)
(654.4219046836569,373.2352510677618)
(654.9130199442998,373.3132133999013)
(655.3990451285271,373.3933861231411)
(655.8867664210234,373.47417862017056)
(656.3650246651399,373.5503771694436)
(656.8252975360159,373.6175052863338)
(657.290422484814,373.6754893602839)
(657.7444512053556,373.72052732366666)
(658.1902970096393,373.7530350569973)
(658.631394147437,373.7749041088289)
(659.059401107651,373.78856746654196)
(659.5058861568953,373.7973259239327)
(659.9726138501777,373.80363259198197)
(660.4830695788053,373.81057193816594)
(660.9603585245408,373.81951903947584)
(661.4582573562801,373.8335144410476)
(662.0524748678394,373.8593023024072)
(662.6172282638906,373.89370730974264)
(663.1477587642167,373.9361377040787)
(663.6652979498052,373.988531956194)
(664.1928775058511,374.0548380875762)
(664.7279064278149,374.13685172886625)
(665.2271007233854,374.2281436308045)
(665.7363625413244,374.3393169576936)
(666.2378862832777,374.46963340172056)
(666.7143795523751,374.6160273784735)
(667.1851708536877,374.78739466619606)
(667.6352989230448,374.98076431403933)
(668.0640050441827,375.1967182710414)
(668.473130142472,375.435815157524)
(668.877136287317,375.70626833268807)
(669.2449040555931,375.97999703078307)
(669.6134865987468,376.2775492553334)
(670.0016339204516,376.6086679136203)
(670.3964867149905,376.9556991776935)
(670.8250282691558,377.33604911808254)
(671.2681452168074,377.7281220574983)
(671.7508443417025,378.15028990634795)
(672.2882109517639,378.6126134937891)
(672.8373225579028,379.0783727097412)
(673.4197758771103,379.5661263528753)
(673.9698098256722,380.023135195262)
(674.5388593309259,380.4901082402625)
(675.0618974859425,380.91601147860285)
(675.5886651158581,381.341931285817)
(676.0959590757625,381.75036266634254)
(676.5819514685445,382.14253760609705)
(677.0092025254203,382.49533143250756)
(677.3926999336361,382.8293610854141)
(677.7265863009671,383.1482560176472)
(678.0116067251012,383.4582724323194)
(678.2555542833892,383.76647973062336)
(678.4719032001937,384.0789081732201)
(678.677011117593,384.3993187558662)
(678.8933470789898,384.73856049942043)
(679.1990990106325,385.1759281118271)
(679.5158735608728,385.5797826580369)
(679.8504265720052,385.9602405325365)
(680.2118448468493,386.32732343894514)
(680.5781465416612,386.6605216660787)
(680.9403574035039,386.95741922115275)
(681.297832275045,387.2168957459436)
(681.6661483158349,387.44137469860385)
(682.033049900169,387.61360883357645)
(682.4120888397052,387.72952358502664)
(682.8220591957885,387.78433706953626)
(683.2278766563554,387.78553136682734)
(683.7645771360445,387.7813169515462)
(684.450135989016,387.7939670616679)
(685.1997365581582,387.84542719691393)
(685.9978467160392,387.9556042429181)
(686.94157656754,388.17755849810544)
(687.9044556378346,388.52370199746554)
(688.7696375183979,388.9387148763014)
(689.5362609433494,389.3849127399561)
(690.690646142366,390.2171677423815)
(691.3646386712645,390.720570512263)
(691.996687543183,391.188597727185)
(692.6267923530266,391.634825780658)
(693.2160779629247,392.022389069399)
(693.8020646399374,392.3728130137646)
(694.3671040006133,392.677441596739)
(694.8972309905407,392.9367346093181)
(695.4917204363467,393.349678323987)
(696.0916781937337,393.8415819261069)
(696.7362819355043,394.41627990071646)
(697.426814758338,395.05238352389836)
(698.163017665662,395.7301464809111)
(698.9422304821481,396.43199965175495)
(699.7580892288953,397.14250129057746)
(700.5980309944823,397.84716094215906)
