Person 76
Starting Position = (119.33710713730385,546.8639839929574)
(123.85630472712278,545.777646305387)
(127.43881851075975,544.8944921206316)
(130.79832852833488,544.0555594264629)
(134.20474394492655,543.1991112512104)
(137.5648610779481,542.351604878269)
(140.88227123082208,541.5136492858144)
(144.15898637573602,540.6854293502663)
(147.45414617105413,539.8523003888995)
(150.72946806698346,539.0240833155588)
(154.08207109869764,538.176281894491)
(157.29890096041402,537.3628040145023)
(160.5544106616895,536.5395460053915)
(163.7711094253514,535.7261096207845)
(167.00713945433367,534.9077945811449)
(170.37876556889444,534.0552024012263)
(173.6147114755324,533.2369322410459)
(177.10251146427632,532.3549899807545)
(181.38468746231746,531.2721956270669)
(184.67863253217655,530.4393017896982)
(187.9144119071742,529.6211303233544)
(191.55703651393455,528.7001047414049)
(194.75398268091433,527.8917845356585)
(197.8927645916969,527.0981875943709)
(200.99275797948394,526.3144152470142)
(204.0733378428704,525.5355695105977)
(207.5801109285337,524.6489932688455)
(210.98996435262242,523.7869445578252)
(214.1285386867954,522.993502608354)
(217.20895095165196,522.2147887561152)
(220.25057544318688,521.4459056961273)
(223.29215844715495,520.6770600263604)
(226.3336990134004,519.9082538429496)
(229.3751962386694,519.1394894686036)
(232.41664921564023,518.3707694353557)
(235.45805699812536,517.6020964970287)
(238.46067562685298,516.8432650217364)
(241.4632480610625,516.0844858456499)
(244.44640225613955,515.3306572970898)
(247.83628947438078,514.4740984315749)
(250.97430261449767,513.6812416850393)
(253.95730175444191,512.9276100161355)
(256.8821403238245,512.1887319745144)
(260.1168332791473,511.3716433081945)
(263.0221927481483,510.6378176199744)
(265.8693919782645,509.9187546331442)
(268.697168171092,509.2046721489204)
(271.5055202891051,508.49557376768104)
(274.2944472663747,507.79146377624363)
(277.10268164552116,507.08256865203134)
(279.91085344713474,506.37378548131943)
(282.7383260316739,505.66023454404456)
(285.44953722744896,504.9761333256816)
(288.1606820606272,504.29216300056476)
(290.87175768308913,503.6083310227228)
(293.6214888751725,502.9148784676001)
(296.25496218288487,502.250882190817)
(298.9270860867133,501.57728443447866)
(301.56040491496225,500.9136212612859)
(304.17427986013627,500.25501886329386)
(306.74934780138943,499.6063626396029)
(309.3243289569195,498.9579048636483)
(311.8798594873872,498.31453160181195)
(314.5127312251999,497.65188597942426)
(317.6100912480869,496.8725464651678)
(320.24273280910216,496.21041484757956)
(322.70104998777,495.5923887752306)
(325.1592579287108,494.97464564833217)
(327.8689591194052,494.2939677668038)
(330.5204562531909,493.62821364608357)
(332.99763595599734,493.00654586226625)
(335.39727363187814,492.4046532943745)
(337.73872506956155,491.81767023220146)
(340.0606911259292,491.2358902205582)
(342.401864945258,490.6496217413975)
(344.85896754740975,490.0346655409567)
(347.161136818086,489.458857140402)
(349.4631436100639,488.8834670342342)
(351.7649797300446,488.30850934487825)
(354.04729565686876,487.73883206191823)
(356.2907474458329,487.17927322368314)
(358.51467220848355,486.62501303265105)
(360.75773646336046,486.06642367630786)
(362.90392255812145,485.5324154980401)
(365.0499057206944,484.9989171229054)
(367.195676395939,484.4659410394291)
(369.3218963952024,483.93830389636275)
(371.58316662014084,483.3776448389353)
(373.78619676655944,482.83196649336134)
(375.8923505033242,482.3108449950854)
(377.9402858730757,481.8046873625052)
(379.9686443178414,481.3039229876268)
(382.01604870431305,480.7990121088604)
(384.2176540489975,480.2566247754333)
(386.708548152805,479.643464845952)
(388.75500798680275,479.14046522381574)
(390.7625337913155,478.64773931209965)
(392.7890241735024,478.1510279128875)
(394.7765730383271,477.6645238131367)
(397.09171065040977,477.0983731631132)
(399.5992264927251,476.48572657613647)
(401.5084059588397,476.02019392422255)
(403.3979134211888,475.56026431430115)
(405.2870253347975,475.1011629291764)
(407.1564603340044,474.64753430265455)
(408.9869511279501,474.2040222782199)
(410.7785077077372,473.7705882464502)
(412.5889113369448,473.3332052864545)
(414.3796312357105,472.9011807261042)
(416.15066520074566,472.4744988250757)
(417.9020114692831,472.0531422002734)
(419.6716478641397,471.62759991231593)
(421.4020376977069,471.2118432808662)
(423.0740936798604,470.8105301900621)
(424.76475397873253,470.4051805214633)
(426.43562397805727,470.0050234173557)
(428.0675356580921,469.6146581127879)
(429.7372856828972,469.2156631912937)
(431.4448396431827,468.8080242594685)
(433.1326221745794,468.40551226079987)
(434.7622943135759,468.0172928752394)
(436.3722208707168,467.634188848527)
(438.01987757440446,467.24245047987614)
(439.6860652920008,466.84661174967863)
(441.3516045141758,466.4512162158534)
(443.0356088466817,466.0516829382951)
(444.6615302266083,465.66622169716453)
(446.21028896067594,465.2993742680798)
(447.75838930952295,464.93293520968007)
(449.43953187063335,464.53501855972314)
(451.0053361126097,464.16458251972244)
(453.46756992149386,463.5791373325047)
(455.4895327964643,463.0984008400672)
(457.01462119480925,462.73649264099936)
(458.46262736726266,462.39336543418085)
(459.87174846262974,462.0597757041679)
(461.29912592104716,461.7220052950575)
(462.76374967670296,461.3753811967748)
(464.4556315136242,460.974321901854)
(465.8615284511061,460.64104858071875)
(467.2096357962476,460.3214376457798)
(468.70871901876444,459.96558630497526)
(470.0362097861075,459.65031901302075)
(471.3628817360097,459.33499835768686)
(472.6697866272608,459.02407941189404)
(473.99478636663406,458.70844172790294)
(475.28109819059824,458.4016217484323)
(476.5665620842756,458.0945362076781)
(477.85115836669377,457.7871271970986)
(479.0971210640073,457.48846137821334)
(480.342214726538,457.1894383745511)
(481.5864197016314,456.89000524714186)
(482.8297147960842,456.5901135679018)
(484.07207758311705,456.2897183364697)
(485.29468231878934,455.99337408680276)
(486.49754388997474,455.7010879288466)
(487.6808897391052,455.41267528468114)
(488.8446852388291,455.12818516289155)
(490.0076624715052,454.8430158938566)
(491.15103999195327,454.5617929952213)
(492.29353865602707,454.27988558541307)
(493.45383080478973,453.99258837530596)
(495.5665401749722,453.46146108867526)
(496.70586165786756,453.1746404436672)
(497.82538303946825,452.8922746958839)
(498.9437883881894,452.60951823876695)
(500.06107778294705,452.326255613682)
(501.14006333359407,452.051931966273)
(502.1994098339759,451.78180161805506)
(503.2762696917601,451.50627641983175)
(504.35204752335653,451.23004315333435)
(505.4637662512478,450.9434184395938)
(506.59280984202655,450.6510650202044)
(507.6467188505852,450.37715695601116)
(508.7179772025988,450.0976275083971)
(509.80652035901767,449.81238153290354)
(510.8938624805157,449.52622975653503)
(511.96159093198514,449.24407810922406)
(513.0464994437671,448.9561402471528)
(514.0934529552883,448.6771649430832)
(515.1392188707001,448.39738126172244)
(516.1654738518018,448.1217500580385)
(517.1722643152016,447.8503325703799)
(518.4520044773863,447.50303979642155)
(519.7847977712255,447.13890658062206)
(520.9881647555803,446.8085474198443)
(522.1171005686286,446.4973894500402)
(523.099147878618,446.225986562281)
(524.0981421102329,445.9490695795535)
(525.059646432245,445.68179830341364)
(526.0018889355459,445.41916053713214)
(526.9430200621705,445.1560879695979)
(527.8833986773263,444.89204791102577)
(528.8590822965994,444.6168320634463)
(529.9962488683582,444.2940915179624)
(531.0059975690486,444.0063293177556)
(532.0866557738923,443.6969265288713)
(533.040165440715,443.42309154673785)
(533.956666094873,443.15918109995397)
(534.8362500450322,442.9053058804472)
(535.6969356757136,442.65633467484884)
(536.5745769480726,442.4018533447557)
(537.4333590129842,442.15228675824494)
(538.2911940392809,441.90244146687394)
(539.1480831179557,441.65232001571337)
(540.0218523299116,441.39667535202307)
(541.0363553957816,441.09842018641723)
(541.889276642204,440.84698024567876)
(542.7408978353756,440.595283871939)
(543.6090094772721,440.3380696684953)
(544.4759408596549,440.0806092721541)
(545.3240874995425,439.8282201045518)
(546.1888368541748,439.57037078481346)
(547.0343007704557,439.31989294993684)
(547.8607012559302,439.07627788722414)
(548.6681985063831,438.8391311365997)
(549.439438287104,438.6132659827014)
(550.2271055943095,438.3830150717678)
(551.0312184826771,438.14818554589715)
(551.8867067492718,437.8983424983507)
(552.6714263154992,437.66914076236367)
(553.4726754835709,437.43494440604445)
(554.3948850305543,437.1648172308009)
(555.246578274885,436.91491987262543)
(556.027908931826,436.6853600192317)
(556.7737341125006,436.465950124739)
(557.5188014089235,436.246440567532)
(558.2631276024409,436.0267959750841)
(558.9548422905094,435.82240794251715)
(559.6631677870164,435.61278760291475)
(560.3708212719923,435.403029703133)
(561.0605644110914,435.19827240089677)
(561.7668949190992,434.98824382259755)
(562.4725723078478,434.77806603896704)
(563.1775981882802,434.56774661346026)
(563.8819728859888,434.35729699363606)
(564.6028640264227,434.14156971645986)
(565.2716294703588,433.94121211176275)
(565.939764387032,433.74082617570366)
(566.6243893220243,433.53526498918853)
(567.2912658061308,433.3348495784593)
(567.974595519017,433.12930009164427)
(568.6402017700482,432.9289397595525)
(569.3222190609553,432.72349654705414)
(570.0376526168089,432.5078263278123)
(570.7353585344762,432.2973987725916)
(571.4493637231717,432.08196730141236)
(572.1116675486854,431.8821347880992)
(572.7902315486766,431.67740661204664)
(573.4172143074112,431.4883133860105)
(574.0604330672865,431.2944066054187)
(574.7029322082923,431.10082436865156)
(575.3446977054953,430.9075983860917)
(575.9519739134462,430.7249277977569)
(576.5585272818082,430.5426690143346)
(577.1643440589695,430.36085117480667)
(577.7694075295652,430.17950613412535)
(578.3736980850236,429.99866829221827)
(578.9771932621139,429.81837447445815)
(579.5798677529287,429.63866386181036)
(580.1984084664465,429.454602215067)
(580.9663011531798,429.2265791776311)
(581.6662751115372,429.01927915184336)
(582.3317530555432,428.8227930756183)
(582.9960040306098,428.6273267905434)
(583.6092598671568,428.4475222472386)
(584.1882307245296,428.27842283227585)
(584.7495316193739,428.11514985688143)
(585.3261276082884,427.94816200973435)
(585.9014613016199,427.7823217669772)
(586.4918636868608,427.6130066193835)
(587.1135165964531,427.43573672728996)
(587.7009338630083,427.26923417727386)
(588.2380058297581,427.1179404526122)
(588.7898380312658,426.96352840921674)
(589.3239331534521,426.8151311884688)
(589.8564620065495,426.66828105048165)
(590.467645498979,426.5012152991307)
(591.0926722354543,426.3320191929248)
(591.6675235165261,426.17797138579806)
(592.1925665921568,426.0387102602396)
(593.0317541308077,425.81930408331095)
(593.5363677042712,425.68897241737494)
(594.0232056030915,425.5648039905383)
(594.523578325091,425.4389019654667)
(595.0062067413762,425.3191510010949)
(595.5021250138701,425.1979419538204)
(595.9957079135736,425.07920402203456)
(596.471604079802,424.96657544447146)
(596.9604129665087,424.8529008199493)
(597.4164479431599,424.7486918526107)
(597.8702259237574,424.6468775820427)
(598.3217165511218,424.54748575643293)
(598.7708933432535,424.45053730015997)
(599.2177342042896,424.3560455321212)
(599.6622218406743,424.2640154902919)
(600.1043440690997,424.1744433819144)
(600.5294936006136,424.09016478427617)
(600.9378817538025,424.01094554201114)
(601.358626321617,423.931152459501)
(601.7627746398935,423.85620171282824)
(602.1791502480615,423.7807467864644)
(602.5933351195484,423.7074123252468)
(602.9911949526019,423.63855239099706)
(603.4011156327398,423.56922871523574)
(603.8089117630923,423.50182955702667)
(604.2146088226127,423.4362789945885)
(604.6182331469699,423.3724972213962)
(605.0060126537776,423.3125125426135)
(605.4056219244675,423.25198806814916)
(605.8032355637698,423.19298174195086)
(606.171680565133,423.13933694154446)
(606.5383969852079,423.08691396186504)
(606.9033999235377,423.03564504610307)
(607.28011006277,422.98362281967053)
(607.641669378686,422.9344874043114)
(608.0015341807458,422.8863244195966)
(608.3597017201688,422.83908234622925)
(608.7161638014815,422.79271497700745)
(609.0709065243515,422.747181707257)
(609.4239100990235,422.7024477181773)
(609.775148747659,422.65848404372093)
(610.111696743785,422.6168627756467)
(610.4337019119644,422.57750542478533)
(610.76684013819,422.5372551880461)
(611.1235654093897,422.4946411474757)
(611.4529679696697,422.45574285266514)
(611.7679376192489,422.4189789005503)
(612.0935639787954,422.3814135224141)
(612.4048045712162,422.3459327320279)
(612.7264414352813,422.30970699237383)
(613.045964617647,422.2741601133346)
(613.3633130421708,422.23929611963536)
(613.6543192844251,422.20773105457005)
(613.9553210314991,422.1754998064555)
(614.2422596838343,422.1451693808283)
(614.5271327120066,422.1154437818593)
(614.8216044213864,422.08510776564634)
(615.102149821263,422.0565686375417)
(615.3920313501029,422.0274376915654)
(615.6681007880173,422.0000192192957)
(615.9532531706634,421.97200756826635)
(616.2247290509472,421.94561100190106)
(616.5050484484228,421.91859775004383)
(616.7718491574366,421.89309072308953)
(617.03633418197,421.86796951418563)
(617.3200448110588,421.841990062637)
(617.5687813609654,421.8199053111996)
(617.815295322435,421.79860480570824)
(618.070146208816,421.77708738667855)
(618.3121996027031,421.7570140897334)
(618.5521015194073,421.73737199652544)
(618.7898815871232,421.71804695350556)
(619.0357427319578,421.6980874791412)
(619.2793826688352,421.6782152923108)
(619.510846527443,421.65916654427843)
(619.7502268660093,421.6391657142074)
(619.9776758573851,421.6198157627328)
(620.2129403131697,421.59932582575345)
(620.4365106257388,421.5793652941604)
(620.6677988786448,421.5581050529122)
(620.8781216168695,421.53824089014375)
(621.0867813495477,421.5179679372312)
(621.2938062179857,421.49726123297904)
(621.4992242388797,421.47610386019824)
(621.7030635642166,421.4544866956525)
(621.9053527662915,421.43240809728337)
(622.1061211345329,421.4098735391632)
(622.3053989702324,421.38689520437094)
(622.5121634338868,421.3623941311518)
(622.7085120947617,421.3385597037776)
(622.9034697986218,421.31435635918365)
(623.0970735107164,421.28981864705815)
(623.2893621453667,421.26498549278085)
(623.4803765550926,421.23989973818897)
(623.6701594313894,421.21460770349495)
(623.8587551133064,421.18915877651494)
(624.0462093038218,421.1636050338074)
(624.2325686981872,421.1380008964542)
(624.417880532737,421.1124028211223)
(624.602192066872,421.08686902484743)
(624.7937209574006,421.06081230222514)
(624.9676416653874,421.0375752371883)
(625.1406623352951,421.01489749251823)
(625.3128344779236,420.9927863722319)
(625.4760635105508,420.97225713421204)
(625.6304792367375,420.9532457016166)
(625.7923573487626,420.9337816860208)
(625.953606557116,420.91487865231824)
(626.1062381347855,420.8974455577094)
(626.2823300553046,420.8779623997522)
(626.4976976151754,420.8551042119169)
(626.6964409686253,420.8349102071029)
(626.8786898491127,420.81720683299244)
(627.0603659331323,420.8004160963446)
(627.2257428630234,420.7858868292087)
(627.3984865590123,420.7715714714176)
(627.5629115221448,420.75876581133)
(627.7503173758198,420.74527448710285)
(627.8982932706058,420.73535043555796)
(628.0536660458217,420.725759142799)
(628.2009192767243,420.7174395098238)
(628.3555738944361,420.70957448038706)
(628.509903398492,420.7026189873187)
(628.6485286672164,420.6971115886665)
(628.7945932762705,420.692145521077)
(628.940421468678,420.6880367641734)
(629.0783721954391,420.684922649065)
(629.216144910059,420.6825927821939)
(629.3614160521091,420.68101139345134)
(629.49891267691,420.680306054282)
(629.6363046154048,420.6803960528886)
(629.7812534249841,420.6813781473261)
(629.9261504942366,420.68324813077237)
(630.0633818267631,420.6858167649505)
(630.2082269617698,420.68941438428175)
(630.3454415586916,420.6936163133517)
(630.4826608698911,420.6986090655044)
(630.6275314728282,420.70475613633545)
(630.7647941262991,420.71136227096355)
(630.9097144013729,420.71920152315175)
(631.0776009030344,420.72942989973643)
(631.2531996700087,420.7413670742936)
(631.4211826518706,420.75390710624066)
(631.5814917657331,420.7668830045824)
(631.7417157055289,420.78084675999156)
(631.8941710659365,420.7950232575051)
(632.0388204576376,420.8092654231959)
(632.1908356445902,420.8250936295312)
(632.3273793203799,420.83999738023186)
(632.4560452280077,420.8546432284655)
(632.5843756875973,420.86984088288517)
(632.7123247125082,420.8855703836258)
(632.8398440920853,420.901810035413)
(632.9668837338419,420.9185363716993)
(633.0933920205105,420.93572413863365)
(633.219316177959,420.9533463010538)
(633.3519393461137,420.9724578539118)
(633.483789271117,420.9919856791455)
(633.6075609305882,421.01076767132537)
(633.7305258277636,421.02985494096555)
(633.8526312367454,421.049212354517)
(633.9738255610249,421.06880356970606)
(634.09405868489,421.0885912133776)
(634.2132823108068,421.108537078719)
(634.331450280004,421.12860233909856)
(634.4485188734483,421.1487477753506)
(634.5712019895137,421.1701201144308)
(634.6858883034295,421.19030436279144)
(634.7993589229593,421.21044894384136)
(634.9115830030112,421.23051548502553)
(635.0160715043295,421.2493026991807)
(635.1194065524305,421.26796045919775)
(635.2215720706313,421.28645916571276)
(635.316307501626,421.30363999601985)
(635.4161678000214,421.32175275308816)
(635.5148311025116,421.3396257859841)
(635.6122946676638,421.35723411485463)
(635.7085591353854,421.37455407652595)
(635.8036284347036,421.3915633307597)
(635.8975096435682,421.4082408379442)
(635.9902128012413,421.42456680871584)
(636.0817506751956,421.4405226270845)
(636.1721384857041,421.4560907496769)
(636.2613935924642,421.47125458463125)
(636.3495351486541,421.4859983544139)
(636.4311994872289,421.49944187427855)
(636.5119135905802,421.51249445645004)
(636.6022137014271,421.5267598413033)
(636.6809794011726,421.53893111290336)
(636.7537101089825,421.5499220386002)
(636.8307621013842,421.56125912610423)
(636.906958703592,421.5721451953077)
(636.9823175968276,421.5825678312143)
(637.0568555730861,421.5925142419701)
(637.1548806234565,421.60486337691725)
(637.2276100736634,421.6136186885977)
(637.2995631517763,421.6218530611186)
(637.3707514896936,421.6295515591126)
(637.4411853929778,421.63669871694566)
(637.5062674255184,421.64287996912617)
(637.5752606220484,421.6489198781113)
(637.6435231482528,421.65436005853036)
(637.7110610325059,421.65918325314794)
(637.77787967883,421.6633718727905)
(637.8439841351711,421.66690806001526)
(637.905056907067,421.66962988779716)
(637.9697881924756,421.6718584326436)
(638.0338214990313,421.6733810346098)
(638.0971636434392,421.6741794578852)
(638.1598227833413,421.67423554452074)
(638.2218087879997,421.67353128219037)
(638.2831335978959,421.6720488689628)
(638.3437562300309,421.6699287202969)
(638.3997350067117,421.6673770833763)
(638.4551304567983,421.6642307070546)
(638.5099643523472,421.6604679607522)
(638.5642613368871,421.6560675744127)
(638.6180490173692,421.65100871213673)
(638.6751401690067,421.64480167723525)
(638.7279823876477,421.63830874916624)
(638.7804186478311,421.63109699150687)
(638.8324888047598,421.6231479237148)
(638.8842355610717,421.6144437574379)
(638.9357043126114,421.6049674307666)
(638.9869429512328,421.5947026387545)
(639.0380016268849,421.5836338607542)
(639.0889324721201,421.5717463849946)
(639.139789292911,421.5590263307064)
(639.1906272302614,421.54546066798383)
(639.2415023975359,421.531037235455)
(639.2924714987231,421.51574475573403)
(639.3435914329822,421.4995728485391)
(639.398617290098,421.4812174922047)
(639.4502416762892,421.4631881730862)
(639.5021879547047,421.44425362079005)
(639.5545096514986,421.4244071768211)
(639.6072584595646,421.40364310191643)
(639.6604838665919,421.381956569998)
(639.7142330981063,421.359343576325)
(639.772490974528,421.3340406238357)
(639.8274763178982,421.30949302807556)
(639.8831107051507,421.2840125348477)
(639.9394283128977,421.25759852552045)
(639.9964595832877,421.2302511167157)
(640.054231061726,421.20197111904196)
(640.1127652614954,421.17275999252627)
(640.1720805519438,421.1426197997956)
(640.2321910670144,421.1115531579458)
(640.293106631038,421.0795631899129)
(640.3548326988994,421.04665347603645)
(640.4173703078998,421.0128280063734)
(640.4807160388901,420.9780911341914)
(640.5448619845188,420.94244753094324)
(640.6097957227274,420.9059021429012)
(640.6755002939436,420.8684601495152)
(640.7419541807434,420.8301269234501)
(640.8091312890965,420.7909079921619)
(640.8770009306612,420.75080900078643)
(640.9455278059479,420.7098356760419)
(641.0146719885408,420.6679937907892)
(641.0843889109264,420.6252891288482)
(641.1546293528404,420.5817274496432)
(641.2253394334064,420.537314452237)
(641.2964606086827,420.4920557383191)
(641.3679296765748,420.4459567737361)
(641.4448354847917,420.3956003910024)
(641.5219820250348,420.3442860533855)
(641.5941026834512,420.2955688653867)
(641.6662584309041,420.24603229108703)
(641.7383627172434,420.19568038241744)
(641.8154611739351,420.1407944115245)
(641.8871745513192,420.08875944803873)
(641.9585434689735,420.0359189938694)
(642.0294648825482,419.98227502049)
(642.0998322357717,419.9278288450424)
(642.1744676046808,419.8685681928469)
(642.248204548244,419.80838221239344)
(642.3208997438456,419.7472699150276)
(642.3924074205488,419.68522911590867)
(642.4625801265544,419.62225637119855)
(642.5312695965332,419.5583469269529)
(642.5983277229426,419.49349468296987)
(642.6636076339494,419.4276921751394)
(642.7269648786237,419.36093058007873)
(642.7882587175234,419.29319974601486)
(642.8473535136684,419.2244882539439)
(642.9004833883304,419.1594961439559)
(642.9514897028349,419.09363133603483)
(643.0002813825671,419.0268818652143)
(643.0967581091694,418.8743853590596)
(643.1378936577916,418.8045975849736)
(643.1791122938786,418.7287514324427)
(643.2174330797844,418.6518162943553)
(643.2528323474418,418.57377777154716)
(643.2833262153779,418.4999724668762)
(643.311287360874,418.4251885164495)
(643.3367450532296,418.34941847838627)
(643.3597454542211,418.272657116892)
(643.3803517631158,418.19490175059315)
(643.3986441444532,418.1161525892635)
(643.4147194311005,418.03641305122517)
(643.4286906010997,417.95569005399136)
(643.4413949809292,417.8680827371863)
(643.4520129155891,417.7793758560599)
(643.4607399922022,417.68959371278294)
(643.4677871857115,417.59876625075276)
(643.473378734563,417.5069291447367)
(643.4777498547638,417.41412381503756)
(643.4809704797638,417.32670263202965)
(643.483533869594,417.23852071425966)
(643.4856449416834,417.1496243042685)
(643.4876363750728,417.05361723058667)
(643.4896117003279,416.95691630734393)
(643.4918239127189,416.8595928493413)
(643.4942983354365,416.76827883902433)
(643.4976595629436,416.66996979911187)
(643.5019649499909,416.5712712084732)
(643.5074393124986,416.4722694144182)
(643.5137395139782,416.3796775552931)
(643.5220627719515,416.28034386213335)
(643.531352984763,416.1875983306148)
(643.5423100007663,416.0948965932447)
(643.5550683548195,416.0023178586893)
(643.5697518077045,415.9099424252051)
(643.5864731001399,415.817851439173)
(643.6053338017073,415.72612665392637)
(643.6264242509138,415.63485019027513)
(643.6498235822506,415.544104300039)
(643.6755998357123,415.45397113373934)
(643.7038101437868,415.36453251338963)
(643.734500990458,415.2758697110901)
(643.7677085363453,415.18806323389896)
(643.8034590037311,415.10119261524613)
(643.8417691149185,415.01533621298694)
(643.8889442796017,414.9186592942241)
(643.9395065005074,414.8235389215958)
(643.9862982731469,414.7415684753418)
(644.0356219209456,414.6609291662702)
(644.0874529220066,414.58169011672817)
(644.1417607999516,414.50391815433153)
(644.2027663454628,414.4223577387909)
(644.2621013281556,414.3478318874394)
(644.3237878747309,414.2749621287388)
(644.3877775809972,414.203804498371)
(644.4589389593358,414.12959876270764)
(644.5275494661364,414.0621583357766)
(644.5982974949534,413.9965828403744)
(644.6765030896703,413.928521838925)
(644.7515136705244,413.8669486724337)
(644.8341495328672,413.8032653786877)
(644.9189816020453,413.7419095204609)
(644.9999962051016,413.68669604058584)
(645.0827937229296,413.63355996035074)
(645.1673204234182,413.5825232392226)
(645.2598263108515,413.5302782877375)
(645.3477875179678,413.48364987589815)
(645.4373230373793,413.4391665589392)
(645.5283870168573,413.39683656928526)
(645.6209359608753,413.3566648626089)
(645.7149288469395,413.31865316566683)
(645.8103272162331,413.282800029943)
(645.9141292213709,413.2468628431119)
(646.0123444750327,413.2154667890973)
(646.1118628697927,413.1862052724563)
(646.2126568353099,413.15906463205823)
(646.3147014363335,413.13402842355504)
(646.4254626871807,413.10960071944237)
(646.5300460978345,413.08886313219347)
(646.6358184833987,413.0701628535474)
(646.742764814953,413.05347329158826)
(646.8508721478572,413.0387656985359)
(646.9601294445823,413.0260093196894)
(647.0785183868936,413.014546017559)
(647.1901461629625,413.0057284142679)
(647.311056940221,412.99840106627624)
(647.4250252647842,412.9933674876044)
(647.5401071671985,412.99010067807393)
(647.6647005967825,412.98858449670183)
(647.7820916310742,412.98885317203593)
(647.9005820572891,412.99076462959493)
(648.0288099480113,412.9946518216281)
(648.149576321946,412.99983615957)
(648.2802255343685,413.00713014075683)
(648.4032340382672,413.01540702176203)
(648.5362603765013,413.02591460461474)
(648.6614614156773,413.0371042896666)
(648.7876896292988,413.0496354090537)
(648.924107138706,413.0645558699733)
(649.05241362409,413.0797390749133)
(649.1816777984366,413.0961401424427)
(649.3212548129047,413.1150673728077)
(649.4524177822457,413.1338704203151)
(649.5844339473769,413.15377343748384)
(649.7172610960095,413.17473936037567)
(649.8508525729717,413.1967316808513)
(649.9851571910458,413.2197143855961)
(650.1201191787815,413.2436518784732)
(650.2556781673686,413.26850888777227)
(650.3917692185593,413.2942503602755)
(650.5283424478462,413.3207823645932)
(650.665325087953,413.3480713931528)
(650.8026411543741,413.376083604114)
(650.9500659966865,413.4068895939234)
(651.0878280822538,413.4362935271316)
(651.2256711135459,413.46631412929776)
(651.363508347825,413.4969159787064)
(651.5012513948253,413.5280632453701)
(651.6388107577749,413.5597197155583)
(651.7760964300318,413.5918488377244)
(651.9130185351461,413.6244137923868)
(652.0592079898622,413.6597647793855)
(652.2047763340139,413.6955299669885)
(652.3400013226609,413.72923001563004)
(652.4840648335357,413.7656638949801)
(652.6177187731233,413.7999126545138)
(652.7599175421385,413.83684951163747)
(652.8916824668981,413.8714955199795)
(653.0316990722174,413.9087779515405)
(653.1704839747397,413.9461833186502)
(653.2988800186735,413.98116778819417)
(653.4350992841346,414.01870607510057)
(653.5610119856499,414.05375965981807)
(653.685665836596,414.0888081365985)
(653.8090330163005,414.12383101696696)
(653.9397203735732,414.1613093991849)
(654.0603678468284,414.1962293223452)
(654.1796761952354,414.2310769209009)
(654.297638223436,414.2658423895638)
(654.4142508760818,414.3005184667429)
(654.529514829973,414.33510031509053)
(654.6434340869987,414.369585360128)
(654.7639671836456,414.4064269616124)
(654.8751367471549,414.4407164613107)
(654.9849901848987,414.4749129607219)
(655.0935412624389,414.5090207048718)
(655.200805388122,414.54304488038593)
(655.3067994040706,414.57699129499196)
(655.4115414241181,414.61086605164553)
(655.5150507175567,414.64467522373866)
(655.6173476357944,414.6784245377348)
(655.718453577429,414.7121190693277)
(655.8182484576863,414.74571036542164)
(655.916775059203,414.7791986458263)
(656.0140823522411,414.81258076016934)
(656.1102246019575,414.84585025917164)
(656.2052605063885,414.8789975141355)
(656.3059022967485,414.914360595389)
(656.3988599357591,414.9472143073454)
(656.4909101287427,414.97989799250115)
(656.5885890455455,415.01469960108733)
(656.6854060906595,415.049256248516)
(656.7814454323851,415.08353740611886)
(656.876790148868,415.1175107713718)
(656.9652293971743,415.1489208836556)
(657.0531842395701,415.18000482826176)
(657.1407170861042,415.2107343051242)
(657.2278876040203,415.24108077953485)
(657.3147523641014,415.2710157221444)
(657.4075482658299,415.3025842212187)
(657.500130280247,415.3336135743777)
(657.5863873206282,415.3620752820046)
(657.6725326635609,415.39001151389755)
(657.7647611889344,415.4193104561021)
(657.8569587876547,415.44794624543243)
(657.9429992111124,415.4740701827262)
(658.0290533252021,415.4995688099333)
(658.1151416295377,415.5244206417604)
(658.201280927023,415.54860520231915)
(658.2874845251794,415.57210298983085)
(658.3737624717414,415.59489542436035)
(658.4663103214675,415.6184852420356)
(658.5527734531962,415.63976120249515)
(658.6455257358577,415.6616866734067)
(658.7383898006545,415.6827226823318)
(658.8251457248545,415.701566010822)
(658.9182026079251,415.7208302621302)
(659.0051294351314,415.7379898698137)
(659.092124782615,415.75431495505165)
(659.1791830370393,415.76979149732557)
(659.2725382554521,415.7853820771327)
(659.3597202001772,415.79905594506687)
(659.4469471895495,415.81183861185025)
(659.5342142757294,415.82371624624955)
(659.621517014494,415.83467507230563)
(659.7088515026603,415.84470141831554)
(659.796214362307,415.8537817903192)
(659.8836026707755,415.8619029704096)
(659.9710138365072,415.869052139728)
(660.0584454218913,415.875217025525)
(660.1458949153943,415.8803860712067)
(660.2396209950069,415.88476693300686)
(660.3333721014467,415.8879788320124)
(660.4271416613218,415.8900120341116)
(660.52092113469,415.89085897929016)
(660.6146994202977,415.89051464457265)
(660.7022020363546,415.8891549549894)
(660.7896671215565,415.88675756937334)
(660.8770776321838,415.8833258377584)
(660.9644128044439,415.87886610752946)
(661.0516477529179,415.87338797619316)
(661.1449745924078,415.86636435735926)
(661.2381187097922,415.8582078660415)
(661.3248429961579,415.84963079078176)
(661.4174761033992,415.83936427899744)
(661.5097593187897,415.82805820125105)
(661.6016212285742,415.81575555497596)
(661.6929831925083,415.80250520943935)
(661.7837595549133,415.7883619442744)
(661.8738580076628,415.77338642593014)
(661.9631801089715,415.75764511862013)
(662.0516219578204,415.74121012679797)
(662.1390750192921,415.7241589666255)
(662.2197378772019,415.70777449963197)
(662.2993481634463,415.6909904897875)
(662.3778121175534,415.67388077041113)
(662.4550356910844,415.6565221395824)
(662.5309254874112,415.6389939503727)
(662.6053897218667,415.62137765363946)
(662.6783391819313,415.6037562962774)
(662.7496881669936,415.586213979168)
(662.8193553882397,415.56883528055783)
(662.8872648114927,415.55170465213024)
(662.9533464293702,415.5349057964952)
(663.0175369538723,415.5185210360558)
(663.0840767878275,415.50154365956)
(663.1483226128752,415.4852389014855)
(663.2102271889155,415.4696972450118)
(663.2659338274894,415.4559219289012)
(663.3195494282495,415.4429422451071)
(663.3745836184971,415.4300281669034)
(663.4272072529952,415.41817358522394)
(663.4774345473805,415.407437731539)
(663.5252940584325,415.397871851408)
(663.5708294279889,415.38951879998984)
(663.6113517181648,415.38280152796705)
(663.6499570335784,415.37718476284874)
(663.6892112812892,415.37245425422424)
(663.7240994973982,415.36916046226173)
(663.7573408954437,415.366986637833)
(663.7890519351505,415.3659232762505)
(663.8196781015454,415.36597930786667)
(663.8494300300665,415.3671238370924)
(663.878558605711,415.36931465687223)
(663.9073465654275,415.3724966762279)
(663.9360999876925,415.37660081728603)
(663.9651399406515,415.381543425424)
(663.9947945326412,415.3872262022012)
(664.0276874284832,415.39403220574013)
(664.0620948066138,415.4013980549256)
(664.0958218599374,415.40861504269924)
(664.1341794272116,415.4165612035908)
(664.1721652145269,415.4240001217556)
(664.2125767316696,415.4312967682793)
(664.2556279623575,415.4382822458838)
(664.3050328574416,415.44520206944486)
(664.3541383846672,415.45099511176204)
(664.4103685312582,415.45623148479336)
(664.4660822951147,415.46010703039826)
(664.5251047028707,415.46281077320936)
(664.5874886146668,415.4641891935392)
(664.6532652390571,415.4640964528736)
(664.7224461258551,415.4623953384995)
(664.7950252452072,415.45895802689915)
(664.8709810931155,415.45366667805513)
(664.9502787720194,415.4464138754837)
(665.0390413326032,415.43626698029163)
(665.1251209206279,415.42464753965623)
(665.2210043290592,415.40963308944595)
(665.3135903093184,415.39333008938803)
(665.4091965457468,415.3746860979857)
(665.5077453597326,415.35366032920064)
(665.609157039225,415.33022246942835)
(665.7210178550351,415.30230630458)
(665.8359830222373,415.27157507161945)
(665.9458912642947,415.2404519638755)
(666.0665619050382,415.20430383663904)
(666.1816307319446,415.16815590797205)
(666.299065409485,415.1296257661357)
(666.4188381035385,415.0887138164021)
(666.540881065964,415.04545901019077)
(666.665135113311,414.9999022529955)
(666.7915483035581,414.9520866637943)
(666.920074715048,414.9020578175017)
(667.0506733243304,414.8498639600592)
(667.1833069774314,414.7955561877207)
(667.3179414476216,414.73918858416215)
(667.4545445719388,414.68081831111994)
(667.5930854583828,414.6205056502491)
(667.7335337557344,414.5583139957209)
(667.88617870085,414.4895885081647)
(668.0304903235701,414.42370773459135)
(668.1766122724136,414.3561623637727)
(668.3245099218199,414.28702739836126)
(668.4849769106147,414.21120879531185)
(668.6364412110927,414.13901896315434)
(668.7895568929746,414.0654848906895)
(668.9442762806523,413.99068973813866)
(669.1005472999536,413.91471797920224)
(669.2583130339416,413.83765511438963)
(669.4175112846222,413.75958738774835)
(669.57807413873,413.680601512455)
(669.7399275363455,413.60078441050433)
(669.9029908417439,413.5202229714902)
(670.0671764166228,413.43900383520855)
(670.244275942804,413.3513230882733)
(670.4232681847016,413.2628256552167)
(670.6039244673531,413.1736413932849)
(670.7860074531865,413.08389568894324)
(670.9692705817885,412.9937091082123)
(671.1534575892969,412.90319707018574)
(671.3383021324934,412.8124695455235)
(671.5235275451741,412.72163078113493)
(671.7088467568502,412.63077905172617)
(671.8939624061651,412.54000643841914)
(672.0785671834507,412.44939863429715)
(672.2501433918184,412.36504402538753)
(672.4328450451775,412.2749753831347)
(672.6020922562724,412.19124044658986)
(672.7816523918293,412.10195680822125)
(672.9473962456061,412.01904882209226)
(673.1225424734306,411.9307463040518)
(673.2835906358958,411.84882586140264)
(673.4530500606229,411.7616504567628)
(673.608228768675,411.6808315177026)
(673.760165060283,411.60057323881284)
(673.9086119106598,411.5208865820377)
(674.0533375860258,411.44177777171126)
(674.2038908761502,411.3576777014697)
(674.3497021193194,411.2742335744395)
(674.4905738248736,411.1914369986425)
(674.6263478832692,411.1092752219438)
(674.7569099571343,411.0277318200574)
(674.8821933203959,410.9467874534922)
(675.0021819617086,410.86642067270196)
(675.1095769596822,410.7919052600979)
(675.2194675164061,410.712599695161)
(675.3243239582768,410.6338035155151)
(675.4243405740752,410.55549465166274)
(675.5197620890829,410.47765249291075)
(675.6050524097785,410.4054017189681)
(675.6924405691561,410.32842172627136)
(675.7762021171189,410.2518584536081)
(675.856735139971,410.1756989427451)
(675.9294298557267,410.1049694787489)
(676.0000096669138,410.03458331999553)
(676.0688360793118,409.9645310086473)
(676.1362721952715,409.8948023466576)
(676.2026774648241,409.8253855684379)
(676.2684026754047,409.7562664387253)
(676.3337852755557,409.6874273097448)
(676.4038389291921,409.61395796720376)
(676.4695175944568,409.5456148835771)
(676.535763367986,409.477466280223)
(676.6028203626132,409.4094715112566)
(676.6709026492186,409.34158259404944)
(676.7401924434554,409.2737439041388)
(676.8160089346965,409.20103816576204)
(676.8968656125123,409.1268433243434)
(676.9764882196163,409.05636757779655)
(677.0600313292472,408.9847111077166)
(677.153752350469,408.90661321972425)
(677.2513460463078,408.82720084273535)
(677.3524557571302,408.74646145932604)
(677.4567096280874,408.66436451931276)
(677.5564167024847,408.58651906831955)
(677.6656434638363,408.5016586879859)
(677.7768735168086,408.4152806565281)
(677.8897125104922,408.32731819963607)
(677.9960898444791,408.2437836368891)
(678.1109282701548,408.1525727682867)
(678.2262584642372,408.05959710915255)
(678.3417250126213,407.9648125956069)
(678.4569915075652,407.8681897082689)
(678.5717436872776,407.7697165619993)
(678.685692151937,407.66940166776874)
(678.7985745743609,407.56727632634323)
(678.9101573308103,407.46339662292877)
(679.0129922240483,407.36499072300626)
(679.1215047249326,407.25798429093936)
(679.2282031389941,407.14954256739884)
(679.332969708025,407.0398302493113)
(679.4357134754586,406.92904034041675)
(679.5363678428367,406.81739360931476)
(679.6348875357544,406.70513767575443)
(679.7312450706668,406.59254575529013)
(679.8192856972101,406.4874333830278)
(679.9114339378851,406.37506997938794)
(680.001402330836,406.26330175522213)
(680.0891935290231,406.1524847595029)
(680.1748076246868,406.04299028201615)
(680.2582384449249,405.9352019608757)
(680.3394703612556,405.8295126027181)
(680.4184757639948,405.7263206905556)
(680.4952133386953,405.62602655234025)
(680.5696272624821,405.52902816720473)
(680.6416474123357,405.43571659725825)
(680.7111906447534,405.34647105135804)
(680.7781631665097,405.261653613331)
(680.8424639697055,405.1816036996247)
(680.9039892519203,405.10663234820635)
(680.9626376860471,405.0370164785479)
(681.0183163473654,404.97299329770885)
(681.0709470517564,404.91475505535243)
(681.1204728136694,404.8624443665662)
(681.1639716059605,404.81887228765504)
(681.2047453242901,404.7805802335626)
(681.2453301046463,404.745585235103)
(681.2828911352858,404.71654592423664)
(681.3154249596112,404.6945235054082)
(681.3455673755224,404.67742968947385)
(681.373483622499,404.66507187004635)
(681.4010593405195,404.6569927261408)
(681.4265837920675,404.6537478955457)
(681.4489008878527,404.6546220052534)
(681.4699904164021,404.6590772078311)
(681.4901472251328,404.6667720654889)
(681.5096777521698,404.67734990148193)
(681.5288947719081,404.69044338895384)
(681.5629948932404,404.7103367245917)
(681.6155588121759,404.7385007136257)
(681.6830232335842,404.77252431217113)
(681.7580007916674,404.80855777412523)
(681.8440972773171,404.8481160662802)
(681.9480990567577,404.89370061351815)
(682.0628021824562,404.9416290463493)
(682.1871837516937,404.99108642343344)
(682.3202558359894,405.0413020226207)
(682.4512013772211,405.0882105132408)
(682.5881526899823,405.1346085820768)
(682.7304016872237,405.17998250228834)
(682.8881146714236,405.22686282784815)
(683.0503375794987,405.2714735208156)
(683.216318788842,405.31333157764453)
(683.3853477484591,405.3520065357712)
(683.5451793670135,405.3850122352572)
(683.7182152288607,405.41650871679366)
(683.8807525006821,405.4423073271605)
(684.0555662450774,405.4655945421781)
(684.2188447867078,405.4833929651465)
(684.3818381350044,405.4971496897964)
(684.5557104067174,405.5071607035499)
(684.7283792612993,405.51240691462175)
(684.8994335009552,405.5128961912142)
(685.057342121635,405.5092587517599)
(685.2258365792211,405.4916077366623)
(685.4042478650468,405.4605196517872)
(685.5919605694836,405.41660496123194)
(685.788408748659,405.36050535077464)
(686.0083226199932,405.287175762357)
(686.2212776746351,405.2079666385852)
(686.4414955161599,405.1187025561394)
(686.6853192630729,405.0123531266744)
(686.9193426225686,404.9045583952002)
(687.1594732512112,404.7889688820064)
(687.4053876228855,404.66632435615287)
(687.6567834070112,404.5373596081775)
(687.9321101214837,404.39276207890333)
(688.213083747117,404.242624011037)
(688.4799706299649,404.09841635081847)
(688.7709918460374,403.94000645299104)
(689.0467837993094,403.78946319091716)
(689.3468341746835,403.62580656460875)
(689.6306326918793,403.4716596319116)
(689.9179972389514,403.3167004910267)
(690.229791416173,403.15039284078887)
(690.5452872220351,402.9844712753884)
(690.8642966076665,402.8195702697653)
(691.1649375068305,402.667072238064)
(691.4683470825925,402.51644824114504)
(691.7744057409232,402.36813866281756)
(692.0830044043445,402.2225596110159)
(692.4164615866812,402.07017337467255)
(692.7300344603651,401.93145940567587)
(693.0458760027823,401.79659746441956)
(693.3639184126841,401.6658997514587)
(693.6841031184406,401.5396508273133)
(694.0063801764978,401.41810647371125)
(694.3307075334369,401.3014924411292)
(694.6805302343638,401.1824424175312)
(695.0326456497314,401.0694815409017)
(695.3632434196631,400.96947689574955)
(695.6957778412866,400.87498466399757)
(696.0302309137088,400.78605471918075)
(696.3907733611176,400.6971821628485)
(696.7291598804147,400.6197735710212)
(697.0694055400824,400.54783118848655)
(697.4114848066151,400.4812380781965)
(697.7553656942821,400.4198296104093)
(698.1258490047327,400.35974498091485)
(698.4983033093671,400.305012250063)
(698.8726332925683,400.2551505082082)
(699.2234981257687,400.212249663349)
(699.6009019804005,400.1694270934922)
(699.9536718075556,400.12997951784496)
(700.2977851295793,400.08231644903486)
