Person 65
Starting Position = (439.39811559258715,150.95484937216173)
(442.5939454372074,154.00851974428844)
(445.1892285939725,156.4884809797111)
(447.652808958741,158.84257490396251)
(450.16686672374277,161.2447379969087)
(452.65391943155566,163.6208851885862)
(455.11232303828797,165.96941053670116)
(457.54163217676944,168.28986153488262)
(459.98499641007515,170.62341318588923)
(462.4136097604986,172.94253256488494)
(464.8854499964688,175.30744590075693)
(467.2525032444506,177.57314601472055)
(469.64693100315907,179.86487371187562)
(472.01257201830214,182.1285449798056)
(474.3928021939684,184.40548801108295)
(476.8740909683334,186.778192986955)
(479.25545860206296,189.0547012400413)
(481.82406380222903,191.50921501403658)
(484.98544331903247,194.52843567857897)
(487.41318680222673,196.84663529709897)
(489.79674137628643,199.12207322426588)
(492.4823140138662,201.68497369269522)
(494.8378107789155,203.9322472356745)
(497.149887597824,206.13746979979334)
(499.43321418834853,208.31465445871024)
(501.70228006585074,210.47763796295945)
(504.2879493085993,212.94190604394552)
(506.80255943617857,215.3378040315382)
(509.11616697706654,217.54147089926158)
(511.38648114209593,219.70327428241728)
(513.6280467624595,221.83712875799458)
(515.8696735353518,223.97052067423996)
(518.1114516046592,226.10356568894676)
(520.3534109656474,228.23631263537362)
(522.5955599306236,230.368785400544)
(524.8378996989068,232.50099861325845)
(527.0517103409143,234.60560959408386)
(529.2656532938507,236.70991337448677)
(531.4654094289073,238.8002936991665)
(533.9671756947912,241.17800583614763)
(536.282801708946,243.37813133986276)
(538.483569560046,245.4683663022865)
(540.641220305106,247.51701469370107)
(543.0287709438995,249.78410355380652)
(545.1727485090049,251.81901008665122)
(547.2736309871613,253.8122978031008)
(549.3602541973526,255.7914756446462)
(551.4327314472926,257.7567020807514)
(553.4911204944912,259.7080457668488)
(555.5641568965357,261.6728280186343)
(557.6375640574785,263.6374911633714)
(559.7257137155983,265.61567718312574)
(561.7281700095888,267.5119228505124)
(563.7309097590238,269.4078157880521)
(565.7340073190943,271.3034829062109)
(567.7662060624247,273.2262492250771)
(569.7127125590741,275.06715112690387)
(571.6882115242443,276.9349489973803)
(573.6353535648396,278.7753327488952)
(575.5684270719343,280.6018542267938)
(577.4730350242157,282.40090155293706)
(579.3778142373733,284.1996712727983)
(581.2683644833954,285.9846081124968)
(583.216362392229,287.8237867230558)
(585.5090424476386,289.9906942195497)
(587.457193106552,291.8308502002471)
(589.2757247623867,293.5475680890945)
(591.0936179942671,295.2633440887927)
(593.0971121629607,297.1555778856178)
(595.056774323455,299.0070920116269)
(596.8864951762698,300.73577364857147)
(598.6577188492181,302.40927184935924)
(600.3846523614127,304.04120408537324)
(602.0957377864148,305.658758206975)
(603.8193276430746,307.28914374104386)
(605.6263756543563,309.00036060129025)
(607.3173882688387,310.6024382305153)
(609.0060257411213,312.20327544344286)
(610.6920579951235,313.8027902536217)
(612.3610572996349,315.38721434083084)
(613.9986313247991,316.94265527502546)
(615.6186112443737,318.4821624479164)
(617.2487095490515,320.0321845599625)
(618.8041913959277,321.51145595318434)
(620.3546815941804,322.98628895687244)
(621.8993466204441,324.45587548529926)
(623.4233382882339,325.9058481530465)
(625.0357390360903,327.4406437717019)
(626.5967031847217,328.9260041002928)
(628.0778538480953,330.3337792557899)
(629.5053357956393,331.6880877350589)
(630.9043412426074,333.0119318605574)
(632.2987819666697,334.3262890837671)
(633.7750324617472,335.70919395502153)
(635.4123268760221,337.2237572200984)
(636.7295250186644,338.40944766633703)
(637.993354850674,339.4993743810744)
(639.241393044504,340.51093898193005)
(640.4366279235593,341.36766857067016)
(641.7745612393032,342.2218119908281)
(643.1062507284994,343.0343455274003)
(644.026588678486,343.5971095347231)
(644.8546849516337,344.12412565794057)
(645.6325179841401,344.64103740042475)
(646.3781343841391,345.17357660459976)
(647.1323907816696,345.71523315257224)
(647.921984822099,346.26039699093684)
(648.7820588943604,346.81974098345097)
(649.6850754335115,347.3695118049823)
(650.6106210329921,347.89763136914155)
(651.5360683943771,348.39525163092975)
(652.4632396553848,348.8690651389253)
(653.3468664759239,349.3033614276885)
(654.1706930557547,349.6972060855116)
(654.9732928413899,350.07256660967874)
(655.7423668451474,350.42572189408077)
(656.481730924652,350.76172511952035)
(657.2445296489478,351.1094847646539)
(658.0520466489629,351.48320842377217)
(658.8920842172862,351.87716358925235)
(659.7470810943439,352.2783242313001)
(660.630982737529,352.68568183256014)
(661.5669180338749,353.09751599100167)
(662.5328120073897,353.4869610428795)
(663.5087777411294,353.82810509375906)
(664.5030384501953,354.10923554828724)
(665.4743577015839,354.32817073293313)
(666.4144987703796,354.50691925513206)
(667.3746995115159,354.67675583825695)
(668.4516210173018,354.8671667288709)
(669.4768015947108,355.0423939613648)
(671.1700368173936,355.20330815673714)
(672.4809915612359,355.2058775593927)
(673.3850084656101,355.14495552620457)
(674.1581639997597,355.0666990365902)
(674.8341547577975,355.0144768021466)
(675.4520751225007,355.02075791634894)
(676.0325864108939,355.1086419170387)
(676.6431375467728,355.2975997024877)
(677.1004191165002,355.4612283991017)
(677.483661348043,355.58289391682166)
(677.830097427643,355.6323739896806)
(678.0753760445552,355.598836830663)
(678.2683281720263,355.49449925380264)
(678.4233643709148,355.342626133092)
(678.5623377994947,355.1632166419763)
(678.6967393190051,354.98623787832616)
(678.8450763207362,354.8205718697619)
(679.0202782130897,354.67589015207574)
(679.2225168243535,354.5621373451152)
(679.459652171885,354.4844825524053)
(679.7309005638483,354.45400640074007)
(680.0334663584473,354.47970358321925)
(680.3633413392462,354.56460834616064)
(680.7160499582094,354.71016014218725)
(681.0928064898276,354.912061705026)
(681.4951346235906,355.16293983161205)
(681.9231974298789,355.4541776998201)
(682.3832528152635,355.7840526563979)
(682.8634730486898,356.13936670529733)
(683.3655979236581,356.5179675017198)
(683.8905845025128,356.9157087519716)
(684.8861002550746,357.67241017443763)
(685.405137123609,357.98449168945876)
(685.900379829383,358.1884202154651)
(686.3871465463345,358.29436127448446)
(686.8757769600865,358.3174865658379)
(687.3600913465572,358.27995665832964)
(687.8584354659429,358.2037856965387)
(688.4008322806735,358.10818592279384)
(688.9879575465588,358.02244566517663)
(689.6479948949212,357.9826095587693)
(690.3701539174664,358.0579223986827)
(691.0660071777937,358.25116498268295)
(691.7657051473369,358.57300319445517)
(692.4336629558146,359.0027368814208)
(693.0257232813974,359.4942051905569)
(693.5125685678235,359.99517450326954)
(693.9002148971088,360.48252724958735)
(694.178559300112,360.89503502749346)
(694.3780451677177,361.23500153250063)
(694.5189034110205,361.49801750720815)
(694.6210810143452,361.69659373420853)
(694.7129005193864,361.8794468458834)
(694.7688343528421,362.016834383037)
(694.7782626093284,362.1095377956921)
(694.7504363829142,362.180370313171)
(694.703088278773,362.23836445471085)
(694.6436406358649,362.3047649966349)
(694.5903993941415,362.38955285237796)
(694.5568289704429,362.508994183954)
(694.5554464368131,362.68053879749806)
(694.5970492753432,362.92063910314664)
(694.6939512441529,363.2487002745292)
(694.8859144820372,363.72456330863014)
(695.1054220824375,364.1706763677425)
(695.379937501882,364.6273302295238)
(695.6270737533742,364.9978015580002)
(695.8372007210277,365.3000357670152)
(695.9858322532416,365.5335357520908)
(696.0649053930684,365.7096961559474)
(696.0771902262132,365.8384157556952)
(696.0390471484809,365.9152001516457)
(695.9756974192868,365.940180817049)
(695.9130094418892,365.91463780399107)
(695.8700066989489,365.84893023356364)
(695.8643439823563,365.7667414632086)
(695.8724363036788,365.7485937235881)
(695.8779384231411,365.8166225202971)
(695.8674254251781,365.9931280283914)
(695.8324545503704,366.27576039420916)
(695.773170306138,366.6407379222298)
(695.6917263450525,367.0823515234036)
(695.6007291165158,367.5534049971997)
(695.5151386873669,368.0410298164585)
(695.4881152572788,368.6697603872879)
(695.5150957385013,369.3625388114032)
(695.5931296728126,370.12222221416187)
(695.7140455268907,370.9095355556187)
(695.8704475867269,371.71884460034397)
(696.0165406529552,372.4109864283035)
(696.1522276518273,373.05045901951297)
(696.2799068960073,373.6916191655699)
(696.4015871145209,374.31535401080964)
(696.5248353400339,374.8873117757187)
(696.6617115959998,375.4109634983955)
(696.823882194291,375.8916143343792)
(697.0086779896355,376.2751894101071)
(697.2186624612305,376.59606651909047)
(697.4256997250901,376.8455186724331)
(697.6001310834486,377.02635637844736)
(697.7281589116849,377.15369288723736)
(697.7917487438722,377.23128613798673)
(697.7887250983363,377.2661842651408)
(697.7278208602905,377.26381243538873)
(697.6277177357935,377.2702437799283)
(697.5215272540082,377.276383803893)
(697.4148149099007,377.2745397234611)
(697.3099017346588,377.2572334975274)
(697.2099235377585,377.22322686722293)
(697.1015687838718,377.17265739606654)
(696.9826312887578,377.1150075229473)
(696.8401765211768,377.0559002672623)
(696.6657770480946,377.003056505219)
(696.477004001735,376.96679473375553)
(696.2718746758073,376.949219364926)
(696.0807814554909,376.9516151348741)
(695.894823582873,377.0095937252133)
(695.7379916146547,377.1291133716644)
(695.6007027418904,377.3382073075399)
(695.4963968052417,377.6407992511135)
(695.4596976981452,378.12923862131174)
(695.4833416422141,378.71218150473794)
(695.5610347805372,379.3735251419756)
(695.6864923932021,380.0744666729635)
(695.8513671053715,380.7791465138149)
(696.0445279533487,381.4547095294214)
(696.2514264384879,382.0724370437442)
(696.4543062099843,382.6104690718064)
(696.641680516104,383.0676589708379)
(696.8242068785332,383.50247673761123)
(696.9444963924886,383.81485627091286)
(697.0246234149016,384.06964026616424)
(697.0862159436157,384.316787014356)
(697.1869980275183,384.7364048796229)
(697.341144043012,385.28004793043357)
(697.5630513648284,385.9241444278776)
(697.8834125772815,386.68782383440805)
(698.3051633196404,387.53085132384416)
(698.8487515194875,388.4627300239381)
(699.5373910322412,389.49974625773933)
(700.2721597028103,390.51178752055426)
