 0.5 182.0636
0.6 148.699
0.7 117.8058
0.8 102.9772
0.9 93.2826
1 86.62774
1.1 80.73408
1.2 72.90782
1.3 70.02446
1.4 69.45342
1.5 69.12577
1.6 68.89099
1.7 69.70621
1.8 70.36304
1.9 70.97865
2 71.37285
2.1 71.85333
2.2 73.87168
2.3 74.02605
2.4 75.67902
2.5 77.48636
2.6 78.10602
2.7 79.31093
2.8 81.5322
2.9 84.46931
3 87.15512
3.1 86.35184
3.2 85.54856
3.3 83.56047
3.4 85.8498
3.6 86.61291
3.7 86.61291
3.8 88.90223
3.9 93.44195
4 96.94602
4.1 100.0608
4.2 100.4222
4.3 101.2288
4.4 101.0608
4.5 101.2821
4.6 101.1141
4.7 100.5034
4.8 100.7226
4.9 102.3969
5 104.6335
5.1 108.4963
5.2 111.2217
5.3 112.3897
5.4 112.779
5.5 113.1853
5.6 113.5577
5.7 114.3364
5.8 113.3339
5.9 113.2289
6 113.1683
6.1 115.3004
6.2 116.0617
6.3 115.9511
6.4 117.2737
6.5 117.6013
6.6 117.2037
6.8 117.6013
6.9 118.7939
7 119.3604
7.1 121.2163
7.2 121.5364
7.3 122.3659
7.4 122.8027
7.5 123.7298
7.6 123.609
7.7 121.1932
7.8 121.6658
7.9 122.0684
8 122.2245
8.1 122.4711
8.2 122.5054
8.3 122.7276
8.4 122.8135
8.5 122.9711
8.6 123.2763
8.7 123.3716
8.8 123.679
8.9 125.2195
9 125.6221
9.1 124.0116
9.2 122.8037


