0.5 67.20468
0.6 54.88889
0.7 43.48538
0.8 38.01171
0.9 35.36508
1 32.84211
1.1 29.80117
1.2 26.91228
1.3 25.84795
1.4 25.08772
1.5 24.78362
1.6 24.69696
1.7 24.63158
1.8 24.28795
1.9 24.73497
2  25.50319
2.1 26.52304
2.2 27.26807
2.3 27.32505
2.4 27.56608
2.5 27.86409
2.6 27.86409
2.7 28.31111
2.8 30.24819
2.9 31.33784
3 32.33427
3.1 32.03626
3.2 31.73824
3.3 31.00067
3.4 31.85
3.6 32.13311
3.7 32.13311
3.8 32.98244
3.9 34.66667
4 35.96667
4.1 37.12222
4.2 37.2563
4.3 37.55556
4.4 37.12222
4.5 36.83333
4.6 36.4
4.7 36.54444
4.8 37.36778
4.9 37.98891
5.1 38.86694
5.2 41.31111
5.3 41.74444
5.4 41.88889
5.5 42.03961
5.6 42.17778
5.7 42.46667 
5.8 42.46667
5.9 42.4268
6 42.40432
6.1 43.1953
6.2 43.10674
6.3 43.06573
6.4 43.50819
6.5 43.65567
6.6 43.50819
6.8 43.65567
6.9 44.09813
7 44.3083
7.1 44.42722
7.2 44.54447
7.3 44.84831
7.4 44.98269
7.5 45.32226
7.6 45.27801
7.7 44.3931
7.8 44.54058
7.9 44.68807
8 44.74524
8.1 44.83555
8.2 44.84814
8.3 44.92951
8.4 44.96098
8.5 45.01874
8.6 45.13053
8.7 45.16541
8.8 45.27801
8.9 45.86795
9 46.01544
9.1 45.4255
9.2 44.98304


