0.5 308.9437
0.6 252.3273
0.7 199.9047
0.8 174.872
0.9 158.4212
1 147.1286
1.1 137.1277
1.2 123.8473
1.3 118.9545
1.4 117.9855
1.5 117.4295
1.6 117.0311
1.7 118.4145
1.8 119.399
1.9 120.4437
2 121.1126
2.1 121.6979
2.2 125.1229
2.3 125.3848
2.4 128.1897
2.5 131.2566
2.6 132.3081
2.7 134.3527
2.8 138.122
2.9 143.106
3 147.6635
3.1 146.3004
3.2 144.9374
3.3 141.7465
3.4 145.8612
3.6 147.1562
3.7 147.1562
3.8 151.0409
3.9 158.7444
4 164.6904
4.1 169.9758
4.2 170.5891
4.3 171.9578
4.4 171.6727
4.5 172.0483
4.6 171.7632
4.7 173.7269
4.8 174.099
4.9 173.9399
5 174.7354
5.1 175.1073
5.2 177.5047
5.3 179.229
5.4 179.5919
5.5 180.224
5.6 181.2939
5.7 182.3863
5.8 183.3385
5.9 184.9239
6 184.8383
6.1 184.2939
6.2 184.7113
6.3 183.5407
6.4 183.911
6.5 184.4163
6.6 183.8031
6.8 184.4163
6.9 186.2561
7 187.13
7.1 186.663
7.2 187.1568
7.3 188.4364
7.4 189.1103
7.5 190.5403
7.6 190.5607
7.7 186.834
7.8 187.5631
7.9 188.3072
8 188.6504
8.1 189.0308
8.2 189.0838
8.3 189.4265
8.4 189.559
8.5 189.8022
8.6 190.273


