Person 91
Starting Actual Velocity = [ 0.26154512 -1.17071885]
[  4.11329114 -18.4114863 ]
[  4.30585293 -19.21299337]
[  4.36604272 -19.41114272]
[  4.39850293 -19.46977027]
[  4.42399424 -19.48208438]
[  4.45001005 -19.48000031]
[  4.47904296 -19.47267413]
[  4.51276892 -19.46254578]
[  4.55172252 -19.45032619]
[  4.59793931 -19.43566638]
[  4.64938798 -19.41930356]
[  4.70903289 -19.40032723]
[  4.77635218 -19.37890967]
[  4.85303656 -19.35450912]
[  4.94287843 -19.32590526]
[  5.03943597 -19.29512696]
[  5.15391576 -19.25854692]
[  5.30777576 -19.20918886]
[  5.43822395 -19.16715127]
[  5.57144418 -19.12366619]
[  5.72397331 -19.07287076]
[  5.85727596 -19.02705239]
[  5.98331598 -18.98167652]
[  6.09861791 -18.93706597]
[  6.19975819 -18.89331843]
[  6.29434214 -18.84438772]
[  6.35885773 -18.79717784]
[  6.38572536 -18.75380684]
[  6.37350487 -18.7110638 ]
[  6.31643224 -18.66755671]
[  6.20833132 -18.62098807]
[  6.04353936 -18.56891203]
[  5.81778008 -18.50827612]
[  5.52946228 -18.43535592]
[  5.18148039 -18.34567711]
[  4.78784476 -18.23542025]
[  4.35857799 -18.09819532]
[  3.91603116 -17.92879658]
[  3.41670309 -17.69186904]
[  2.99269291 -17.41659784]
[  2.61083684 -17.10101703]
[  2.24445602 -16.73500907]
[  1.56332463 -16.35213703]
[  0.93956124 -15.97256585]
[  0.52949265 -15.48505597]
[  0.23314    -14.89384918]
[ -0.13385766 -14.27693997]
[ -0.61998706 -13.7207484 ]
[ -1.0567836  -13.22896771]
[ -1.13403094 -12.68255426]
[ -0.73679825 -11.92648971]
[  1.71560098 -10.16760302]
[ 1.0981673  -9.95035324]
[ -0.55902963 -10.53597259]
[ -1.77519966 -11.23824204]
[ -1.93153371 -11.65095834]
[ -1.11193722 -11.68815512]
[  0.3001172 -11.2881053]
[  2.11333073 -10.11191715]
[ 3.71375408 -7.5572886 ]
[ 4.32283131 -5.09372676]
[ 3.97261389 -4.24063898]
[ 3.17569681 -5.32838576]
[ 2.57615888 -6.54885018]
[ 3.12049493 -6.75221275]
[ 4.01610469 -7.40499615]
[ 3.66002573 -6.80545514]
[ 1.31887793 -4.13339018]
[-2.03234217 -0.85607467]
[-2.33167911 -0.75540366]
[ 0.65381361 -4.5664933 ]
[ 3.37937309 -4.87271346]
[ 3.53874074 -4.11669644]
[ 1.93950727 -3.96368508]
[ 0.66948908 -2.3419011 ]
[0.17679308 0.63735489]
[-1.12416013  2.85117671]
[-1.1661638   6.02776951]
[-0.57580878  8.30443539]
[-2.02751677  2.01918678]
[-3.16590896 -5.1429882 ]
[ -1.37586163 -15.51173507]
[ -1.03242922 -17.32301483]
[ -1.6031176  -12.90594877]
[-1.88717673 -7.0596159 ]
[  4.42488546 -13.27437962]
[  9.61565562 -12.08095076]
[12.63841169 -8.00253208]
[12.42575552 -2.73798571]
[6.76499586 1.3725987 ]
[-2.01451482  3.92671345]
[-7.99905106  4.49861716]
[-10.69645496   1.07200495]
[-9.92858363 -8.36881712]
[ -2.91473704 -12.20556267]
[  2.94791208 -15.29831039]
[  4.28295894 -17.56758267]
[  4.55590695 -27.59943124]
[  8.91241451 -30.42350429]
[30.11212523  0.89427148]
