Person 91
Starting Actual Velocity = [ 1.08297032 -0.60686953]
[17.03184678 -9.54381385]
[17.79690816 -9.89474079]
[18.00418531 -9.93445839]
[18.08352056 -9.90399799]
[18.1202245  -9.85659715]
[18.14393656 -9.80882967]
[18.16335574 -9.76471941]
[18.1814834  -9.72410798]
[18.19896353 -9.6875098 ]
[18.21667602 -9.65340714]
[18.23361947 -9.62382666]
[18.25084897 -9.59591429]
[18.26799683 -9.57025547]
[18.28544216 -9.54600092]
[18.30391486 -9.52228775]
[18.32190073 -9.50123353]
[18.34177678 -9.47951754]
[18.36725262 -9.45550545]
[18.38706543 -9.44191369]
[18.40703535 -9.42596805]
[18.4303641  -9.40605234]
[18.45098584 -9.38819135]
[18.46741522 -9.36364202]
[18.48624581 -9.34096911]
[18.50615608 -9.31818032]
[18.53091073 -9.29275426]
[18.55515066 -9.26680644]
[18.57742639 -9.23986715]
[18.60008142 -9.21010697]
[18.62313357 -9.17656198]
[18.64700117 -9.13830544]
[18.6717067  -9.09436006]
[18.69734279 -9.04351156]
[18.72403084 -8.98423958]
[18.7519115  -8.91473955]
[18.78068408 -8.83352932]
[18.81097831 -8.73844264]
[18.84273038 -8.62779879]
[18.87940165 -8.49336417]
[18.91778244 -8.33711174]
[18.9571423  -8.16733847]
[18.99757004 -7.98670824]
[19.03676954 -7.79750851]
[19.08355161 -7.59847256]
[19.12842063 -7.41219023]
[19.17017371 -7.24493216]
[19.20668884 -7.10255147]
[19.23312719 -6.9900523 ]
[19.23968054 -6.91368388]
[19.21303599 -6.8700762 ]
[19.124303   -6.85867932]
[18.93756983 -6.86989535]
[18.59807708 -6.92179963]
[18.08920301 -7.0006552 ]
[17.41271575 -7.08772707]
[16.60615689 -7.06528611]
[15.50742337 -6.85121203]
[14.2928938  -6.49895015]
[13.35206108 -6.37547279]
[12.99145036 -6.76315829]
[12.94680361 -7.41708439]
[12.79281072 -7.87544077]
[12.1318481  -7.78033424]
[10.5199399  -7.07831922]
[ 9.44469069 -6.4678031 ]
[10.27149886 -6.69827794]
[11.90090635 -7.49226967]
[13.06362032 -8.9186353 ]
[ 11.40457687 -10.23990369]
[  7.61328335 -10.70252963]
[ 10.68759993 -14.53020709]
[ 13.77392773 -11.78511256]
[15.07826047 -7.66206607]
[12.37349533 -4.4052064 ]
[ 5.72813489 -0.5513904 ]
[7.05979612 1.706765  ]
[15.56758056  3.472764  ]
[22.74524452  3.58301332]
[21.96049974  3.50562861]
[19.20793585  4.39207343]
[30.39478735  9.63154097]
[36.07807177  6.82237221]
[34.16970724  2.93492153]
[ 2.99799198e+01 -2.63393402e-02]
[26.45816063  2.86857249]
