Person 91
Starting Actual Velocity = [ 1.19399159 -0.13555414]
[18.85838511 -2.11357589]
[19.6652214  -2.21166788]
[19.86428328 -2.23825386]
[19.92767661 -2.24754598]
[19.94461145 -2.25162129]
[19.94774137 -2.25419505]
[19.94656192 -2.25633679]
[19.94490904 -2.25818907]
[19.94223481 -2.26011261]
[19.94079827 -2.26179805]
[19.93573104 -2.2641065 ]
[19.93238607 -2.26610477]
[19.92805363 -2.26826267]
[19.92419166 -2.2703477 ]
[19.92240668 -2.27215191]
[19.91592152 -2.27471007]
[19.91512234 -2.27648637]
[19.93321907 -2.27568634]
[19.90727978 -2.2816158 ]
[19.89349909 -2.28564968]
[19.89250521 -2.28818795]
[19.87763277 -2.29274999]
[19.86636907 -2.29711372]
[19.78001856 -2.33882744]
[19.74023633 -2.35746781]
[19.72508019 -2.36799481]
[19.71043413 -2.37632411]
[19.69330291 -2.38547382]
[19.67917866 -2.39626958]
[19.6662342  -2.40988801]
[19.654154   -2.42751683]
[19.642109   -2.45055825]
[19.6297155  -2.48065035]
[19.61671654 -2.51975854]
[19.60287137 -2.57021367]
[19.58717489 -2.63400331]
[19.57056263 -2.71424447]
[19.55193528 -2.81339917]
[19.54134081 -2.94931799]
[19.51326081 -3.10720438]
[19.47968537 -3.28442701]
[19.4418755  -3.48203967]
[19.40469505 -3.72145987]
[19.34686776 -3.95466145]
[19.2848796  -4.18865444]
[19.21819507 -4.4169892 ]
[19.14683059 -4.63064672]
[19.07079953 -4.82227272]
[18.98820091 -4.98948181]
[18.88982058 -5.12950275]
[18.75511457 -5.24524968]
[18.55267492 -5.3431967 ]
[18.27384973 -5.43593972]
[17.9125207  -5.52951978]
[17.49703723 -5.60286456]
[17.03527509 -5.6194813 ]
[16.377503   -5.57214912]
[15.4284561  -5.49183409]
[14.23860819 -5.25562113]
[13.18196041 -4.62388476]
[12.58628991 -3.52782407]
[12.34344414 -2.37488003]
[12.31096045 -1.68094272]
[12.33802158 -2.01330664]
[11.68418017 -2.76812552]
[11.10855497 -3.69327313]
[10.83976079 -4.79871984]
[10.61127576 -6.65170647]
[ 9.6281863 -8.5430861]
[ 9.56657698 -9.64078088]
[10.65704425 -9.14184859]
[11.6603501  -4.71617178]
[ 9.46306884 -3.79399849]
[ 4.96122272 -5.88480674]
[ 6.1917113  -7.87761928]
[11.73531401 -3.51416028]
[16.2810858   1.80019649]
[17.61633861  4.62007572]
[15.75952229  6.10338872]
[12.85118146  4.94800057]
[14.133351    3.23249394]
[19.46216081  4.06746044]
[30.09554408  9.45613935]
[34.98196116 12.84216473]
[33.97117006 12.43896186]
[28.87200965  8.24885993]
[30.46068049 20.63699528]
[26.82891842 24.41215103]
