Person 91
Starting Actual Velocity = [0.95014481 0.7344499 ]
[14.94223374 11.54932286]
[15.59237429 12.0591433 ]
[15.75321136 12.19112705]
[15.80136375 12.2365006 ]
[15.81237901 12.25379627]
[15.81219384 12.26310882]
[15.808286   12.27028672]
[15.80284044 12.27709592]
[15.79640124 12.28414882]
[15.78269813 12.30086009]
[15.77248367 12.31242788]
[15.7630703  12.32240426]
[15.75342088 12.33229097]
[15.74313858 12.34240417]
[15.73193888 12.35278285]
[15.71925909 12.3647122 ]
[15.70580682 12.3760978 ]
[15.69255303 12.38435489]
[15.67033072 12.40573272]
[15.65015496 12.4232701 ]
[15.63097949 12.43661268]
[15.60683243 12.4568098 ]
[15.58297633 12.47540714]
[15.55846866 12.49357899]
[15.5329679  12.51167366]
[15.50914884 12.52380211]
[15.47865406 12.54325154]
[15.44431583 12.56744653]
[15.41081275 12.58938089]
[15.37724376 12.61011125]
[15.34353126 12.6295033 ]
[15.30915572 12.64822325]
[15.27398563 12.6664479 ]
[15.23804598 12.68416044]
[15.20142714 12.70126604]
[15.16343956 12.71889224]
[15.12576616 12.73481372]
[15.08760713 12.75012443]
[15.06404071 12.74511504]
[15.01865112 12.76373017]
[14.97197726 12.78379171]
[14.92928213 12.7990217 ]
[14.90578554 12.7909859 ]
[14.85741965 12.8091226 ]
[14.81546794 12.82044125]
[14.7790097  12.82558694]
[14.74582029 12.82682658]
[14.71503884 12.82509201]
[14.6889168  12.81812509]
[14.66473932 12.80871489]
[14.64428991 12.79532035]
[14.6162676  12.78872044]
[14.59592345 12.77535985]
[14.58082594 12.75747382]
[14.57365379 12.73298622]
[14.55657553 12.71666127]
[14.55233083 12.69067525]
[14.54771405 12.66527285]
[14.54674233 12.6376427 ]
[14.54684031 12.6097267 ]
[14.55362848 12.57777203]
[14.56271562 12.54477693]
[14.58751729 12.50244325]
[14.68846634 12.41734791]
[14.66844462 12.3985784 ]
[14.64820445 12.38122509]
[14.65156484 12.35176987]
[14.70977051 12.29435454]
[14.74256876 12.24763469]
[14.74394099 12.21403768]
[14.74504013 12.17879883]
[14.74738374 12.14030327]
[14.75476488 12.09570447]
[14.76947987 12.04234488]
[14.80481853 11.97160771]
[14.79232927 11.91104649]
[14.77879401 11.83826635]
[14.75288822 11.75286754]
[14.69766408 11.65619401]
[14.59948018 11.54873591]
[14.46049298 11.42375432]
[14.29269969 11.26852635]
[14.06392392 11.10451892]
[13.82948357 10.89843606]
[13.61456515 10.63864618]
[13.46175795 10.31451339]
[13.54908437  9.82947066]
[13.73174435  9.28012501]
[13.95419803  8.69593099]
[14.19897515  8.07020137]
[14.40424752  7.40782853]
[14.4688192   6.71965945]
[14.31162019  5.94964446]
[13.39977215  5.07505921]
[10.45150912  4.81689205]
[7.29550333 4.67607446]
[6.38865546 4.3600097 ]
[12.80498546  3.23038964]
[15.71899765  2.88216887]
[14.5321523  3.4895198]
[13.33974111  3.95941098]
[12.88937316  4.16393628]
[13.31380384  4.03813187]
[14.11403002  3.60684388]
[14.95607515  3.06868742]
[15.44982331  2.54318429]
[15.1906932   2.20531152]
[14.32717959  2.16490629]
[13.22547177  2.4624679 ]
[12.16286345  3.00003629]
[10.97007649  3.60916495]
[9.70820653 4.15352169]
[8.51085796 4.54113279]
[7.70368467 4.79087265]
[7.7963436  4.92212928]
[8.97614564 4.81822571]
[10.64478864  4.42184264]
[11.79416951  3.83553874]
[11.90297593  3.17230113]
[11.05274653  2.47238167]
[9.56793727 1.72543921]
[8.21559371 1.01294072]
[7.96731131 0.34702539]
[ 9.22327236 -0.29802108]
[12.73311736 -0.63412793]
[16.22000084 -0.5477143 ]
[18.34084409  0.10548673]
[17.87266609  1.43785358]
[14.39790533  3.51755906]
[5.90183822 4.7347172 ]
[2.70292223 3.06113683]
[4.89600464 2.30925536]
[7.24517047 4.2354311 ]
[9.12751664 7.61858299]
[10.47222032 11.07312991]
[13.35225592 15.37383883]
[15.52942193 17.36065627]
[17.66610027 16.13353469]
[18.72545331 14.60561371]
[18.66378087 13.03318077]
[17.99713912 10.76082003]
[16.34923571  7.90850514]
[13.50526232  5.488034  ]
[9.45239796 4.47234447]
[5.22966968 7.08402431]
[ 1.92052103 11.85964049]
[ 2.62574305 21.82099887]
[ 4.74841797 25.87534592]
[ 8.45918192 24.30680775]
[13.11476801 17.07699095]
[17.03148555  6.38546201]
[18.72149627 -3.07857855]
[18.04664093 -8.57091896]
