Person 91
Starting Actual Velocity = [ 1.03405412 -0.51685304]
[16.11513936 -8.81818017]
[16.82238839 -9.16020001]
[16.99646901 -9.2590764 ]
[17.04452863 -9.32462564]
[17.05276649 -9.36503046]
[17.04929547 -9.39518908]
[17.04224849 -9.42001744]
[17.03338564 -9.44704306]
[17.02424766 -9.469484  ]
[17.01397868 -9.49851933]
[17.00515083 -9.508229  ]
[16.99528769 -9.52694437]
[16.98554367 -9.54081284]
[16.97532661 -9.55775204]
[16.96408385 -9.58638731]
[16.95377818 -9.59239134]
[16.94195253 -9.62798761]
[16.92913144 -9.73852959]
[16.91674087 -9.67105376]
[16.90490041 -9.65202019]
[16.8929413  -9.69532448]
[16.87990628 -9.67293159]
[16.86724699 -9.6677794 ]
[16.85457667 -9.67023174]
[16.8417585  -9.67720134]
[16.83060463 -9.73356772]
[16.81633922 -9.74821015]
[16.80001168 -9.73448155]
[16.78435607 -9.73224801]
[16.76874057 -9.73616313]
[16.75305397 -9.74653208]
[16.73682587 -9.75972296]
[16.71976905 -9.77439303]
[16.70163404 -9.79010635]
[16.68214604 -9.80679731]
[16.6604281  -9.82011346]
[16.63710358 -9.83729504]
[16.61107708 -9.85464477]
[16.5908315 -9.9322041]
[16.55252023 -9.94122313]
[16.50825035 -9.94277727]
[16.45949697 -9.95556399]
[ 16.41493635 -10.03600723]
[ 16.3448852  -10.04114437]
[ 16.26963799 -10.06501372]
[ 16.18707781 -10.10840814]
[ 16.09464567 -10.16682965]
[ 15.99137011 -10.23932808]
[ 15.87910796 -10.33619065]
[ 15.75628113 -10.44878963]
[ 15.62180961 -10.58593718]
[ 15.46678155 -10.69285701]
[ 15.30786876 -10.82239402]
[ 15.14532887 -10.95954526]
[ 14.98557152 -11.10678378]
[ 14.80586759 -11.17750177]
[ 14.62309627 -11.24194371]
[ 14.39945205 -11.22385   ]
[ 14.13230782 -11.13450333]
[ 13.83740163 -10.99314846]
[ 13.55828867 -10.86269335]
[ 13.30238291 -10.73543274]
[ 13.07463431 -10.63218129]
[ 12.91853671 -10.70253325]
[12.26787953 -9.87832583]
[11.65378085 -9.08816746]
[11.32550569 -8.68660364]
[11.53525756 -8.96432372]
[11.73750692 -8.94759551]
[11.72547146 -8.24866576]
[10.37344377 -5.85355853]
[11.0238139  -5.47959165]
[12.39000594 -6.16346282]
[13.68715311 -6.90326159]
[14.72053699 -7.04155742]
[14.70018563 -5.50526809]
[13.90663693 -3.49537364]
[12.904981   -2.99541449]
[12.50889944 -4.57708761]
[12.76827242 -6.06452372]
[13.07359668 -6.19329489]
[14.86898616 -6.70301552]
[17.2070903  -6.98858083]
[18.84367056 -6.87798527]
[18.63680051 -6.80797911]
[18.90503435 -7.53926097]
[16.53155043 -6.33219799]
[16.16870697 -2.23819951]
[16.24917308  2.90451862]
[14.56475836  3.26338282]
[10.00683095 -1.51281808]
[ 4.4527146  -9.09872112]
[  2.67082835 -17.13349336]
[  8.43690704 -27.47442348]
[ 17.73763641 -25.97555403]
[ 26.58681407 -22.17030886]
[ 34.9187792  -16.45172972]
[ 44.06146284 -10.51102639]
