Person 91
Starting Actual Velocity = [ 1.18528259 -0.63894461]
[18.98012872 -9.90315933]
[ 19.56436418 -10.07436712]
[19.59539422 -9.95456361]
[19.53477363 -9.78782677]
[19.45483174 -9.63934464]
[19.38166604 -9.51669351]
[19.31944564 -9.41647823]
[19.2713039 -9.3307902]
[19.22981492 -9.25964455]
[19.20243965 -9.19489331]
[19.16507199 -9.14665836]
[19.14142903 -9.10098114]
[19.11802515 -9.06228175]
[19.10154751 -9.02644966]
[19.10045235 -8.98912884]
[19.07993667 -8.96341436]
[19.09333401 -8.92878069]
[19.91643565 -9.11701076]
[20.07682596 -9.15049215]
[20.14059731 -9.0995766 ]
[19.9755279  -9.10085129]
[19.84859882 -9.08807291]
[19.74896514 -9.07035863]
[19.67040915 -9.05077229]
[19.68334582 -9.00326012]
[19.63296279 -8.98489433]
[19.54805418 -8.98322246]
[19.49035615 -8.97533901]
[19.44876048 -8.96399483]
[19.42130462 -8.94967626]
[19.40174313 -8.93437006]
[19.38742968 -8.91894761]
[19.37714482 -8.90379277]
[19.37025307 -8.88908316]
[19.36142476 -8.87605339]
[19.35839516 -8.86266458]
[19.35667878 -8.84995222]
[19.41946763 -8.8265989 ]
[19.40738839 -8.82121438]
[19.39033757 -8.81716544]
[19.36256137 -8.78776124]
[19.40841567 -8.76932724]
[19.40118788 -8.76984814]
[19.40896247 -8.77015159]
[19.42748979 -8.76834177]
[19.45100707 -8.76450959]
[19.47710509 -8.75892491]
[19.50919387 -8.75158477]
[19.54233058 -8.74322102]
[19.57841451 -8.73360316]
[19.60107037 -8.72383984]
[19.63048721 -8.71218748]
[19.6633918  -8.69910575]
[19.70265199 -8.68484381]
[19.72834851 -8.67141232]
[19.76403958 -8.65658696]
[19.79623478 -8.64204467]
[19.82841297 -8.62769759]
[19.85781192 -8.61412635]
[19.88892779 -8.60097339]
[19.91750599 -8.58916921]
[19.95432367 -8.57766779]
[20.05328133 -8.56419506]
[20.0408844  -8.57007856]
[20.0226909  -8.57618582]
[20.01633724 -8.57801056]
[20.04664653 -8.57324879]
[20.04743631 -8.57412206]
[20.01436075 -8.57988321]
[19.97377073 -8.58473852]
[19.92666734 -8.58785687]
[19.87567986 -8.5888888 ]
[19.82174113 -8.58824363]
[19.77429234 -8.58593134]
[19.67560279 -8.59032701]
[19.56804581 -8.59500262]
[19.4458449 -8.6008233]
[19.30210171 -8.60884059]
[19.13285015 -8.61911704]
[18.94145542 -8.62999855]
[18.72976961 -8.63840938]
[18.46817761 -8.64028531]
[18.18791295 -8.62850638]
[17.89480644 -8.59945002]
[17.59938093 -8.55306147]
[17.36946245 -8.50000901]
[17.13083649 -8.43491487]
[16.88047402 -8.35349345]
[16.63335179 -8.25238429]
[16.38412446 -8.12283087]
[16.11313443 -7.95164246]
[15.83783101 -7.72956639]
[15.5544939  -7.46973297]
[14.66425282 -7.14214522]
[13.76149288 -6.85407834]
[12.98407178 -6.65622186]
[12.41469857 -6.55820968]
[12.68616592 -6.7249388 ]
[13.3199845  -6.98505032]
[12.70619195 -6.81150393]
[12.43477225 -6.57223821]
[12.22884653 -6.21328168]
[12.28487214 -5.76229964]
[12.71010218 -5.25571687]
[13.33405656 -4.73302127]
[13.95015536 -4.22665943]
[14.27312545 -3.78158354]
[14.23138581 -3.40689431]
[13.91762089 -3.0938003 ]
[13.78185528 -2.92040966]
[13.73208934 -2.94829546]
[13.71185871 -3.26483428]
[13.8308205  -3.83367706]
[14.10686698 -4.53503817]
[14.34092239 -5.15697464]
[14.30550047 -5.50177968]
[13.04474501 -5.1522611 ]
[ 9.43460122 -3.98113265]
[ 6.04250116 -4.21202057]
[ 5.66220555 -5.86215776]
[ 8.66942864 -7.14440971]
[12.38976102 -7.16985454]
[13.98942728 -6.51739201]
[15.60183096 -5.25376715]
[17.69515538 -4.49552554]
[20.32489346 -5.37888908]
[23.46199457 -7.53089364]
[ 30.45820759 -10.46279674]
[ 31.53849287 -10.31069763]
[23.53035699 -2.41159557]
[13.99226028 -6.33316367]
[ 20.04838402 -17.9194544 ]
[ 26.15483158 -22.64056957]
[ 30.52992016 -22.52903465]
[ 31.7386504  -17.42194766]
[ 32.95206991 -23.79982857]
[ 31.62793358 -28.02816797]
