Person 91
Starting Actual Velocity = [0.55165719 1.08290101]
[ 8.67563657 17.03055453]
[ 9.03453896 17.80575758]
[ 9.10845869 18.02604535]
[ 9.11565252 18.12180797]
[ 9.1012129  18.17789879]
[ 9.08069752 18.22352911]
[ 9.05890221 18.26693519]
[ 9.03714652 18.31110714]
[ 9.01649416 18.35604545]
[ 8.99692594 18.40301499]
[ 8.98014079 18.44887933]
[ 8.96561842 18.49555593]
[ 8.95414668 18.54166933]
[ 8.94587319 18.58769467]
[ 8.94103638 18.63501387]
[ 8.9403466  18.67987773]
[ 8.94426263 18.72692064]
[ 8.95515186 18.78375064]
[ 8.96722454 18.83092901]
[ 8.98584621 18.87277985]
[ 9.01463023 18.91496672]
[ 9.0458558  18.95060332]
[ 9.08309936 18.98159358]
[ 9.12657053 19.00781654]
[ 9.17646057 19.02894408]
[ 9.24188825 19.04528108]
[ 9.31258436 19.0528447 ]
[ 9.38495079 19.04217998]
[ 9.46422238 18.99926802]
[ 9.549817 18.892869]
[ 9.63463258 18.69394739]
[ 9.69071979 18.3662615 ]
[ 9.66624787 17.87354798]
[ 9.50504924 17.21240697]
[ 9.18049709 16.43832626]
[ 8.90430996 15.814781  ]
[ 8.69338269 15.15623995]
[ 8.48387339 14.20003852]
[ 8.32985485 12.7434838 ]
[ 8.02946423 11.43153552]
[ 7.3902612  10.14856143]
[ 9.78654265 12.29400241]
[ 9.98788857 12.86530755]
[ 8.87660305 14.71048637]
[ 8.0574192  16.02551338]
[11.66624087 21.02438472]
[14.61404163 18.78239199]
[17.36267556 13.32075343]
[18.41878784  8.37986531]
[18.03183118  6.0020861 ]
[19.58874657  4.58208355]
