Person 91
Starting Actual Velocity = [1.17275483 0.24423995]
[18.44352443  3.8410793 ]
[19.25062898  4.00893925]
[19.45404179  4.05107151]
[19.51872312  4.0643005 ]
[19.53802671  4.0680759 ]
[19.54403266  4.06907918]
[19.54604562  4.06924799]
[19.54684965  4.06915708]
[19.5472667   4.06897938]
[19.54758308  4.06876541]
[19.5478681   4.06854541]
[19.54816436  4.0683131 ]
[19.54847619  4.06807395]
[19.54881301  4.06782258]
[19.54919214  4.06754725]
[19.54959065  4.06726673]
[19.55005414  4.06694465]
[19.55068248  4.06651719]
[19.55126362  4.06614931]
[19.55185874  4.06575719]
[19.55256814  4.06527422]
[19.55325823  4.06479933]
[19.55398721  4.06428433]
[19.55476562  4.06372037]
[19.5556062  4.0630972]
[19.55665042  4.06230632]
[19.55779371  4.06142926]
[19.55896461  4.06051353]
[19.56022381  4.05950545]
[19.56158846  4.05838898]
[19.5630896   4.05713691]
[19.56474633  4.05573139]
[19.56657893  4.05415299]
[19.56860934  4.05238041]
[19.57086163  4.05039021]
[19.57333046  4.04818509]
[19.57606826  4.04571629]
[19.57908772  4.04297142]
[19.58289547  4.03948685]
[19.58689677  4.03581706]
[19.59113835  4.03191199]
[19.5957444   4.02765841]
[19.60138048  4.02244798]
[19.60707909  4.01719947]
[19.61325079  4.01153358]
[19.62001764  4.00535588]
[19.62744049  3.99863692]
[19.63558303  3.99135162]
[19.64463759  3.98336921]
[19.65465158  3.974703  ]
[19.66580476  3.96526154]
[19.67764549  3.95545205]
[19.69074538  3.94498494]
[19.78767658  3.87655215]
[19.84308572  3.83665987]
[19.88447736  3.8069245 ]
[19.91952265  3.78231941]
[19.95285218  3.75969155]
[19.9860658   3.73795203]
[20.02040756  3.71625633]
[20.0558807   3.69457986]
[20.09385365  3.67204522]
[20.14010156  3.64525297]
[20.18086645  3.62194518]
[20.21934133  3.59976248]
[20.25751662  3.57706912]
[20.29840727  3.55111865]
[20.33576281  3.52390832]
[20.36599118  3.49585896]
[20.38762541  3.46516342]
[20.3961411   3.43041295]
[20.38447884  3.3894669 ]
[20.34041365  3.33972673]
[20.23867169  3.27722625]
[20.05629292  3.20914725]
[19.76550212  3.13374959]
[19.35216754  3.05122142]
[18.82439245  2.9608567 ]
[18.20743189  2.86331566]
[17.51768685  2.75752514]
[16.75741754  2.63477691]
[15.98181211  2.48728678]
[15.16382779  2.30537199]
[14.30107192  2.08970179]
[13.39141134  1.85934205]
[12.38629902  1.62270616]
[11.56120972  1.40893324]
[11.09619121  1.2102471 ]
[10.96463679  1.02623728]
[11.02007512  0.87393241]
[11.07678748  0.77307083]
[10.91632951  0.72844513]
[10.42527525  0.71354503]
[10.4505086   0.69586463]
[10.94509125  0.68160239]
[11.20066001  0.5388198 ]
[11.17581113  0.06229202]
[11.40777493 -1.51580723]
[14.04377268 -2.37330259]
[17.07151184 -1.86202784]
[19.01785739 -0.8654744 ]
[19.54107946  0.1491277 ]
[18.80885071  0.71411848]
[17.36173014  0.52634048]
[16.46422316  0.19282793]
[16.32605491  0.18196793]
[16.65327567  0.85156878]
[17.48939186  2.59009957]
[18.58355412  4.98718589]
[19.76897178  7.06548228]
[21.52780124  8.31874724]
[24.85637959  8.44671735]
[27.23338678  7.54187259]
[27.7374247   6.33873498]
[26.55767759  7.37570736]
[20.17743119 10.48057915]
[11.44583285 14.76952731]
[ 7.2628957 16.9739103]
[ 8.29691828 18.49865371]
[13.83202887 23.60631755]
[20.6852105  27.51731111]
[27.14923925 27.50803385]
[33.54952995 21.09007281]
[40.12483928 12.07607289]
