Person 91
Starting Actual Velocity = [ 1.19484136 -0.07829771]
[18.79086742 -1.23136098]
[19.61253555 -1.28526781]
[19.81909732 -1.2988538 ]
[19.88425206 -1.30316867]
[19.90314758 -1.30445431]
[19.90847467 -1.30485562]
[19.90971501 -1.30499478]
[19.90969039 -1.30505828]
[19.90924795 -1.30510286]
[19.90865166 -1.30514872]
[19.90803077 -1.30520199]
[19.90737528 -1.30526311]
[19.90671091 -1.30533385]
[19.90602688 -1.30541581]
[19.90529955 -1.30551476]
[19.904594   -1.30562908]
[19.90381364 -1.30576738]
[19.90284783 -1.30597113]
[19.90217115 -1.30620276]
[19.90144051 -1.30642599]
[19.90055197 -1.3066815 ]
[19.89975018 -1.30693824]
[19.8989145  -1.30720481]
[19.89804027 -1.30748575]
[19.89712457 -1.30778718]
[19.89602915 -1.30816071]
[19.89493706 -1.30858221]
[19.89388517 -1.30901522]
[19.89278382 -1.30947207]
[19.89162251 -1.3099573 ]
[19.89038455 -1.31048101]
[19.88906696 -1.31104883]
[19.88766476 -1.3116656 ]
[19.88617097 -1.31233553]
[19.88457701 -1.31306246]
[19.88289478 -1.31383998]
[19.8810931  -1.31467882]
[19.87917383 -1.315577  ]
[19.8768334  -1.31667423]
[19.87451664 -1.31779381]
[19.87214217 -1.31893531]
[19.8696262  -1.32012282]
[19.86662212 -1.32151265]
[19.8637129  -1.32285386]
[19.86064225 -1.32423806]
[19.85735834 -1.32568052]
[19.85385312 -1.32718145]
[19.85011979 -1.32874009]
[19.84609592 -1.33037696]
[19.84179527 -1.33208073]
[19.83717525 -1.3338606 ]
[19.83245634 -1.33562557]
[19.8274432  -1.33743878]
[19.82212684 -1.33929466]
[19.81642312 -1.34121427]
[19.81066051 -1.34308263]
[19.80451094 -1.34499843]
[19.79815322 -1.34689882]
[19.79155418 -1.34878927]
[19.74611499 -1.33629778]
[19.72122062 -1.33148525]
[19.7063321  -1.33033061]
[19.69577939 -1.33087406]
[19.68613894 -1.33247461]
[19.67940651 -1.33423887]
[19.67338186 -1.33594109]
[19.6673289  -1.33761023]
[19.6605457  -1.33937579]
[19.65389503 -1.34101302]
[19.64766012 -1.34245666]
[19.64153733 -1.34377379]
[19.63546749 -1.34498182]
[19.62936199 -1.3461082 ]
[19.62314752 -1.34717786]
[19.61661274 -1.34823869]
[19.61056908 -1.34918279]
[19.60456583 -1.35008465]
[19.59861504 -1.35094864]
[19.66212104 -1.34744041]
[19.6939702  -1.34596375]
[19.70928653 -1.34561739]
[19.71512793 -1.34594154]
[19.71642061 -1.34665479]
[19.71518239 -1.3476381 ]
[19.71257326 -1.34881899]
[19.70900604 -1.35026288]
[19.70512102 -1.35185821]
[19.70122994 -1.35356234]
[19.69736476 -1.35539734]
[19.69349589 -1.35740338]
[19.68957384 -1.35963883]
[19.6853605  -1.36230028]
[19.68064807 -1.36566931]
[19.67690529 -1.36882302]
[19.67325668 -1.3722681 ]
[19.66956296 -1.37613811]
[19.6659249  -1.38037179]
[19.66166644 -1.38586398]
[19.65712247 -1.39262455]
[19.65377659 -1.39854184]
[19.65040244 -1.40501395]
[19.64688842 -1.41214206]
[19.64321868 -1.4198947 ]
[19.63938352 -1.4282052 ]
[19.63532381 -1.43705957]
[19.63081763 -1.44673897]
[19.62583264 -1.45705531]
[19.62022316 -1.46797513]
[19.6138069  -1.47944284]
[19.60620115 -1.49164356]
[19.59736232 -1.50409608]
[19.58716702 -1.51650435]
[19.57486148 -1.5292591 ]
[19.56027875 -1.54188736]
[19.5432445  -1.55402475]
[19.52251159 -1.56598036]
[19.49726869 -1.57742302]
[19.46762067 -1.58762362]
[19.43386192 -1.59605743]
[19.39489932 -1.60262727]
[19.34855983 -1.60713808]
[19.29423376 -1.60904173]
[19.23165794 -1.60796321]
[19.15931884 -1.60362315]
[19.07989152 -1.59633483]
[18.99477886 -1.58643027]
[18.89994855 -1.57353873]
[18.78590304 -1.55641717]
[18.6694645  -1.53857607]
[18.47169394 -1.50847118]
[18.32329493 -1.5050408 ]
[18.21561706 -1.5111961 ]
[18.10914865 -1.51761383]
[17.99791293 -1.52146839]
[17.87586426 -1.52147855]
[17.74094344 -1.5172959 ]
[17.57283634 -1.50743279]
[17.42987923 -1.50012227]
[17.289171   -1.49295049]
[17.12826401 -1.48410608]
[16.98566336 -1.47783944]
[16.84163317 -1.47159297]
[16.69762492 -1.4645708 ]
[16.54879347 -1.45566416]
[16.40165389 -1.44480308]
[16.25137279 -1.43096661]
[16.09784838 -1.41372877]
[15.94610228 -1.3936665 ]
[15.79154464 -1.36999559]
[15.63500481 -1.34289127]
[15.47821559 -1.31296738]
[15.32367133 -1.2810939 ]
[15.17664688 -1.24867565]
[15.0276151  -1.21158934]
[14.89349792 -1.17532072]
[14.77471292 -1.13907097]
[14.66925838 -1.10094656]
[14.57906378 -1.06032119]
[14.5017684  -1.01504912]
[14.43587079 -0.96304495]
[14.33904997 -0.85637356]
[14.42277003 -0.86284451]
[14.51496177 -0.86359968]
[14.58701853 -0.83889838]
[14.62029453 -0.77926266]
[14.60674838 -0.68741347]
[14.54910801 -0.57072938]
[14.45119642 -0.43592452]
[14.3251971  -0.29870255]
[14.18264703 -0.16880544]
[14.04714946 -0.06388728]
[ 1.39498826e+01 -6.23249665e-04]
[13.88787714  0.03162932]
[13.86968124  0.0350391 ]
[13.89866221  0.01560766]
[13.96820784 -0.01653761]
[14.0683146  -0.05192526]
[14.17983905 -0.0805045 ]
[14.28823296 -0.09695719]
[13.96738307  0.14285094]
[13.77448192  0.27613679]
[13.65951311  0.30804478]
[13.67441934  0.17261118]
[13.73835307 -0.03231613]
[13.77429159 -0.21897264]
[13.75311659 -0.33312495]
[13.67178048 -0.38664906]
[13.53794534 -0.36962544]
[13.36697394 -0.29168904]
[13.17393131 -0.16115043]
[12.97578642  0.01467636]
[12.77736676  0.23993644]
[12.56140956  0.55486689]
[12.3840028   0.89562711]
[12.18424159  1.32029692]
[11.98015954  1.74212455]
[11.74776716  2.16956745]
[11.49906297  2.56213452]
[11.25314339  2.88099513]
[11.03233429  3.08517392]
[10.88463861  3.10883783]
[10.83151449  2.92720457]
[10.88606123  2.53554307]
[11.04773704  1.94962026]
[11.34189457  1.11423673]
[11.68015748  0.35050698]
[12.05582059 -0.38130063]
[12.44770524 -1.02667904]
[12.82639961 -1.51777593]
[13.16929291 -1.82399138]
[13.47883494 -1.96366991]
[13.73158287 -1.94960022]
[13.92162832 -1.82853406]
[14.05053242 -1.65287381]
[14.12554197 -1.48124363]
[14.16010823 -1.34621372]
[14.15845139 -1.28647798]
[14.12267815 -1.32542889]
[14.05885983 -1.44927952]
[13.95210267 -1.61884248]
[13.75405017 -1.79402799]
[13.45052754 -1.8226698 ]
[13.0304319  -1.66149786]
[12.47010259 -1.29764911]
[11.73144302 -0.7174597 ]
[10.81024853  0.05881414]
[9.82439619 0.90049555]
[8.76641448 1.77419124]
[7.77153687 2.52828572]
[6.96903377 3.0310845 ]
[6.38471855 3.24790296]
[6.06915207 3.15365302]
[5.98770846 2.80633382]
[6.06114661 2.3006182 ]
[6.1923627  1.72439275]
[6.29880416 1.20485749]
[6.32347168 0.75021352]
[6.24084674 0.38325399]
[6.05493844 0.1420997 ]
[5.7834103  0.01289671]
[ 5.47942642e+00 -5.13840881e-03]
[5.18549433 0.05962354]
[4.98138089 0.17561849]
[5.00019231 0.2811015 ]
[5.3223502  0.32954132]
[5.95136071 0.27957506]
[6.87826662 0.12719718]
[ 8.00619188 -0.12011171]
[ 9.30451369 -0.45951277]
[10.65186337 -0.86390282]
[11.95368741 -1.3123516 ]
[13.1734527  -1.80038493]
[14.30081741 -2.33845754]
[15.27997933 -2.9225221 ]
[16.05561694 -3.54693843]
[16.58303955 -4.20535456]
[16.83425888 -4.88936536]
[16.80135479 -5.58572387]
[16.4889341 -6.2922702]
[15.78785453 -7.11618572]
[14.88492546 -7.72368353]
[13.86465321 -8.1068481 ]
[12.72712771 -8.24811983]
[11.57053078 -8.12316128]
[10.55934177 -7.78707629]
[ 9.35759901 -7.25078892]
[ 7.90169428 -6.51829021]
[ 6.25349745 -5.65320792]
[ 4.4356538  -4.69863664]
[ 2.50960686 -3.70685705]
[ 0.83556763 -2.86419592]
[-0.24139287 -2.28604168]
[-1.05812449 -1.87835648]
[-1.50167091 -1.68740548]
[-1.60119492 -1.64820886]
[-1.35773463 -1.6977344 ]
[-0.61065373 -1.68304734]
[ 0.73041221 -1.36643807]
[ 2.53677579 -0.82491141]
[6.07518406 0.22515609]
[8.47310005 0.80034257]
[10.76248002  1.2182258 ]
[12.98960691  1.484832  ]
[14.94259115  1.58993742]
[16.71656271  1.58180742]
[18.22106335  1.50666607]
[19.41274205  1.42369467]
[20.38120581  1.374262  ]
[21.65783593  1.57175199]
[22.53907048  1.76054652]
[23.05657105  1.92669448]
[23.24764265  2.04286887]
[23.1555089   2.07395139]
[22.82859574  1.98517064]
[22.31856361  1.75106105]
[24.20815339  0.97651976]
[25.60566596  0.1966586 ]
[26.63438094 -0.66345364]
[27.21962022 -1.56243166]
[27.43691032 -2.56455091]
[27.28470439 -3.61518618]
[26.82860406 -4.62004533]
[26.10449378 -5.56618792]
[25.18792342 -6.29803626]
[24.1432822  -6.69193168]
[23.0236201  -6.64103612]
[21.90936449 -6.10164151]
[20.75231425 -5.05757779]
[19.62956521 -3.59705672]
[21.62579871  2.38414957]
[23.35582715  7.6650921 ]
[24.94044099 11.98686001]
[26.53122551 15.29238659]
[28.06614141 17.22123171]
[29.59948949 17.96696507]
[31.07652085 17.62857392]
[32.38753427 16.35966587]
[33.37474358 14.36595762]
[33.8727749  11.91526228]
[33.78760773  9.32056686]
