Person 91
Starting Actual Velocity = [1.19030895 0.1656566 ]
[18.71959738  2.60533829]
[19.53938622  2.74097845]
[19.74656927  2.79299371]
[19.81309752  2.82775352]
[19.83369712  2.85736115]
[19.84092939  2.88607654]
[19.84424435  2.91503506]
[19.84650049  2.94500689]
[19.84852841  2.9756387 ]
[19.85068185  3.00775903]
[19.85292747  3.03918558]
[19.85541621  3.07147214]
[19.85811586  3.10368723]
[19.86108743  3.13625779]
[19.86446784  3.17018477]
[19.86801159  3.20253535]
[19.87215495  3.237068  ]
[19.87769511  3.27870362]
[19.88237739  3.30974218]
[19.88733455  3.33958415]
[19.89334637  3.372164  ]
[19.89906495  3.399548  ]
[19.90507372  3.42539497]
[19.91141792  3.44978102]
[19.91814761  3.47281669]
[19.92631906  3.49761968]
[19.93486855  3.52014767]
[19.94331586  3.5394512 ]
[19.95217603  3.55700932]
[19.96153078  3.5729202 ]
[19.97153808  3.58737734]
[19.98225927  3.60034226]
[19.99376411  3.611771  ]
[20.00613341  3.62160431]
[20.01946055  3.62976497]
[20.07926537  3.39922239]
[20.11379171  3.32537412]
[20.1404458   3.31719645]
[20.16891892  3.33688157]
[20.19591927  3.36547546]
[20.22291919  3.39218428]
[20.25088683  3.41468863]
[20.28364923  3.4340613 ]
[20.31524503  3.44559114]
[20.34822264  3.45119945]
[20.38316653  3.45087846]
[20.42029789  3.44466663]
[20.45984391  3.43269972]
[20.50262114  3.41489221]
[20.5486971   3.39140311]
[20.598718    3.36214143]
[20.65048656  3.32881293]
[20.70601569  3.29032599]
[20.76551987  3.24682305]
[20.83008285  3.19786387]
[20.89617605  3.14664667]
[20.96719244  3.09044534]
[21.04112573  3.03117943]
[21.11812063  2.96875525]
[21.10492166  3.08423799]
[21.1324999   3.10415374]
[21.17988683  3.07242745]
[21.23905901  3.0102403 ]
[21.31521398  2.91622921]
[21.38462385  2.82587511]
[21.44839451  2.73398164]
[21.50845494  2.63489682]
[21.56856353  2.51784131]
[21.61997433  2.39626354]
[21.65907665  2.27565396]
[21.68616366  2.15108094]
[21.7003834   2.02166629]
[21.70131036  1.88581693]
[21.68842985  1.74230454]
[21.66052518  1.58694675]
[21.62184372  1.44126964]
[21.57133535  1.29735803]
[21.50994843  1.15931286]
[21.43966734  1.03315061]
[21.36153391  0.92492662]
[21.27576853  0.83694833]
[21.1814818   0.77114861]
[20.96812514  0.73919732]
[20.79954647  0.73415594]
[20.65901807  0.75916617]
[20.5346677   0.81389204]
[20.40721856  0.90116732]
[20.28230071  1.01717931]
[20.2220719  1.1900987]
[20.12097453  1.34962135]
[19.98572681  1.49628905]
[19.82032046  1.63519547]
[19.61902345  1.78018819]
[19.37728584  1.95185391]
[19.18318416  2.12019444]
[18.9816526   2.28337145]
[18.76168301  2.43721049]
[18.53083293  2.57876572]
[18.24864764  2.73556812]
[17.94991232  2.92830411]
[17.73720909  3.11364668]
[17.50803214  3.28442218]
[17.25430539  3.43319052]
[16.98953062  3.56397013]
[16.73179023  3.68695088]
[16.4887751   3.83029826]
[16.25650375  3.99790043]
[16.04399217  4.17240997]
[15.85988042  4.32510815]
[15.70504133  4.43817326]
[15.57579778  4.50598337]
[15.47713359  4.52961811]
[15.40522179  4.51549812]
[15.35163477  4.46297356]
[15.31402417  4.37818017]
[15.28692173  4.2667991 ]
[15.26604466  4.11916698]
[15.25093198  3.93706336]
[15.24165909  3.7360384 ]
[15.23649732  3.52508711]
[15.23658598  3.2896083 ]
[15.24838259  3.00702092]
[15.27629905  2.68099406]
[15.32393904  2.32066273]
[15.39819323  1.92616755]
[15.49322842  1.56921737]
[15.59754644  1.27245537]
[15.71520762  1.00172441]
[15.86855817  0.70172406]
[15.98306957  0.50231056]
[16.3832082 -0.1978722]
[16.55001644 -0.2920804 ]
[16.51987104 -0.21345832]
[16.39626155 -0.19116672]
[16.18148858 -0.2294682 ]
[15.89805949 -0.328164  ]
[17.1094813  -0.41548856]
[17.418757   -0.41506177]
[17.37539273 -0.439999  ]
[17.14611382 -0.54421487]
[16.80987959 -0.57466219]
[16.42687364 -0.6020126 ]
[15.97691227 -0.62371451]
[15.39444148 -0.6645798 ]
[14.62607762 -0.71817375]
[13.70900964 -0.76249028]
[12.80814711 -0.70120868]
[12.18712032 -0.40028806]
[11.96403753  0.18206799]
[12.13158127  0.99464045]
[12.56081613  1.88842598]
[13.08164556  2.68313607]
[13.53312317  3.23191986]
[13.85462247  3.47521195]
[13.98274462  3.43998424]
[13.9154149   3.22176519]
[13.62055469  2.92934752]
[13.06634164  2.70659022]
[12.24421542  2.66610259]
[11.17367977  2.90229412]
[9.59492216 3.24795979]
[8.75068867 4.76384171]
[8.54928309 5.76143096]
[9.04426963 5.76523943]
[10.04264501  4.74370848]
[11.24661443  3.13025833]
[12.4107248   1.44098624]
[13.39523037  0.03191893]
[14.01624864 -0.8144494 ]
[14.22396255 -1.15593426]
[13.96218444 -1.14212233]
[13.37627858 -0.98005582]
[12.8238648  -0.80675893]
[12.58823718 -0.57275252]
[12.67811471 -0.12618126]
[12.83578567  0.6627059 ]
[12.79986304  1.79706586]
[12.34473817  3.07051538]
[11.49730169  4.10851487]
[10.58911626  4.454777  ]
[9.38460755 4.0067539 ]
[8.07609138 2.78961758]
[6.92797523 2.38503167]
[5.8835552  3.14841928]
[6.1858424 3.9885313]
[6.47843453 3.64982401]
[7.26940572 2.11083202]
[ 8.74113241 -0.25343544]
[10.84990409 -2.87618148]
[13.38378616 -5.33708607]
[16.01937779 -7.42828219]
[20.47640027 -9.28113572]
[ 23.587177   -11.53529384]
[ 24.23573343 -13.42385969]
[ 23.26965438 -14.71413657]
[ 21.01721642 -14.66048178]
[ 25.7529276  -16.67376505]
[ 29.56129157 -16.50574627]
[ 32.58749425 -14.04505723]
[35.20634222 -9.33278812]
[37.78571579 -3.60815226]
[40.8439614   1.47704902]
[44.40177774  4.84361038]
[47.79267186  6.92465041]
[49.28943438  8.83355443]
