Person 91
Starting Actual Velocity = [0.94937493 0.59672962]
[15.8559253   9.12453902]
[16.47049607  9.52222914]
[16.61863365  9.60872621]
[16.68998813  9.61661642]
[16.72174484  9.60171178]
[16.74103734  9.58026093]
[16.75607652  9.55690043]
[16.77701231  9.53174647]
[16.79462003  9.50667768]
[16.82374216  9.4798796 ]
[16.82838671  9.45524935]
[16.84700612  9.42858563]
[16.85925005  9.40083112]
[16.87457871  9.37018293]
[16.90169562  9.33384774]
[16.88661111  9.28973817]
[16.89032318  9.2283986 ]
[16.93539224  9.12327734]
[16.66134686  8.95544624]
[16.38718563  8.72100708]
[16.11598643  8.35938235]
[15.62599446  7.8664524 ]
[15.12531618  7.27504296]
[14.60703482  6.63264111]
[14.09701465  6.03911534]
[13.76788815  5.64302818]
[13.3599089   5.43523111]
[12.90187366  5.33611989]
[10.66839704  4.15809192]
[10.98014206  5.03242229]
[11.70576413  6.73723795]
[11.51375835  8.62959372]
[10.03130035 10.56492199]
[ 8.32974247 12.17957385]
[ 8.46153151 12.54145318]
[ 9.80264986 10.26567276]
[10.40014018  7.32470983]
[8.7628356  5.89299699]
[7.1548309  5.65982381]
[7.69965908 5.28044273]
[8.09814864 6.41955661]
[24.1713106   7.83808887]
[29.73841245 11.74778994]
[32.44434216  9.42569327]
[35.99433992  6.73744955]
