Person 91
Starting Actual Velocity = [0.27477947 1.17614251]
[ 4.28745004 18.51534002]
[ 4.48585144 19.22330871]
[ 4.54195508 19.36957743]
[ 4.56419548 19.40010298]
[ 4.57630428 19.39822443]
[ 4.58574294 19.3889819 ]
[ 4.59467824 19.37812964]
[ 4.60323085 19.3669746 ]
[ 4.61232821 19.35517737]
[ 4.62075944 19.34325097]
[ 4.63187781 19.32935565]
[ 4.64175681 19.31561779]
[ 4.6525258 19.3007685]
[ 4.66278643 19.28556455]
[ 4.67071925 19.27091141]
[ 4.68339308 19.25265314]
[ 4.68885657 19.2379863 ]
[ 4.67353899 19.23583895]
[ 4.70774652 19.19866222]
[ 4.72703024 19.17208286]
[ 4.72590565 19.15867146]
[ 4.74691315 19.12900275]
[ 4.76101555 19.10409095]
[ 4.77160082 19.08126901]
[ 4.77963335 19.059753  ]
[ 4.76567278 19.05362199]
[ 4.76856887 19.03311613]
[ 4.78321725 19.00301441]
[ 4.79140993 18.97784054]
[ 4.7956243  18.95539546]
[ 4.79556618 18.93579418]
[ 4.79295744 18.91753679]
[ 4.78844352 18.90003412]
[ 4.78225432 18.88303705]
[ 4.77446017 18.86641383]
[ 4.76746778 18.84795895]
[ 4.75747804 18.8310504 ]
[ 4.74658345 18.81356803]
[ 4.70363315 18.82509562]
[ 4.69582233 18.79820118]
[ 4.69139265 18.76634563]
[ 4.68125731 18.73837176]
[ 4.64047747 18.73884188]
[ 4.63402943 18.69772029]
[ 4.62040944 18.66123934]
[ 4.59997332 18.62745458]
[ 4.57540035 18.5922039 ]
[ 4.54771262 18.55326188]
[ 4.5140144  18.51249707]
[ 4.47717116 18.46501166]
[ 4.4348968  18.41189148]
[ 4.39918487 18.33838459]
[ 4.35407604 18.26360049]
[ 4.30128183 18.18339963]
[ 4.23757643 18.09994366]
[ 4.18045893 17.99019385]
[ 4.10883137 17.88279374]
[ 4.03503562 17.75823629]
[ 3.95606759 17.62044606]
[ 3.87464923 17.46454476]
[ 3.78565319 17.29699581]
[ 3.69186845 17.11062291]
[ 3.58051235 16.92339581]
[ 3.40488901 16.82075406]
[ 3.30416438 16.47891983]
[ 3.23666897 16.06714558]
[ 3.16744905 15.65130095]
[ 3.05619493 15.33766759]
[ 2.93756173 15.01196478]
[ 2.82457013 14.66661069]
[ 2.71306046 14.38534759]
[ 2.61533324 14.15778002]
[ 2.55212095 13.94319604]
[ 2.5518897  13.63614827]
[ 2.65288071 13.04104483]
[ 2.69571518 11.86613066]
[ 2.66026899 10.58100784]
[ 2.63658429 10.01235132]
[ 2.83216665 10.40490243]
[ 3.28348091 11.38397945]
[ 3.809898   12.44724433]
[ 4.19796398 13.34690439]
[ 4.20335606 14.0055167 ]
[ 4.01507013 14.49790749]
[ 3.80674177 14.51720844]
[ 3.50729662 12.65297267]
[ 4.07580988 11.35013919]
[ 4.76222488 10.79241557]
[ 5.02410116 10.60129726]
[ 4.94064445 10.60182639]
[ 4.7765224  10.73637895]
[ 4.67831267 11.02381076]
[ 4.47864132 11.13747602]
[5.2755838  1.73102015]
[  2.97700309 -18.7725653 ]
[ -5.85924086 -19.53997327]
[-6.05056135 -7.27700551]
[-2.84480432  1.80233135]
[-1.30582481  6.58270443]
[-1.23223723  9.04481182]
[-0.75620852  8.29292025]
[-0.67848295  7.45133325]
[-0.99800683  6.86257802]
[-1.38001573  6.9327561 ]
[-1.06877226  6.71855946]
[0.39142192 6.89403321]
[3.02703854 8.00891347]
[5.65401887 9.58713357]
[ 6.7304054  10.94154482]
[ 5.80965774 11.73126023]
[ 3.81683161 12.15796888]
[ 3.06886197 17.88976254]
[ 2.14824886 21.91562325]
[ 1.05926516 24.87058239]
[ 0.44775343 26.59280184]
[ 1.70063128 24.51369329]
[ 4.97174284 17.90969384]
[ 5.35731527 11.05917881]
[1.06668781 7.82748756]
[-1.7226546   7.85770202]
[-1.56540896  9.63288244]
[ 0.19386708 12.6182436 ]
[ 3.30749061 15.20574224]
[ 8.01403157 15.05742108]
[14.98199063 27.0513596 ]
