Person 91
Starting Actual Velocity = [ 1.10520518 -0.3346683 ]
[17.65579495 -5.75098137]
[18.37906352 -5.93374004]
[18.5408148  -5.95544166]
[18.58699308 -5.95976113]
[18.59197767 -5.95235617]
[18.58747232 -5.94329586]
[18.583056   -5.93522803]
[18.58646942 -5.93354259]
[18.59256337 -5.93007695]
[18.61178153 -5.93381125]
[18.61753443 -5.91542021]
[18.63493924 -5.89999605]
[18.643284   -5.86831829]
[18.64310077 -5.8220839 ]
[18.63223997 -5.75801083]
[18.55336049 -5.62224623]
[18.45362078 -5.44927795]
[18.32731688 -5.21552363]
[18.13678478 -4.79177652]
[17.7452934  -4.49548561]
[17.35491285 -4.48437367]
[16.85786806 -4.31286423]
[19.64479508 -5.51624634]
[20.57351722 -5.40629773]
[20.66293874 -4.6770051 ]
[19.96033674 -3.88533464]
[18.09965704 -4.21566194]
[15.7726625  -5.66564693]
[13.34847461 -7.6262761 ]
