Person 91
Starting Actual Velocity = [ 1.03112012 -0.30416019]
[16.2175372  -4.78572253]
[17.33400847 -5.58681854]
[17.76703665 -6.00875534]
[17.99459879 -6.27064952]
[18.1257966  -6.43523015]
[18.21323018 -6.54672717]
[18.2781154  -6.62714822]
[18.33085529 -6.68912812]
[18.37539767 -6.73805497]
[18.41550887 -6.77904925]
[18.45041598 -6.81213508]
[18.48261298 -6.84073163]
[18.51208087 -6.86539761]
[18.53974963 -6.8875115 ]
[18.56697003 -6.90858436]
[18.59241075 -6.92792684]
[18.61835682 -6.94778281]
[18.65032286 -6.97262232]
[18.68297692 -6.99735278]
[18.70927591 -7.01906523]
[18.73332736 -7.04171307]
[18.75398107 -7.06275711]
[18.7705196  -7.08307016]
[18.45055337 -7.21657393]
[18.33873828 -7.27262549]
[18.2972437  -7.30040909]
[18.2891031  -7.30562185]
[18.27379048 -7.2886905 ]
[18.2320031  -7.24274458]
[18.15355913 -7.15873178]
[18.04959653 -7.04528704]
[17.94413636 -6.92302251]
[17.85977379 -6.81361084]
[17.79811012 -6.72290673]
[17.71934713 -6.62044535]
[17.53034728 -6.42921479]
[17.07094921 -6.03429004]
[16.19040439 -5.36531293]
[14.68713322 -4.35131633]
[13.25979248 -3.54435973]
[12.49499689 -3.08388992]
[12.46561959 -2.68371842]
[13.86253702 -2.06138028]
[14.84559982 -0.97248427]
[14.70741955  0.39813365]
[14.41813403  1.48448078]
[13.79882118  1.97802844]
[12.99512472  1.3492501 ]
[12.19924904 -1.77118218]
[11.48147401 -8.2561221 ]
[ 10.94107905 -14.67015813]
[ 15.3674373  -13.44630542]
[ 19.96991926 -16.89670276]
[ 27.40366931 -19.27496141]
[ 33.89409826 -12.96883056]
[37.2318143  -7.20211033]
[32.77133681 -5.53308803]
