Person 91
Starting Actual Velocity = [ 0.66113768 -0.99892965]
[ 10.41077656 -15.69033018]
[ 10.84474048 -16.38347679]
[ 10.93675279 -16.56223658]
[ 10.94808766 -16.62223607]
[ 10.93039769 -16.64422402]
[ 10.90166993 -16.65544312]
[ 10.86697669 -16.66378168]
[ 10.82757726 -16.6711218 ]
[ 10.783321   -16.67875244]
[ 10.73416736 -16.68565814]
[ 10.67899156 -16.69512634]
[ 10.61956318 -16.70327066]
[ 10.5543966  -16.71220932]
[ 10.48403205 -16.72033104]
[ 10.4084887  -16.72517518]
[ 10.32308714 -16.73517755]
[ 10.23687094 -16.73512209]
[ 10.16492727 -16.70414565]
[ 10.01822077 -16.73934556]
[  9.89436181 -16.75415981]
[  9.79330946 -16.73719261]
[  9.65724663 -16.75224152]
[  9.533012   -16.75596674]
[  9.41491977 -16.75280144]
[  9.30169945 -16.74365647]
[  9.22808612 -16.69341567]
[  9.1191407  -16.66677875]
[  8.98803749 -16.65850467]
[  8.874186  -16.6373619]
[  8.77101798 -16.60700674]
[  8.67740055 -16.56624102]
[  8.58684235 -16.51765604]
[  8.49432961 -16.46202567]
[  8.39479183 -16.39927187]
[  8.28246028 -16.32873434]
[  8.14525283 -16.25413097]
[  7.98680406 -16.1661123 ]
[  7.7951795 -16.0656909]
[  7.63460139 -15.87553261]
[  7.30806344 -15.73105545]
[  7.68727798 -15.25679289]
[  7.65620196 -14.79246949]
[  7.31991372 -14.39108434]
[  7.17606728 -13.96995728]
[  7.31985346 -13.55113759]
[  7.73661882 -13.17558551]
[  8.32456726 -12.87201163]
[  8.92023122 -12.62064695]
[  9.31859501 -12.33992367]
[  7.81885358 -11.28618308]
[  8.1005783  -10.79047749]
[  9.33258399 -10.63301349]
[ 10.82425067 -10.60518018]
[ 12.16610354 -10.6044236 ]
[ 12.86467036 -10.53915321]
[ 13.13763836 -10.62031852]
[ 12.61069018 -10.6946371 ]
[ 11.36479548 -10.70516243]
[  9.97824162 -10.68718812]
[  8.96725945 -10.55390939]
[  8.57230861 -10.27364389]
[ 8.34187755 -9.51047742]
[ 7.6141915  -7.31425137]
[ 5.7388232 -4.4304958]
[ 3.00949488 -2.79069279]
[ 0.89534849 -3.59742632]
[ 1.20006749 -7.51655985]
[  3.43748914 -10.21851395]
[  5.54854412 -11.02954268]
[ 10.10215478 -11.0405356 ]
[ 10.4767727  -12.08157502]
[ 11.03758699 -12.42776964]
[ 14.75258427 -12.49371364]
[ 19.05041742 -11.60736475]
[ 21.44403603 -10.4757085 ]
[19.30563932 -0.05935722]
[13.00143191  5.11493008]
[ 19.27759086 -10.49500063]
[ 26.20001348 -10.9637748 ]
[27.81439697 -8.13951482]
