Person 91
Starting Actual Velocity = [ 1.2201056  -0.28728654]
[19.1875677  -4.51805442]
[19.96518141 -4.71345272]
[20.11615177 -4.76131955]
[20.12446381 -4.77532049]
[20.0917796  -4.77822191]
[20.05146952 -4.7778499 ]
[20.01250808 -4.77649738]
[19.97634452 -4.77484109]
[19.94393425 -4.77310949]
[19.91407774 -4.77135529]
[19.88864436 -4.76970577]
[19.86509982 -4.76818142]
[19.84396701 -4.76682791]
[19.8245088  -4.76565804]
[19.80601934 -4.76465799]
[19.79028208 -4.76389119]
[19.77458967 -4.76338826]
[19.75782099 -4.76310837]
[19.75022442 -4.76272179]
[19.74139157 -4.76312768]
[19.73053207 -4.76439555]
[19.72201566 -4.76604954]
[19.71347804 -4.76829284]
[19.70499236 -4.77112188]
[19.69670064 -4.77453396]
[19.68758641 -4.77910994]
[19.68026986 -4.78423474]
[19.6742436  -4.78967776]
[19.66829284 -4.79578678]
[19.66238536 -4.80259895]
[19.65654434 -4.81020292]
[19.65089439 -4.81861988]
[19.64550866 -4.82787633]
[19.64041789 -4.83800282]
[19.63562892 -4.84903118]
[19.63119455 -4.86083945]
[19.62699005 -4.87358291]
[19.62304824 -4.88719606]
[19.61882185 -4.90376543]
[19.61588396 -4.92031633]
[19.61331107 -4.93709438]
[19.61075396 -4.95449825]
[19.60789787 -4.97476807]
[19.6058258  -4.99404238]
[19.60382159 -5.01377029]
[19.60182316 -5.03413481]
[19.59989567 -5.05508776]
[19.5980983 -5.0765786]
[19.59644622 -5.09885905]
[19.59501265 -5.12174797]
[19.5938152  -5.14535814]
[19.59293084 -5.16849085]
[19.59220899 -5.19198475]
[19.59166212 -5.21577387]
[19.59131458 -5.24015062]
[19.59123406 -5.263705  ]
[19.59132509 -5.28768655]
[19.59162413 -5.31135936]
[19.59212027 -5.33482897]
[19.59280538 -5.3578617 ]
[19.59367552 -5.38073948]
[19.59473977 -5.403257  ]
[19.59605045 -5.42622801]
[19.59794884 -5.45306704]
[19.60038747 -5.47638805]
[19.60285984 -5.49782216]
[19.6053613  -5.51858996]
[19.60817898 -5.5407316 ]
[19.6112642  -5.56207235]
[19.61445314 -5.58172236]
[19.61771598 -5.60026531]
[19.62103021 -5.61780811]
[19.62444707 -5.63467901]
[19.62805906 -5.65125222]
[19.63209691 -5.66835668]
[19.63624469 -5.68441449]
[19.64067824 -5.70030988]
[19.64540277 -5.71600609]
[19.65034407 -5.73133627]
[19.65553946 -5.74624465]
[19.66100741 -5.76080073]
[19.66684339 -5.77522697]
[19.67276002 -5.78882528]
[19.67896088 -5.8020777 ]
[19.68545268 -5.81496543]
[19.6921944 -5.8274058]
[19.69971527 -5.84030397]
[19.70751809 -5.85286034]
[19.71539855 -5.86475186]
[19.72337509 -5.87592282]
[19.73152465 -5.8864053 ]
[19.7399887  -5.89634045]
[19.74939915 -5.90642824]
[19.76064841 -5.91774909]
[19.77074385 -5.92802623]
[19.78096074 -5.93759412]
[19.79142706 -5.94620664]
[19.80181275 -5.95354559]
[19.81412116 -5.96089654]
[19.82820014 -5.96890869]
[19.83974538 -5.97597924]
[19.85128871 -5.98195919]
[19.86273074 -5.9863111 ]
[19.87391323 -5.98895392]
[19.88474852 -5.99007737]
[19.89527368 -5.98993147]
[19.90587446 -5.98870435]
[19.91637801 -5.98665893]
[19.92682888 -5.98399928]
[19.93725006 -5.98085602]
[19.94786102 -5.97718643]
[19.95831741 -5.97284211]
[19.9684629  -5.96783022]
[19.97875937 -5.96195222]
[19.98897123 -5.95548215]
[19.99898232 -5.94865528]
[20.00929503 -5.94123875]
[20.01995167 -5.93339417]
[20.0306216  -5.92558643]
[20.04102963 -5.9180079 ]
[20.0513696 -5.9103214]
[20.0619882  -5.90211513]
[20.07273715 -5.89345789]
[20.08347994 -5.88443867]
[20.09433865 -5.87487712]
[20.10471871 -5.86510391]
[20.11438596 -5.85498683]
[20.12377049 -5.84372528]
[20.13371805 -5.83002224]
[20.14246742 -5.81585119]
[20.15743286 -5.7914443 ]
[20.17088198 -5.77454509]
[20.18054415 -5.76041424]
[20.18895619 -5.74361354]
[20.1959085 -5.7227868]
[20.20152452 -5.69650009]
[20.20571291 -5.66372738]
[20.20925384 -5.61891862]
[20.20994757 -5.57533014]
[20.20931523 -5.52792767]
[20.20773666 -5.46863485]
[20.20442903 -5.40927119]
[20.1999111 -5.3433163]
[20.19407491 -5.27128509]
[20.18683596 -5.19076601]
[20.14357647 -4.93480245]
[20.10885254 -4.72084212]
[20.08101596 -4.53935963]
[20.05894147 -4.38718708]
[20.04042878 -4.25230784]
[20.02414089 -4.13021254]
[20.00880902 -4.01740356]
[19.99320813 -3.91127022]
[20.06642779 -3.97369066]
[20.11286868 -3.99375405]
[20.13676822 -3.97901078]
[20.14156228 -3.93574631]
[20.12886149 -3.87043862]
[20.10030986 -3.78802493]
[20.05607108 -3.69219467]
[19.96728909 -3.50547013]
[19.88544954 -3.41697318]
[19.79476683 -3.33612504]
[19.69198855 -3.26337478]
[19.57506965 -3.2008384 ]
[19.44605359 -3.15209551]
[19.30305223 -3.11672245]
[19.14089807 -3.0944292 ]
[18.96051971 -3.08689381]
[18.75567316 -3.09484819]
[18.52825296 -3.11935251]
[18.29667425 -3.1567071 ]
[18.04736066 -3.20723931]
[17.78237241 -3.26955104]
[17.50931445 -3.34011871]
[17.23715325 -3.41425373]
[16.96299899 -3.49106385]
[16.70356486 -3.56260322]
[16.45479111 -3.6285236 ]
[16.22141551 -3.68444789]
[16.00417586 -3.72879596]
[15.76129779 -3.7716817 ]
[15.53919838 -3.79341806]
[15.35817968 -3.79182073]
[15.20244369 -3.77655938]
[15.06677573 -3.75733308]
[14.93193791 -3.73648094]
[14.79513428 -3.71796518]
[14.65107597 -3.70294701]
[14.49531199 -3.69158572]
[14.32592689 -3.68337549]
[14.13865762 -3.67611036]
[13.92092946 -3.66374316]
[13.70668536 -3.64354724]
[13.48550622 -3.60393915]
[13.28647489 -3.54674368]
[13.08726674 -3.27303355]
[12.91132004 -3.04873575]
[12.75600098 -2.86545357]
[12.61937047 -2.71105636]
[12.50501023 -2.5879969 ]
[12.41349714 -2.48532306]
[12.34627957 -2.39609184]
[12.30595449 -2.31154467]
[12.3142987 -2.2084384]
[12.32597028 -2.1253852 ]
[12.36279214 -2.03790213]
[12.42557818 -1.94432598]
[12.50642862 -1.84977261]
[12.59562084 -1.7600666 ]
[12.69900332 -1.6720541 ]
[12.80044704 -1.59411389]
[12.89587967 -1.52709428]
[12.9608448  -1.46135226]
[13.0145405 -1.4103727]
[13.06946267 -1.36624104]
[13.12246682 -1.32931479]
[13.18036233 -1.29565006]
[13.20655459 -1.27864896]
[13.22648206 -1.26693333]
[13.2643446  -1.25080737]
[13.26214097 -1.25097759]
[13.22954671 -1.26072365]
[13.17803092 -1.27546201]
[13.11262749 -1.29262346]
[13.03155713 -1.31221067]
[12.93160886 -1.33606097]
[12.81966447 -1.36028593]
[12.69607976 -1.3850842 ]
[12.56515438 -1.40999393]
[12.4332437  -1.43214836]
[12.30795538 -1.45049331]
[12.19832492 -1.46281332]
[12.11300552 -1.46672564]
[11.94585921 -1.51748425]
[11.83774312 -1.53916483]
[11.7848355  -1.52957032]
[11.78770736 -1.48526845]
[11.83237445 -1.41226964]
[11.9172308  -1.30875301]
[12.01774566 -1.18799339]
[12.133621   -1.04753441]
[12.25921085 -0.88777789]
[12.35978063 -0.73161756]
[12.44470026 -0.57325192]
[12.48605849 -0.43846761]
[12.51831803 -0.30718378]
[12.5243356  -0.20078873]
[12.54012074 -0.10002316]
[ 1.25677004e+01 -1.16450648e-02]
[1.24998242e+01 6.34831518e-03]
[12.46716557  0.01906664]
[12.481593    0.03164244]
[12.54141531  0.04299453]
[12.64039409  0.05103821]
[12.76850962  0.05347896]
[12.91307904  0.04856119]
[13.06007075  0.03564203]
[13.2060401  0.0165511]
[1.34257254e+01 3.76700257e-03]
[13.52193802 -0.02176761]
[13.53392378 -0.04813684]
[13.48298233 -0.06925736]
[13.3631459  -0.08755009]
[13.19776627 -0.10496555]
[12.99835702 -0.12462171]
[12.76528011 -0.15079482]
[12.49852406 -0.19073326]
[12.19109887 -0.25062799]
[11.82805546 -0.33787888]
[11.42940119 -0.45137658]
[11.01730202 -0.58116358]
[10.55634956 -0.73146715]
[10.07249562 -0.89177522]
[ 9.56076305 -1.05960558]
[ 8.95919953 -1.2491558 ]
[ 8.34597497 -1.43671956]
[ 7.81431475 -1.60347307]
[ 7.38944065 -1.74766425]
[ 7.07780627 -1.97479927]
[ 6.97235657 -2.09222322]
[ 7.00974173 -2.19571031]
[ 7.21077286 -2.29042646]
[ 7.54304196 -2.36324541]
[ 8.02890155 -2.41566223]
[ 8.62673171 -2.43852677]
[ 9.2756823  -2.42836098]
[10.00668717 -2.38530343]
[10.70336542 -2.3131471 ]
[11.40442245 -2.2136071 ]
[12.08998322 -2.08811306]
[12.74232022 -1.93811302]
[13.34663086 -1.76493819]
[13.89126198 -1.56976861]
[14.36755161 -1.35370647]
[14.7660489  -1.13298883]
[15.09057125 -0.90948809]
[15.38081827 -0.66866205]
[15.59960449 -0.42981263]
[15.77482122 -0.17517857]
[15.88573064  0.08615335]
[15.92215656  0.34487157]
[15.89689603  0.62199097]
[15.79811397  0.90879953]
[15.62503299  1.20613595]
[15.37865476  1.51377947]
[15.06948819  1.81809526]
[14.6902374   2.13787004]
[14.25269278  2.45378724]
[13.83270741  2.74991229]
[13.39624786  3.03617676]
[12.95818872  3.30277118]
[12.51752034  3.5454339 ]
[12.10899197  3.7280324 ]
[11.72210445  3.84644254]
[11.35428352  3.88737772]
[10.9975908   3.84151673]
[10.63944101  3.704997  ]
[10.26394181  3.48032071]
[9.93885507 3.17444701]
[9.56584098 2.83172967]
[9.1551516  2.48310082]
[8.6847608  2.12566305]
[8.14306549 1.77053906]
[7.6214035  1.48834462]
[7.12599499 1.26906967]
[6.64227597 1.09700311]
[6.23309002 0.98482506]
[5.88929692 0.91535564]
[5.6530332  0.88499937]
[5.58775708 0.85852783]
[5.69462642 0.81338247]
[5.99734823 0.7213914 ]
[6.486572   0.57631308]
[7.15381202 0.38155396]
[8.00821419 0.14129315]
[ 8.9503099  -0.10833242]
[10.0157414  -0.36468927]
[11.08211181 -0.58754288]
[12.20331153 -0.77775942]
[13.25718379 -0.9057138 ]
[14.30925743 -0.9740985 ]
[15.25029769 -0.97093036]
[16.11062975 -0.90033762]
[16.9436816  -0.75162503]
[17.88355817 -0.53510991]
[18.66115471 -0.28175473]
[1.93033388e+01 6.15450099e-03]
[19.75090901  0.28556427]
[20.04682456  0.54954503]
[20.20320691  0.77820224]
[20.23808885  0.96043916]
[20.1587857   1.06393145]
[19.99356429  1.07271608]
[19.7520087   0.98355287]
[19.46593544  0.79451503]
[19.12493601  0.49575497]
[18.76149916  0.11231318]
[18.34883322 -0.37501637]
[19.19260218 -1.15501242]
[19.73956325 -1.93058525]
[19.98216333 -2.70599551]
[19.91900633 -3.48357235]
[19.55821107 -4.2600396 ]
[18.92063116 -5.02285289]
[18.0420502  -5.74754325]
[16.97329681 -6.39724848]
[15.72371432 -6.94907523]
[14.47145989 -7.2947153 ]
[13.23333104 -7.42137871]
[12.06833954 -7.29831729]
[11.02061512 -6.9158278 ]
[10.11692137 -6.28843142]
[ 9.36759292 -5.45362232]
[ 8.77004468 -4.46676275]
[ 8.31346454 -3.39358886]
[ 7.98333097 -2.30209586]
[ 7.76482884 -1.25533733]
[ 7.64480518 -0.30611387]
[7.61150972 0.54328486]
[10.24086467  3.1002011 ]
[12.63427229  5.22457175]
[14.7999218   6.92216766]
[18.09692517  6.65648218]
[20.9309397   6.23519907]
[23.62577885  5.65973207]
[26.02479048  4.97997831]
[28.03316726  4.26309363]
[30.07687688  3.37850515]
[32.20754507  2.24447847]
[33.78663799  1.16764831]
[34.94762796  0.16597225]
[35.87664257 -0.84041604]
[36.54040349 -1.76057775]
[37.08060866 -2.72573629]
[37.4534442  -3.64861143]
[37.72817435 -4.70802399]
[37.79699539 -5.55303171]
[37.72464004 -6.44932075]
[37.47720636 -7.29941086]
[36.99631787 -8.16898819]
[36.24485419 -8.96005822]
