Person 91
Starting Actual Velocity = [ 1.22726803 -0.15414353]
[19.34938155 -2.43045046]
[20.25069023 -2.56613822]
[20.51667245 -2.62019345]
[20.6312396  -2.65675464]
[20.679327   -2.69205867]
[20.68132773 -2.73864808]
[20.62786522 -2.81009648]
[20.49379656 -2.92513445]
[20.24404744 -3.10354548]
[19.8672276  -3.37040614]
[19.30362862 -3.69162232]
[18.55471468 -4.04864158]
[17.66050384 -4.39661247]
[16.58379781 -4.75279694]
[15.21351444 -5.17490882]
[13.72683653 -5.56392635]
[12.18397196 -5.71343955]
[10.86281688 -4.97243718]
[18.67019765  1.9492263 ]
[21.31963411  5.30404421]
[22.66243968  7.65941007]
[23.67665173  8.8747873 ]
[23.79856772 10.92244347]
