Person 91
Starting Actual Velocity = [ 0.78918571 -0.91678149]
[ 12.45156762 -14.41848896]
[ 12.98644607 -15.04800538]
[ 13.11828682 -15.20553073]
[ 13.1597294  -15.25458924]
[ 13.17087973 -15.26824189]
[ 13.17334674 -15.27158025]
[ 13.17340276 -15.27188056]
[ 13.17351253 -15.27131126]
[ 13.17346425 -15.27051779]
[ 13.17473445 -15.26973229]
[ 13.17415864 -15.26898094]
[ 13.17527955 -15.26835817]
[ 13.17626558 -15.26782666]
[ 13.17826181 -15.2674354 ]
[ 13.18288629 -15.26727834]
[ 13.18435083 -15.26709531]
[ 13.19223923 -15.26742203]
[ 13.22133437 -15.26920811]
[ 13.20781841 -15.26877004]
[ 13.20640406 -15.26912645]
[ 13.22201796 -15.27100126]
[ 13.22051013 -15.27153205]
[ 13.22412597 -15.27260098]
[ 13.23038854 -15.27402245]
[ 13.23867914 -15.27577445]
[ 13.2663975  -15.27998332]
[ 13.28147337 -15.28311518]
[ 13.28617036 -15.28507443]
[ 13.29616452 -15.28767346]
[ 13.30955924 -15.29067131]
[ 13.32705613 -15.29416041]
[ 13.34747916 -15.29793624]
[ 13.37052021 -15.30186627]
[ 13.39621211 -15.3058162 ]
[ 13.42472875 -15.30961586]
[ 13.45320262 -15.31257543]
[ 13.48641392 -15.31507578]
[ 13.52192466 -15.31633224]
[ 13.61019628 -15.32286964]
[ 13.64538451 -15.31851258]
[ 13.67568004 -15.30977808]
[ 13.70036637 -15.28175549]
[ 13.79136865 -15.26105207]
[ 13.82054482 -15.22800597]
[ 13.86424051 -15.18874612]
[ 13.92051074 -15.14018753]
[ 13.98376866 -15.07983229]
[ 14.0515372  -15.00644758]
[ 14.1293287  -14.91944469]
[ 14.20923206 -14.81838231]
[ 14.29275456 -14.7026126 ]
[ 14.34030977 -14.55968229]
[ 14.38554778 -14.39203267]
[ 14.42334065 -14.20791685]
[ 14.4590264  -14.01733727]
[ 14.45912146 -13.83777582]
[ 14.46295311 -13.6634692 ]
[ 14.44636537 -13.49759914]
[ 14.41245531 -13.32906197]
[ 14.3493665  -13.14064181]
[ 14.256803  -12.9138805]
[ 14.12041444 -12.63744444]
[ 13.94989245 -12.29452355]
[ 13.78564188 -11.79364095]
[ 13.28392464 -11.08921039]
[ 12.60539233 -10.0019867 ]
[11.73674345 -8.29718619]
[10.7935877  -5.89367284]
[10.18988385 -4.2578069 ]
[ 9.84400558 -3.95936427]
[ 9.70685932 -4.36748417]
[ 9.57828853 -5.10762932]
[ 9.33747066 -5.80569467]
[ 8.80895487 -6.1559748 ]
[ 7.75265236 -5.93743027]
[ 5.90714327 -5.00291205]
[ 3.29872204 -3.21828618]
[ 0.04050757 -0.69382132]
[-2.73494515  1.52864087]
[-2.66909201  2.62679972]
[-0.15883501  3.11306609]
[4.68992516 2.2331323 ]
[8.76349103 0.56077103]
[11.36402148 -0.97878908]
[12.3750922  -1.44138811]
[13.57192938 -2.67454518]
[14.58850237 -4.36120805]
[14.34222376 -5.32262292]
[12.7957914  -5.01329168]
[10.22148555 -3.23420201]
[7.05873816 0.11299681]
[4.43910871 4.25573702]
[4.27126223 6.66341149]
[7.25908401 2.52963466]
[ 7.2586751  -2.05932818]
[ 5.12220042 -6.156212  ]
[ 2.31330505 -9.26199021]
[  0.71113304 -11.4353779 ]
[  1.30880506 -11.53404762]
[ 4.01541815 -8.09431578]
[ 3.70738903 -4.27478056]
[ 0.60157322 -1.43987173]
[-0.65848878 -0.59598192]
[-3.14507026  0.03568578]
[-5.65114197  0.92766923]
[-7.80533422  0.71559964]
[-7.98204275 -1.75880899]
[-2.11577486 -9.79542716]
[ 2.8788972  -9.55465137]
[ 5.81987935 -5.98282908]
[ 7.8836442  -6.04014026]
[ 7.49574477 -4.54481703]
[ 5.27604182 -2.43439124]
[ 2.11216505 -0.31819196]
[-0.67621567  1.12114748]
[-2.43445855  2.73032569]
[-3.43509436  3.65149581]
[-3.55313199  2.20883886]
[-2.0498734  -1.83670859]
[  2.09017135 -11.1537161 ]
[  5.13319503 -13.8056176 ]
[ 7.72959832 -8.26625087]
[9.79741384 3.86238337]
[ 6.60487334 11.14088366]
[-3.51496901  7.55334646]
[-9.08285774  0.98972648]
[-7.90125252 -4.88273189]
[-4.01991315 -8.94922579]
[  0.20206384 -14.1607535 ]
[  2.10939874 -14.74378678]
[ 4.40729621 -7.39092338]
[ 4.74461178 -2.19209069]
[ 2.93670892 -2.89771241]
[ 0.48277246 -5.35324656]
[-1.25598642 -8.75528425]
[ -1.97088308 -12.39544131]
[ -1.99907771 -16.85454022]
[ -0.59611862 -24.64338623]
[  0.45751665 -26.08307746]
[  3.88055682 -22.93152772]
[  9.45034063 -17.17799289]
[ 11.68596279 -13.97449606]
[ 11.12345177 -12.15243617]
[10.19295667 -9.87380449]
[10.32814158 -5.51236272]
