Person 91
Starting Actual Velocity = [ 1.04468937 -0.42399618]
[16.43027514 -6.66811921]
[17.37511647 -6.96880535]
[17.72222161 -7.04970173]
[17.90817888 -7.07951954]
[18.02220532 -7.09194512]
[18.10287544 -7.09885852]
[18.16494976 -7.10383274]
[18.21599004 -7.10808199]
[18.25867516 -7.11192913]
[18.29623003 -7.11564109]
[18.32766729 -7.11904369]
[18.35577111 -7.12237457]
[18.38052689 -7.12556747]
[18.40293961 -7.12869268]
[18.42412934 -7.13186457]
[18.44277834 -7.13483391]
[18.46122881 -7.13795452]
[18.48229354 -7.14169993]
[18.49843999 -7.14457737]
[18.51259672 -7.14729209]
[18.52693351 -7.15021843]
[18.53870221 -7.15272201]
[18.54939595 -7.15507641]
[18.55922223 -7.15729618]
[18.56839224 -7.15940279]
[18.57827482 -7.16169398]
[18.58768387 -7.16388376]
[18.59603598 -7.16582791]
[18.60379337 -7.16761794]
[18.61104947 -7.16926417]
[18.6179608  -7.17079431]
[18.6245868  -7.17221668]
[18.6309704  -7.17353656]
[18.63713953 -7.17475575]
[18.64311268 -7.1758739 ]
[18.64882913 -7.17687644]
[18.65436147 -7.17776975]
[18.65968648 -7.17854757]
[18.66554882 -7.17930311]
[18.67101047 -7.17997248]
[18.67604804 -7.18049184]
[18.68076706 -7.18084691]
[18.68574732 -7.18106474]
[18.69015729 -7.18117607]
[18.69429375 -7.18113396]
[18.69820422 -7.18092944]
[18.70191174 -7.18057215]
[18.70543889 -7.18007238]
[18.70884817 -7.1794279 ]
[18.71213361 -7.17865034]
[18.71532506 -7.17773543]
[18.71828149 -7.17673363]
[18.72110136 -7.1755842 ]
[18.72378484 -7.1742845 ]
[18.72637669 -7.17281666]
[18.72875167 -7.17127586]
[18.73102427 -7.16955423]
[18.73313762 -7.16770434]
[18.73510666 -7.1657107 ]
[18.73691775 -7.16358688]
[18.73859441 -7.16129604]
[18.74012899 -7.15885521]
[18.74157733 -7.15616405]
[18.74315558 -7.15280314]
[18.74460401 -7.14990293]
[18.74582032 -7.14699699]
[18.74682398 -7.14383872]
[18.74769765 -7.14007245]
[18.74843137 -7.13616121]
[18.74897725 -7.13231065]
[18.74924495 -7.12831391]
[18.74922824 -7.1241378 ]
[18.74896226 -7.1197176 ]
[18.74848421 -7.11498053]
[18.70203614 -7.02248126]
[18.68025867 -6.97761385]
[18.66871164 -6.95230539]
[18.66262548 -6.93733872]
[18.65947035 -6.92785329]
[18.65784549 -6.92118257]
[18.65697629 -6.91581785]
[18.65647067 -6.91093816]
[18.65615998 -6.90640228]
[18.65589276 -6.90177835]
[18.65561299 -6.89694828]
[18.65529708 -6.89188674]
[18.65490196 -6.88616388]
[18.65448958 -6.8802128 ]
[18.65405297 -6.87414501]
[18.6535522  -6.86786383]
[18.65295677 -6.86125246]
[18.65224648 -6.85417253]
[18.65137157 -6.8461076 ]
[18.65031562 -6.83643859]
[18.6101269  -6.76903009]
[18.58664123 -6.72684395]
[18.57211923 -6.69802306]
[18.56323257 -6.67772123]
[18.55642831 -6.65927888]
[18.55181789 -6.6430598 ]
[18.54960366 -6.63217526]
[18.54772646 -6.62175618]
[18.54592152 -6.61141738]
[18.54408869 -6.6011074 ]
[18.5421898  -6.59084759]
[18.54019806 -6.58060046]
[18.53803254 -6.57001747]
[18.53573571 -6.5593136 ]
[18.53330906 -6.54849554]
[18.53075217 -6.53757499]
[18.62375383 -6.58944445]
[18.68073853 -6.6179177 ]
[18.71730361 -6.63266615]
[18.73936552 -6.63772938]
[18.75185106 -6.63646812]
[18.75851925 -6.63094327]
[18.76095415 -6.62222386]
[18.76033248 -6.61147409]
[18.75774788 -6.59970262]
[18.75385101 -6.58714896]
[18.7488542  -6.57363687]
[18.7430047  -6.55949047]
[18.73652731 -6.54501709]
[18.72945681 -6.53016128]
[18.72219673 -6.51568828]
[18.71491344 -6.50183207]
[18.70728672 -6.48794319]
[18.69863314 -6.47285513]
[18.69023643 -6.45886483]
[18.67652771 -6.43697698]
[18.6653287  -6.41976371]
[18.65671441 -6.40708796]
[18.64823591 -6.39514869]
[18.63962332 -6.38359034]
[18.63050175 -6.37193921]
[18.62072225 -6.36006534]
[18.60895031 -6.34649006]
[18.59881902 -6.33545873]
[18.5887994  -6.32504944]
[18.57730711 -6.31365077]
[18.56682063 -6.3037849 ]
[18.55604754 -6.29411127]
[18.5451398  -6.28477362]
[18.53378376 -6.27550643]
[18.51572559 -6.26171871]
[18.49967826 -6.24978495]
[18.48526039 -6.23937891]
[18.47251054 -6.23049297]
[18.46066417 -6.22255629]
[18.44947102 -6.21538917]
[18.43871778 -6.20884288]
[18.42822549 -6.2027954 ]
[18.41800371 -6.19723304]
[18.40788045 -6.1920145 ]
[18.39776327 -6.1870692 ]
[18.35809656 -6.15166922]
[18.32537622 -6.12402755]
[18.29839091 -6.1027757 ]
[18.27529239 -6.086076  ]
[18.25481731 -6.07272624]
[18.22171465 -6.05366622]
[18.2079889  -6.04808488]
[18.19551892 -6.04393942]
[18.18367111 -6.04076081]
[18.17216788 -6.03828669]
[18.16118873 -6.03638513]
[18.15039379 -6.03484003]
[18.13930266 -6.0334848 ]
[18.12803294 -6.03227129]
[18.1161371  -6.03109798]
[18.10376213 -6.02994341]
[18.09191299 -6.0288639 ]
[18.07954597 -6.02771987]
[18.06661519 -6.02647122]
[18.05330742 -6.02510388]
[18.03983411 -6.02361074]
[18.02570896 -6.02190567]
[18.01162721 -6.02003973]
[17.99708953 -6.01792008]
[17.98232379 -6.01554371]
[17.96731756 -6.01287931]
[17.94753551 -6.00901215]
[17.92610431 -6.0043345 ]
[17.90605908 -5.99947816]
[17.88657265 -5.99427618]
[17.86894876 -5.98909756]
[17.85028864 -5.98312627]
[17.83149888 -5.97656219]
[17.81220752 -5.9692498 ]
[17.7919929  -5.96097899]
[17.77078122 -5.95164976]
[17.72181739 -5.91635821]
[17.66972113 -5.87969483]
[17.62741258 -5.85053603]
[17.58467165 -5.82138261]
[17.54856699 -5.79677451]
[17.50902965 -5.76992301]
[17.47268147 -5.74475565]
[17.43825155 -5.72025677]
[17.40393176 -5.69500634]
[17.37081352 -5.66966507]
[17.33786654 -5.64340065]
[17.30479077 -5.61590836]
[17.27060718 -5.58630566]
[17.35118551 -5.61820981]
[17.40853584 -5.63596168]
[17.44661428 -5.64112072]
[17.4666069 -5.6343455]
[17.47090047 -5.61716962]
[17.46207688 -5.59010671]
[17.44197238 -5.55491392]
[17.41175051 -5.515387  ]
[17.37436629 -5.422575  ]
[17.33271044 -5.33579497]
[17.28526247 -5.2488274 ]
[17.23252943 -5.16166357]
[17.17259599 -5.07055392]
[17.1146809 -4.9884602]
[17.05338377 -4.90571478]
[16.98091017 -4.81147273]
[16.91271416 -4.72537699]
[16.78685779 -4.66683799]
[16.67729467 -4.60783782]
[16.57698632 -4.54590687]
[16.48508654 -4.48101983]
[16.40664721 -4.41788703]
[16.33217203 -4.35049753]
[16.26310474 -4.28034192]
[16.20033836 -4.20921419]
[16.13996331 -4.13366115]
[16.08304067 -4.05547399]
[16.0289641  -3.97477251]
[15.97714986 -3.89170768]
[15.92582018 -3.80424648]
[15.87909253 -3.72066605]
[15.83262364 -3.63477074]
[15.78470154 -3.54431699]
[15.7372693  -3.45395384]
[15.68753354 -3.35941465]
[15.63764743 -3.26584128]
[15.58483974 -3.16901882]
[15.52741616 -3.0671865 ]
[15.46919444 -2.96856051]
[15.40727559 -2.86925062]
[15.3475285  -2.77964352]
[15.28399958 -2.69095619]
[15.22298849 -2.6127437 ]
[15.15805734 -2.53658619]
[15.09062886 -2.46535049]
[15.02054543 -2.3994337 ]
[14.95119647 -2.34218373]
[14.87872187 -2.28985061]
[14.80285236 -2.2425737 ]
[14.72339962 -2.20059396]
[14.64026144 -2.1642337 ]
[14.55342597 -2.13386936]
[14.46297431 -2.1098983 ]
[14.36647248 -2.09222917]
[14.24235106 -2.07972399]
[14.12536564 -2.08012652]
[14.01160448 -2.09073061]
[13.89634989 -2.11064408]
[13.78909297 -2.13697811]
[13.68756952 -2.16788848]
[13.58926101 -2.20240695]
[13.48869434 -2.24130609]
[13.38912701 -2.2823756 ]
[13.28801422 -2.32541602]
[13.18294143 -2.37004288]
[13.08527385 -2.40971028]
[12.99728073 -2.44233143]
[12.90777145 -2.47117421]
[12.82173933 -2.49314291]
[12.73611439 -2.50825366]
[12.63745523 -2.51677322]
[12.53569397 -2.51389825]
[12.44084695 -2.49976522]
[12.35265717 -2.47716752]
[12.20845025 -2.42732803]
[12.12044466 -2.38546992]
[12.03436217 -2.33937743]
[11.94461665 -2.28719717]
[11.85701932 -2.2332436 ]
[11.76633906 -2.17556367]
[11.67608726 -2.11755074]
[11.58990951 -2.06285756]
[11.50307524 -2.00976141]
[11.42473539 -1.96513888]
[11.35003803 -1.92690863]
[11.27975899 -1.89657754]
[11.21461329 -1.87552778]
[11.15521763 -1.86496432]
[11.10205889 -1.86586876]
[11.05546921 -1.87896228]
[11.01692968 -1.90380403]
[10.98568552 -1.93918549]
[10.95900534 -1.98700825]
[10.93858486 -2.04399547]
[10.92221696 -2.11320486]
[10.91016963 -2.19220313]
[10.90195558 -2.27698708]
[10.89597713 -2.37224198]
[10.89166007 -2.47404317]
[10.88795872 -2.58113975]
[10.88376807 -2.69223754]
[10.8781423  -2.80208566]
[10.86960652 -2.91719337]
[10.85708947 -3.03239799]
[10.84066747 -3.13856612]
[10.81888514 -3.24271461]
[10.79086086 -3.34386358]
[10.7545074  -3.44470328]
[10.71144098 -3.5369447 ]
[10.66012133 -3.62356551]
[10.60012325 -3.70376374]
[10.53117241 -3.77676606]
[10.45315863 -3.84182444]
[10.36614758 -3.89821761]
[10.27039492 -3.94526099]
[10.17021072 -3.98094353]
[10.06705873 -4.00588123]
[ 9.95363402 -4.02207328]
[ 9.82554701 -4.02823341]
[ 9.70194495 -4.02245152]
[ 9.58012376 -4.00675206]
[ 9.45164705 -3.9805404 ]
[ 9.32766105 -3.94584891]
[ 9.19955971 -3.90098071]
[ 9.07379241 -3.84790352]
[ 8.95178591 -3.78785677]
[ 8.84390352 -3.72733377]
[ 8.73704308 -3.66078911]
[ 8.64099964 -3.5949188 ]
[ 8.55201126 -3.52867028]
[ 8.46739637 -3.46092365]
[ 8.39494871 -3.39888849]
[ 8.32868873 -3.33892006]
[ 8.27467658 -3.28763069]
[ 8.22810011 -3.24189469]
[ 8.19309827 -3.20698194]
[ 8.16607091 -3.18059122]
[ 8.14919913 -3.16603995]
[ 8.14043115 -3.16223675]
[ 8.13894027 -3.16996919]
[ 8.14418289 -3.19048405]
[ 8.15485009 -3.2204283 ]
[ 8.17079164 -3.26094351]
[ 8.19000766 -3.30826568]
[ 8.2121249  -3.36278215]
[ 8.2363192  -3.42344105]
[ 8.26293928 -3.49196367]
[ 8.29027057 -3.56459563]
[ 8.31655595 -3.63676429]
[ 8.34358944 -3.71329088]
[ 8.36874123 -3.78643298]
[ 8.39396273 -3.86123882]
[ 8.41694501 -3.93002059]
[ 8.43962993 -3.99764086]
[ 8.4592156 -4.0544072]
[ 8.47768348 -4.10545034]
[ 8.49506547 -4.14983271]
[ 8.51141924 -4.18668821]
[ 8.52681754 -4.2152311 ]
[ 8.54133516 -4.23476377]
[ 8.55503534 -4.24468394]
[ 8.56795699 -4.24449159]
[ 8.58065746 -4.23332921]
[ 8.59197684 -4.21134113]
[ 8.60241383 -4.17843737]
[ 8.6118231 -4.1345788]
[ 8.62001126 -4.07984514]
[ 8.62674044 -4.01442939]
[ 8.63173366 -3.93862782]
[ 8.63468159 -3.85282537]
[ 8.63525055 -3.75747676]
[ 8.63309116 -3.65308415]
[ 8.62784789 -3.54017258]
[ 8.61916918 -3.41926501]
[ 8.60614977 -3.28503006]
[ 8.59071658 -3.15723061]
[ 8.57188197 -3.0234225 ]
[ 8.54972549 -2.88399648]
[ 8.52555564 -2.74615833]
[ 8.49992571 -2.61085436]
[ 8.47042932 -2.46426568]
[ 8.43854294 -2.31350328]
[ 8.4063316 -2.1665729]
[ 8.36736725 -1.99276487]
[ 8.31816425 -1.77512365]
[ 8.27291124 -1.57043516]
[ 8.23305095 -1.38127575]
[ 8.19604516 -1.19322178]
[ 8.1659603  -1.02449146]
[ 8.1388066  -0.85255152]
[ 8.11806644 -0.69552528]
[ 8.10066393 -0.52646409]
[ 8.09319112 -0.4048164 ]
[ 8.09062839 -0.2885922 ]
[ 8.09351644 -0.19183486]
[ 8.10171168 -0.10526963]
[ 8.11503533 -0.03652372]
[8.13160329e+00 7.82114504e-03]
[8.15275111 0.03723616]
[8.17715179 0.04743192]
[8.20261594 0.0384336 ]
[8.22952152 0.0116738 ]
[ 8.25852936 -0.03524816]
[ 8.2855834  -0.09806654]
[ 8.31125288 -0.17765116]
[ 8.3358079 -0.2785658]
[ 8.35645366 -0.39629698]
[ 8.37116406 -0.52250974]
[ 8.38079142 -0.66904747]
[ 8.38288212 -0.81971395]
[ 8.37740428 -0.98010957]
[ 8.36270148 -1.15813922]
[ 8.33891906 -1.33388207]
[ 8.3032726 -1.5248842]
[ 8.24827156 -1.75090006]
[ 8.17315888 -1.99065854]
[ 8.08321734 -2.22101355]
[ 7.98087775 -2.43974289]
[ 7.86310926 -2.65560007]
[ 7.73674084 -2.85690164]
[ 7.60454078 -3.04307699]
[ 7.45411938 -3.23302811]
[ 7.30961774 -3.39784423]
[ 7.1662758  -3.54773349]
[ 7.01750698 -3.69190651]
[ 6.86438553 -3.83015335]
[ 6.70803147 -3.96234307]
[ 6.54959536 -4.08841821]
[ 6.39024172 -4.20838811]
[ 6.23113169 -4.32232158]
[ 6.06414175 -4.43670776]
[ 5.90003066 -4.54466938]
[ 5.74892457 -4.64079956]
[ 5.60244732 -4.73166334]
[ 5.46146094 -4.81749649]
[ 5.326722   -4.89854483]
[ 5.19886937 -4.9750575 ]
[ 5.0784142  -5.04728091]
[ 4.96573214 -5.11545376]
[ 4.86105796 -5.17980286]
[ 4.75880808 -5.24411902]
[ 4.67078915 -5.30126864]
[ 4.5906161  -5.35520205]
[ 4.52044593 -5.40690505]
[ 4.46175106 -5.45299865]
[ 4.41021948 -5.49699755]
[ 4.36585782 -5.53918189]
[ 4.3307479  -5.57724448]
[ 4.29929099 -5.61647757]
[ 4.27349423 -5.65436131]
[ 4.25236887 -5.69091356]
[ 4.23471852 -5.72606831]
[ 4.21917075 -5.75967295]
[ 4.20421431 -5.79148784]
[ 4.18824126 -5.82118778]
[ 4.16959313 -5.84836533]
[ 4.14660991 -5.87253565]
[ 4.1176809  -5.89314271]
[ 4.0812956  -5.90956677]
[ 4.03917844 -5.92064547]
[ 3.98848365 -5.92698424]
[ 3.9205373  -5.92822173]
[ 3.84940351 -5.92269878]
[ 3.77367887 -5.91167185]
[ 3.68330414 -5.89361631]
[ 3.58331329 -5.86845137]
[ 3.47431793 -5.83585621]
[ 3.35721188 -5.79559432]
[ 3.19186681 -5.7316133 ]
[ 3.06101593 -5.67308519]
[ 2.92683599 -5.60696198]
[ 2.79118303 -5.53346826]
[ 2.65603552 -5.45294662]
[ 2.53228008 -5.37164357]
[ 2.4038709  -5.27891361]
[ 2.28201121 -5.1807755 ]
[ 2.16868345 -5.07796754]
[ 2.06575054 -4.97129235]
[ 1.97491327 -4.86159637]
[ 1.90282189 -4.75718989]
[ 1.83933283 -4.64407894]
[ 1.79166249 -4.5304585 ]
[ 1.76057496 -4.41713289]
[ 1.74655324 -4.30484349]
[ 1.74979659 -4.19425229]
[ 1.77022504 -4.08592894]
[ 1.80749027 -3.98034161]
[ 1.86080338 -3.89318084]
[ 1.92775937 -3.80842395]
[ 2.00803035 -3.72612771]
[ 2.10106406 -3.64630894]
[ 2.20610854 -3.56894817]
[ 2.3305359  -3.48864624]
[ 2.45735898 -3.4162192 ]
[ 2.59292816 -3.34602302]
[ 2.73595252 -3.27794248]
[ 2.88507507 -3.21185363]
[ 3.03889593 -3.14762879]
[ 3.19599338 -3.08514082]
[ 3.35494252 -3.02426649]
[ 3.51433152 -2.96488884]
[ 3.6727754  -2.90689853]
[ 3.82892748 -2.85019419]
[ 3.98148875 -2.79468178]
[ 4.12921524 -2.74027318]
[ 4.27092388 -2.68688406]
[ 4.41513014 -2.63068798]
[ 4.54084187 -2.57917505]
[ 4.65733742 -2.52842091]
[ 4.76371703 -2.47832577]
[ 4.85915682 -2.42877905]
[ 4.94291094 -2.37965701]
[ 5.0167106  -2.33221222]
[ 5.08238711 -2.28153753]
[ 5.13036228 -2.23439697]
[ 5.16602377 -2.18725224]
[ 5.18943189 -2.13992021]
[ 5.20062952 -2.09216645]
[ 5.19964294 -2.04371663]
[ 5.18648305 -1.99426692]
[ 5.16114724 -1.9434934 ]
[ 5.12362188 -1.89106052]
[ 5.07388549 -1.83662869]
[ 5.01191271 -1.77986104]
[ 4.93767904 -1.72042956]
[ 4.85116654 -1.65802073]
[ 4.75237032 -1.59234066]
[ 4.64130598 -1.52312004]
[ 4.51801778 -1.45011879]
[ 4.38258757 -1.37313077]
[ 4.23514425 -1.2919883 ]
[ 4.07587344 -1.20656682]
[ 3.90502729 -1.11678943]
[ 3.72293384 -1.02263152]
[ 3.53000581 -0.92412511]
[ 3.32674815 -0.82136312]
[ 3.11376413 -0.71450309]
[ 2.89175945 -0.60377034]
[ 2.66154409 -0.48946028]
[ 2.40707054 -0.36353303]
[ 2.14544307 -0.23444335]
[ 1.89585763 -0.11161043]
[1.64245959 0.01282883]
[1.38652659 0.13823197]
[1.11103569 0.27289518]
[0.85420095 0.39802275]
[0.59906203 0.5218616 ]
[0.34704978 0.64362532]
[0.09959614 0.76252498]
[-0.15912048  0.8860306 ]
[-0.40924713  1.00444035]
[-0.64911438  1.11689227]
[-0.87710529  1.22260157]
[-1.09166222  1.32087794]
[-1.2912917   1.41114008]
[-1.47456823  1.49292665]
[-1.64013821  1.56590333]
[-1.78672487  1.62986612]
[-1.91313546  1.68474065]
[-2.01827149  1.73057803]
[-2.09561625  1.76507912]
[-2.15290583  1.79209648]
[-2.18953262  1.81192515]
[-2.22408981  1.84069944]
[-2.1894456  1.8402071]
[-2.1295055   1.83396825]
[-2.04522308  1.82222257]
[-1.93705191  1.80560816]
[-1.81443722  1.78615481]
[-1.67246924  1.76352666]
[-1.51209591  1.73820886]
[-1.3344358  1.7106609]
[-1.14075995  1.68131015]
[-0.93246907  1.65054617]
[-0.71106684  1.61871577]
[-0.47813046  1.58611889]
[-0.21796579  1.55063427]
[0.0516296  1.51480948]
[0.32867659 1.47881608]
[0.61126833 1.44275372]
[0.89760739 1.40665096]
[1.18603752 1.37046758]
[1.45583499 1.33652629]
[1.72507624 1.30227358]
[1.99284405 1.26753459]
[2.27730067 1.22956669]
[2.55843609 1.19052464]
[2.83950415 1.14812216]
[3.0993895  1.10641697]
[3.37650591 1.05867375]
[3.65319049 1.00677536]
[3.93002456 0.9500546 ]
[4.18877732 0.8921838 ]
[4.46633641 0.82506119]
[4.72550911 0.75722426]
[4.98443439 0.68467259]
[5.24267906 0.60764706]
[5.49974627 0.5265022 ]
[5.7551046  0.44168882]
[6.00821309 0.35373572]
[6.25854205 0.2632314 ]
[6.50558957 0.17080611]
[6.74889417 0.07711476]
[ 6.98804387 -0.01717898]
[ 7.22268162 -0.11141716]
[ 7.45250777 -0.20496032]
[ 7.6772798  -0.29719846]
[ 7.89680987 -0.38756023]
[ 8.14171228 -0.48810177]
[ 8.37940046 -0.58475353]
[ 8.58087065 -0.66536602]
[ 8.77681427 -0.7422343 ]
[ 8.96723792 -0.81507529]
[ 9.15216407 -0.88366346]
[ 9.34451298 -0.95242707]
[ 9.51812947 -1.01169654]
[ 9.6863627  -1.06636566]
[ 9.84924496 -1.11642678]
[10.01810733 -1.16518436]
[10.16994679 -1.20585589]
[10.31649272 -1.24218984]
[10.46785985 -1.27667546]
[10.60666463 -1.30695553]
[10.75112775 -1.33658211]
[10.8923343  -1.36476325]
[11.02207842 -1.39105678]
[11.15056281 -1.41837039]
[11.27822041 -1.44756976]
[11.41434922 -1.48162499]
[11.54088823 -1.51682305]
[11.66681635 -1.55555976]
[11.79189518 -1.59805502]
[11.91576243 -1.64438431]
[12.03794775 -1.69449022]
[12.15788791 -1.74819599]
[12.28321125 -1.80926374]
[12.39637892 -1.86943857]
[12.50513568 -1.9320829 ]
[12.60867589 -1.9966952 ]
[12.70616253 -2.0627348 ]
[12.8030589  -2.13436771]
[12.8852398 -2.2015488]
[12.95869307 -2.2684027 ]
[13.02254089 -2.33437352]
[13.07591346 -2.39892995]
[13.11795515 -2.461573  ]
[13.14973516 -2.52607594]
[13.16565395 -2.58332227]
[13.16764555 -2.64115133]
[13.15410197 -2.69138946]
[13.12523646 -2.73777821]
[13.07685102 -2.78298314]
[13.01414686 -2.82057654]
[12.93418561 -2.85357102]
[12.82903177 -2.88363885]
[12.71161812 -2.90634443]
[12.56518419 -2.92479045]
[12.40832224 -2.93599452]
[12.21865156 -2.94131107]
[12.02073989 -2.93934445]
[11.80257076 -2.93024232]
[11.54623667 -2.91197321]
[11.28566946 -2.88595074]
[11.00461038 -2.8505637 ]
[10.68091128 -2.80137027]
[10.35824985 -2.74355845]
[10.01625305 -2.67335177]
[ 9.65574533 -2.58964975]
[ 9.27782552 -2.49133327]
[ 8.88389534 -2.37729558]
[ 8.47568269 -2.24647891]
[ 8.05525722 -2.09791615]
[ 7.62503604 -1.9307767 ]
[ 7.18777733 -1.74441523]
[ 6.77499418 -1.56088769]
[ 6.36411512 -1.35425102]
[ 5.93373535 -1.10793973]
[ 5.54767854 -0.85549084]
[ 5.18316886 -0.58310163]
[ 4.84604043 -0.29300122]
[4.54156667 0.01200224]
[4.2743141  0.32856812]
[4.04802415 0.65289548]
[3.86552906 0.98081711]
[3.7225396  1.33107881]
[3.63325602 1.67465722]
[3.59621624 1.98435474]
[3.60920606 2.2994223 ]
[3.66428651 2.57323756]
[3.77120025 2.84071532]
[3.90776073 3.06236522]
[4.0945475  3.26682304]
[4.31584876 3.4341525 ]
[4.5467197  3.55491284]
[4.82075491 3.64539124]
[5.09201934 3.69275078]
[5.3766399  3.70452019]
[5.67071282 3.6812759 ]
[5.99457158 3.61871615]
[6.2964155  3.52677598]
[6.59693352 3.40436236]
[6.89309085 3.25366772]
[7.18211026 3.07714627]
[7.46147774 2.87745929]
[7.72894439 2.65742209]
[8.00225307 2.40200156]
[8.23892096 2.14928403]
[8.45843075 1.88531987]
[8.65958695 1.61306052]
[8.84144015 1.33539135]
[9.00328024 1.05510066]
[9.14462871 0.77485276]
[9.26522983 0.49716532]
[9.3650406  0.22439071]
[ 9.44421921 -0.0412989 ]
[ 9.62299558 -0.36139031]
[ 9.7669155  -0.66096921]
[ 9.87739507 -0.93904183]
[ 9.95594701 -1.1948406 ]
[10.0076158 -1.4444254]
[10.02521102 -1.6524069 ]
[10.01606941 -1.83703419]
[ 9.97957184 -2.00983676]
[ 9.91669326 -2.15598601]
[ 9.82978531 -2.27592824]
[ 9.72120663 -2.3703026 ]
[ 9.6018279  -2.43531566]
[ 9.46750926 -2.47967021]
[ 9.32004546 -2.50428369]
[ 9.16116806 -2.5101703 ]
[ 8.9925314  -2.49842874]
[ 8.80306791 -2.46818254]
[ 8.60599754 -2.42046187]
[ 8.4165371  -2.36109389]
[ 8.22315082 -2.28923057]
[ 8.01292301 -2.20025416]
[ 7.80067141 -2.1000581 ]
[ 7.60167201 -1.99761073]
[ 7.40254558 -1.88816794]
[ 7.20388502 -1.773036  ]
[ 7.00616902 -1.65349058]
[ 6.80976681 -1.53077112]
[ 6.61494383 -1.40607699]
[ 6.40808088 -1.27160848]
[ 6.21699579 -1.1464817 ]
[ 6.01422906 -1.01396658]
[ 5.81348524 -0.88435675]
[ 5.62783468 -0.76719702]
[ 5.43038777 -0.64655115]
[ 5.24726405 -0.53983242]
[ 5.06490019 -0.43951633]
[ 4.88294849 -0.34647387]
[ 4.68805636 -0.25553893]
[ 4.50579138 -0.18027743]
[ 4.32282379 -0.11479473]
[ 4.13880477 -0.05984676]
[ 3.95341358 -0.01615544]
[3.76636819 0.01559516]
[3.5774354  0.03476286]
[3.38644016 0.04075151]
[3.19327397 0.03301467]
[2.99790228 0.01105887]
[ 2.80037065 -0.02555395]
[ 2.58655903 -0.0809659 ]
[ 2.37067313 -0.1540882 ]
[ 2.153113   -0.24526856]
[ 1.93440255 -0.35477517]
[ 1.71519034 -0.4827972 ]
[ 1.51084247 -0.61960829]
[ 1.30747972 -0.77264171]
[ 1.10591228 -0.94182974]
[ 0.90703606 -1.12704392]
[ 0.71182789 -1.32808938]
[ 0.50773532 -1.56022077]
[ 0.31040383 -1.80978319]
[ 0.13389338 -2.05843698]
[-0.04620963 -2.34006885]
[-0.21516527 -2.63702114]
[-0.37144475 -2.94820639]
[-0.51355951 -3.27229877]
[-0.64010394 -3.60771804]
[-0.74980257 -3.95262253]
[-0.84155957 -4.30491409]
[-0.91450844 -4.66225724]
[-0.96805858 -5.02211433]
[-0.99968169 -5.35781339]
[-1.01418767 -5.69120496]
[-1.01190766 -6.01999785]
[-0.99345087 -6.34196862]
[-0.95968447 -6.65503539]
[-0.91171224 -6.95733517]
[-0.85084068 -7.24730147]
[-0.77852604 -7.52373877]
[-0.6963078  -7.78588973]
[-0.60573044 -8.03349093]
[-0.50825601 -8.26681261]
[-0.40517132 -8.48667795]
[-0.28979296 -8.70921935]
[-0.17006211 -8.92002086]
[-0.04619509 -9.12205891]
[ 0.0736684  -9.30575299]
[ 0.19852641 -9.48792301]
[ 0.33914098 -9.68453406]
[ 0.48917457 -9.88626231]
[  0.65134325 -10.09629434]
[  0.82862286 -10.3171853 ]
[  1.02401563 -10.55066189]
[  1.22585658 -10.78125431]
[  1.44781095 -11.02319039]
[  1.70858132 -11.29311649]
[  1.97557441 -11.55433825]
[  2.26447042 -11.82132663]
[  2.57431396 -12.09097596]
[  2.90340992 -12.35976903]
[  4.13236165 -13.20121504]
[  5.29752915 -13.96099924]
[  6.39791178 -14.64161113]
[  7.4330258  -15.24514462]
[  8.40294308 -15.77329484]
[  9.30830931 -16.22736678]
[ 10.15034317 -16.60829525]
[ 10.98670168 -16.93764038]
[ 11.75492405 -17.1838306 ]
[ 12.41140607 -17.33728007]
[ 13.05849933 -17.42275192]
[ 13.60951975 -17.42608333]
[ 14.11559649 -17.35665834]
[ 14.58086009 -17.21443611]
[ 15.04070781 -16.9823743 ]
[ 15.43485575 -16.69068591]
[ 15.8281232  -16.30048186]
[ 16.1690938  -15.86517066]
[ 16.49027581 -15.36457677]
[ 16.79487499 -14.80270133]
[ 17.08550602 -14.1846108 ]
[ 17.36407087 -13.51644454]
[ 17.63165824 -12.80535585]
[ 17.88847601 -12.0593824 ]
[ 18.13382801 -11.28724926]
[ 18.38380771 -10.44034717]
[18.59929253 -9.6437926 ]
[18.81112249 -8.79158274]
[18.98385735 -8.00938448]
[19.13042735 -7.24631605]
[19.24706738 -6.5092559 ]
[19.33022246 -5.80400095]
[19.38049192 -5.08716296]
[19.38533471 -4.41686272]
[19.34509014 -3.83752136]
[19.25674124 -3.26375762]
[19.12813969 -2.77645234]
[18.95730069 -2.33339828]
[18.74541047 -1.93380994]
[19.02838931 -2.75371403]
[19.2713182  -3.58791453]
[19.47972289 -4.42746468]
[19.6588516 -5.26387  ]
[19.8136034  -6.08918195]
[19.94847471 -6.89608775]
[20.06752135 -7.67799302]
[20.17433378 -8.42909304]
[20.27202257 -9.1444291 ]
[20.36321154 -9.8199268 ]
[ 20.45742037 -10.49557995]
[ 20.54141401 -11.07933655]
[ 20.62390867 -11.61637686]
[ 20.7055365 -12.1062091]
[ 20.79379975 -12.57839728]
[ 20.87346939 -12.9721082 ]
[ 20.95105889 -13.32166989]
[ 21.02508845 -13.62926697]
[ 21.09350085 -13.89749946]
[ 21.15362618 -14.12926208]
[ 21.20214304 -14.32760703]
[ 21.23504065 -14.49558521]
[ 21.24758939 -14.63605924]
[ 21.23433344 -14.75148064]
[ 21.18912713 -14.84362538]
[ 21.1019144 -14.9156496]
[ 20.96172661 -14.96138866]
