Person 91
Starting Actual Velocity = [ 0.94683467 -0.73010415]
[ 14.91666048 -11.44195015]
[ 15.54153458 -11.95817658]
[ 15.67792376 -12.09809999]
[ 15.70111447 -12.1502472 ]
[ 15.68493642 -12.17503511]
[ 15.65562625 -12.19211949]
[ 15.62093804 -12.20707413]
[ 15.5837945  -12.22056802]
[ 15.54416874 -12.23409527]
[ 15.50409707 -12.24541769]
[ 15.45939856 -12.26020247]
[ 15.41637558 -12.27149278]
[ 15.3718991  -12.28283988]
[ 15.32863116 -12.29160314]
[ 15.29003585 -12.29420142]
[ 15.24332337 -12.30322145]
[ 15.21198753 -12.29738361]
[ 15.22705114 -12.25313726]
[ 15.1336636  -12.28927495]
[ 15.07681079 -12.30006911]
[ 15.06724953 -12.27584975]
[ 15.01008313 -12.28457272]
[ 14.97056113 -12.28187673]
[ 14.94067948 -12.27288473]
[ 14.91790311 -12.2592424 ]
[ 14.9459161  -12.21420303]
[ 14.93551027 -12.19038191]
[ 14.89890391 -12.18130567]
[ 14.87787964 -12.16441298]
[ 14.86649624 -12.1427739 ]
[ 14.86506351 -12.11635227]
[ 14.8693647  -12.08735613]
[ 14.8776797  -12.05675699]
[ 14.88927498 -12.02504245]
[ 14.90380114 -11.99251036]
[ 14.91573608 -11.96137416]
[ 14.9334219  -11.92872261]
[ 14.952012   -11.89629308]
[ 15.03936924 -11.84426892]
[ 15.04712771 -11.81418611]
[ 15.04646923 -11.78726943]
[ 15.05689036 -11.75848176]
[ 15.12941726 -11.71715887]
[ 15.1278759  -11.68980606]
[ 15.13956982 -11.66073542]
[ 15.16244532 -11.62994155]
[ 15.19036626 -11.59810368]
[ 15.22066587 -11.5653054 ]
[ 15.25775588 -11.53064623]
[ 15.29523483 -11.49425011]
[ 15.33627295 -11.45418752]
[ 15.36033076 -11.41145048]
[ 15.3934068  -11.36339014]
[ 15.43120897 -11.30901916]
[ 15.47732027 -11.24648656]
[ 15.50653241 -11.17702085]
[ 15.54968394 -11.09691773]
[ 15.58965479 -11.00581944]
[ 15.63141078 -10.90204967]
[ 15.67182929 -10.7848532 ]
[ 15.71697483 -10.65194991]
[ 15.76144369 -10.50286985]
[ 15.81821301 -10.33267551]
[ 15.94382125 -10.12236181]
[15.94378011 -9.9103239 ]
[15.93282873 -9.69354559]
[15.93077507 -9.46228146]
[15.95931131 -9.1988387 ]
[15.93861462 -8.92279322]
[15.86292611 -8.64535073]
[15.76033716 -8.35964718]
[15.63039643 -8.06315352]
[15.47529391 -7.75117148]
[15.29855507 -7.41883995]
[15.11911822 -7.05516106]
[14.87862724 -6.69444065]
[14.64215945 -6.31480562]
[14.40203177 -5.91599232]
[14.13707035 -5.50137605]
[13.83233465 -5.07726361]
[13.51289632 -4.65653537]
[13.25222005 -4.28137397]
[13.06434261 -4.03403472]
[13.05236818 -3.95591161]
[13.15925425 -4.0321991 ]
[13.27172532 -4.18728951]
[13.4241317  -4.34340532]
[13.36973877 -4.42567842]
[13.13150539 -4.40973685]
[12.78044924 -4.28374116]
[12.33511197 -4.05081342]
[11.75459651 -3.73557799]
[10.93439616 -3.35945954]
[ 9.80395825 -2.93293146]
[ 8.59499469 -2.72893168]
[ 7.67582731 -2.51911276]
[ 7.21610274 -2.34732603]
[ 7.23085427 -2.31751417]
[ 7.98154329 -2.43478568]
[ 9.10261171 -2.35424801]
[ 9.47814325 -2.23903421]
[ 9.68685598 -1.98438777]
[ 9.64855459 -1.60091601]
[ 9.56695241 -1.59754766]
[ 9.47608259 -2.14452089]
[ 9.45150904 -3.06901177]
[ 9.58593278 -4.03700506]
[10.04586297 -4.88214613]
[10.74898725 -5.59600366]
[11.46312577 -6.20354056]
[12.10696857 -6.87408413]
[12.14511159 -7.64965602]
[11.93724104 -8.01212543]
[11.36876793 -8.11382871]
[10.33096451 -8.14067088]
[ 8.68180828 -8.03680429]
[ 6.296022   -7.70985298]
[ 3.51359288 -6.99174789]
[ 1.53769298 -5.75781107]
[ 1.89832303 -4.32897386]
[ 3.29481485 -2.85693588]
[ 4.54480224 -1.93286787]
[ 4.75485359 -1.73190357]
[ 3.67898021 -1.94267917]
[ 1.73335672 -3.49691485]
[-1.54257135 -4.66154718]
[-4.83745658 -4.71934058]
[-6.45544607 -4.4123955 ]
[-4.49306223 -5.08669273]
[-0.08589688 -5.53412672]
[ 9.67521296 -4.30337948]
[10.5772837  -2.40078629]
[ 8.57500912 -1.95188538]
[ 6.39149515 -1.55242922]
[ 4.64639283 -0.47487595]
[3.86432851 1.57292798]
[4.4818266  4.03555912]
[7.73720446 5.38983016]
[9.66998057 3.98517793]
[10.97264142  1.05652908]
[12.24782495 -2.73630218]
[13.05058798 -5.47084999]
[14.09887097 -7.36551972]
[15.11472694 -8.5883059 ]
[ 17.91735538 -12.6207587 ]
[ 19.30097731 -15.09105442]
[ 19.21001508 -16.13998035]
[ 17.69827627 -16.63984248]
[ 14.78035275 -16.20159947]
[ 10.95162564 -15.09599038]
[  7.00802704 -13.37984556]
[  3.83746702 -10.89519761]
[ 1.87432019 -7.59354813]
[ 0.88266782 -4.50177581]
[ 0.68812294 -4.4503329 ]
[  2.51240026 -13.13938618]
[  2.84367335 -19.6985075 ]
[  1.56516633 -24.15309331]
[ -0.35478303 -26.1415087 ]
[ -0.24178498 -25.26278118]
[  2.3213462  -21.06712836]
[ 10.07516887 -10.3520851 ]
[ 12.87109732 -14.56224959]
[ 15.93089348 -16.87054409]
[ 19.39844434 -17.65254472]
