Person 91
Starting Actual Velocity = [0.41797616 1.12650416]
[ 6.57332712 17.71618819]
[ 6.85156628 18.49840697]
[ 6.91399614 18.70152745]
[ 6.92593757 18.77246045]
[ 6.92100293 18.80062111]
[ 6.9106481  18.81680994]
[ 6.89819755 18.82997478]
[ 6.88440898 18.84302024]
[ 6.86972461 18.8566504 ]
[ 6.85380622 18.87158528]
[ 6.83770213 18.88701719]
[ 6.8206649  18.90372946]
[ 6.80313713 18.92137734]
[ 6.78488641 18.94026208]
[ 6.76530672 18.961127  ]
[ 6.74602985 18.98236347]
[ 6.72492078 19.00640957]
[ 6.69868532 19.03752489]
[ 6.67805223 19.06338089]
[ 6.65818531 19.08937976]
[ 6.6365247  19.11922574]
[ 6.61817443 19.14623503]
[ 6.60110485 19.17304151]
[ 6.58540641 19.19964103]
[ 6.57112109 19.22608196]
[ 6.55653668 19.25605817]
[ 6.54406404 19.28542136]
[ 6.5345028  19.31221372]
[ 6.52736456 19.33772492]
[ 6.52276829 19.36190227]
[ 6.52078888 19.38489538]
[ 6.52160509 19.40653828]
[ 6.52543935 19.42660859]
[ 6.53258206 19.44480448]
[ 6.54340257 19.46073308]
[ 6.55817196 19.47372644]
[ 6.57757624 19.48334106]
[ 6.6021247  19.48879062]
[ 6.63689172 19.48927843]
[ 6.67677921 19.48345155]
[ 6.72340922 19.46984511]
[ 6.77887144 19.44678104]
[ 6.85215823 19.40863267]
[ 6.93027132 19.36075937]
[ 7.01893439 19.29899405]
[ 7.16106881 19.24934197]
[ 7.29993845 19.17222693]
[ 7.44124767 19.07506096]
[ 7.58576917 18.95955687]
[ 7.7265944  18.82800612]
[ 7.85533207 18.68015769]
[ 7.95438379 18.52338023]
[ 8.01904391 18.34873812]
[ 8.0367158  18.15175667]
[ 7.99623972 17.92323551]
[ 7.89572425 17.67174089]
[ 7.73893812 17.3801164 ]
[ 7.5433531 17.0620063]
[ 7.33060627 16.72631189]
[ 7.13079122 16.392928  ]
[ 6.98485585 16.08460986]
[ 6.93141944 15.82759176]
[ 6.97103448 15.60191174]
[ 7.13018494 15.38346081]
[ 7.37051369 15.31760032]
[ 6.33348679 13.63009146]
[ 6.44403949 13.44498341]
[ 7.03543671 13.88118213]
[ 7.60541271 14.21017302]
[ 7.99316846 14.21182232]
[ 8.52047574 14.23887947]
[ 9.08675512 13.99797939]
[ 9.45363698 13.18836511]
[ 9.35301131 11.503535  ]
[9.07105772 8.7809028 ]
[10.10115611  6.13254673]
[12.57900708  5.9914627 ]
[14.18679675  8.54433093]
[12.95777098 11.13897507]
[ 8.90621837 13.8793537 ]
[ 4.32302002 15.56099759]
[ 1.93314394 15.98457571]
[ 2.34756319 17.35326971]
[ 2.09267002 16.33776491]
[ 0.54327397 13.64648259]
[-1.38703549 14.50019721]
[ 2.74434263 17.22138866]
[ 7.16298511 17.19531016]
[ 7.1551178  17.28424366]
[ 3.3744123  18.07706707]
[ 4.83641958 19.25599013]
[14.79810296 20.04556946]
[26.31486154 21.71947808]
