Person 91
Starting Actual Velocity = [ 0.81661469 -0.89713992]
[ 12.84307393 -14.10858368]
[ 13.47768768 -14.6616399 ]
[ 13.69220834 -14.75472022]
[ 13.81166693 -14.74317787]
[ 13.89725945 -14.70237735]
[ 13.97138204 -14.65682121]
[ 14.04097087 -14.61313633]
[ 14.10960751 -14.57223093]
[ 14.17727077 -14.53516981]
[ 14.24636259 -14.50095578]
[ 14.31248908 -14.47208472]
[ 14.37946207 -14.4463607 ]
[ 14.44543764 -14.42481324]
[ 14.51143761 -14.40711174]
[ 14.57951446 -14.39316366]
[ 14.64381336 -14.38485705]
[ 14.71196866 -14.38075856]
[ 14.79368475 -14.38338494]
[ 14.85500622 -14.3956799 ]
[ 14.91397396 -14.41042433]
[ 14.97831165 -14.43082938]
[ 15.03317289 -14.4544502 ]
[ 15.08511745 -14.48097776]
[ 15.13438844 -14.5103598 ]
[ 15.18140595 -14.54258636]
[ 15.23286047 -14.5824886 ]
[ 15.28228621 -14.62618675]
[ 15.32669923 -14.66939711]
[ 15.36822513 -14.71295413]
[ 15.40705593 -14.75659286]
[ 15.44375972 -14.80050748]
[ 15.47844901 -14.84443613]
[ 15.51114504 -14.88804042]
[ 15.54176463 -14.93090592]
[ 15.57014706 -14.97256507]
[ 15.59575053 -15.01200691]
[ 15.61855202 -15.04909404]
[ 15.63821656 -15.08312109]
[ 15.65687423 -15.11797212]
[ 15.67284162 -15.14856894]
[ 15.68426136 -15.17313026]
[ 15.69064957 -15.19128601]
[ 15.69206911 -15.20424313]
[ 15.69015901 -15.21100291]
[ 15.68339615 -15.21070278]
[ 15.67162443 -15.20293635]
[ 15.65526854 -15.18782976]
[ 15.63480044 -15.1655957 ]
[ 15.61029148 -15.13599878]
[ 15.5824029  -15.09943771]
[ 15.55130819 -15.05577415]
[ 15.51905676 -15.00763511]
[ 15.48376293 -14.95258406]
[ 15.44552407 -14.89081318]
[ 15.40403134 -14.82179234]
[ 15.36228039 -14.75034253]
[ 15.31721681 -14.67131799]
[ 15.27044085 -14.58681541]
[ 15.22117821 -14.49455559]
[ 15.16902472 -14.39261365]
[ 15.1119463  -14.27622472]
[ 15.04930713 -14.14396906]
[ 14.97717892 -13.98841375]
[ 14.88200476 -13.78130854]
[ 14.79521155 -13.59304897]
[ 14.68811143 -13.36443326]
[ 14.5388496  -13.05876857]
[ 14.31148847 -12.63646941]
[ 14.01746634 -12.20007628]
[ 13.68474465 -11.80630101]
[ 13.31322165 -11.40391857]
[ 12.88045991 -10.78720068]
[ 12.42385977 -10.06351613]
[11.98085993 -9.43831006]
[11.55312788 -9.07109628]
[11.13488802 -9.01603259]
[10.51927478 -8.9440585 ]
[ 9.46997253 -8.62223177]
[ 7.84526512 -8.21248567]
[ 5.84294027 -8.29904522]
[ 4.21405713 -9.08465863]
[  4.06065073 -10.05416413]
[  6.18172384 -10.56482804]
[  9.74257585 -10.54166527]
[ 13.29648597 -10.2366705 ]
[15.68998143 -9.90716433]
[17.00985682 -9.67639269]
[17.16190999 -9.19459006]
[16.44814936 -8.30674511]
[14.91783637 -6.9724373 ]
[12.876932   -5.42521295]
[10.90853002 -3.88094188]
[ 9.68733281 -2.50926818]
[ 9.72521283 -2.07746803]
[ 9.48795783 -2.94647509]
[ 8.56939186 -3.19158547]
[ 8.76384323 -2.71764895]
[ 9.67571032 -1.9917799 ]
[12.04761877 -2.25194534]
[13.77872785 -5.02097397]
[ 16.41519168 -11.06169276]
[ 16.29901867 -14.59065733]
[ 24.17508198 -15.3778056 ]
[ 31.5858081  -10.44943343]
[37.71834155 -5.33995437]
[36.15199336 -3.10548815]
[15.99239386 -1.48844851]
