Person 91
Starting Actual Velocity = [ 1.22261543 -0.07647999]
[19.22910752 -1.20565564]
[20.0700268  -1.26335175]
[20.28124953 -1.28231034]
[20.34765941 -1.2929129 ]
[20.36672766 -1.30060016]
[20.37197216 -1.30737602]
[20.37311144 -1.31382435]
[20.37306457 -1.32029583]
[20.3726945  -1.32667393]
[20.37234349 -1.33330641]
[20.37200289 -1.33941059]
[20.37178377 -1.34577585]
[20.37163079 -1.35202949]
[20.37160203 -1.35842691]
[20.37183101 -1.36537685]
[20.37202592 -1.3716075 ]
[20.37274271 -1.37911112]
[20.3753219 -1.3906282]
[20.37569092 -1.3944032 ]
[20.37652254 -1.39988423]
[20.37850114 -1.40850541]
[20.37913827 -1.41401742]
[20.38002283 -1.42019441]
[20.38098781 -1.42672533]
[20.38203669 -1.43352894]
[20.38480368 -1.44363712]
[20.38672133 -1.45174138]
[20.38769572 -1.45798329]
[20.38895935 -1.4648464 ]
[20.390331   -1.47212114]
[20.39189048 -1.47993898]
[20.39353922 -1.48813587]
[20.39523833 -1.4966695 ]
[20.39696073 -1.50555339]
[20.39867716 -1.51483115]
[20.4000789  -1.52418035]
[20.40151238 -1.53423655]
[20.40269577 -1.54478236]
[20.40767478 -1.56158845]
[20.40767715 -1.57347663]
[20.40661095 -1.58533298]
[20.40549086 -1.59883517]
[20.40778105 -1.61936386]
[20.40399162 -1.63522719]
[20.40021613 -1.65365423]
[20.39612713 -1.67501175]
[20.39117514 -1.69926392]
[20.38505774 -1.7266234 ]
[20.37794474 -1.75817757]
[20.36917114 -1.7938748 ]
[20.35875865 -1.83466761]
[20.34509839 -1.87786987]
[20.33016715 -1.92687386]
[20.31340678 -1.98182116]
[20.29488864 -2.04393361]
[20.27302835 -2.10874676]
[20.2502103  -2.18070879]
[20.22536676 -2.25688411]
[20.19929083 -2.33705758]
[20.07194354 -2.45735005]
[19.99986904 -2.55557095]
[19.95503643 -2.64029351]
[19.92493237 -2.71693862]
[19.91027541 -2.78653787]
[19.89254085 -2.83989646]
[19.88139264 -2.87938387]
[19.87856794 -2.90339621]
[19.88955522 -2.89918266]
[19.9064914  -2.87692351]
[19.92780444 -2.84302831]
[19.95714415 -2.78970951]
[19.99447887 -2.71739408]
[20.04055362 -2.62337826]
[20.09617292 -2.50406976]
[20.16488848 -2.34345622]
[20.23134658 -2.20684334]
[20.30338811 -2.05467976]
[20.37906469 -1.89450488]
[20.45554869 -1.73772411]
[20.53056204 -1.59313136]
[20.60447849 -1.45592936]
[20.67865464 -1.31674704]
[20.70175815 -1.14735739]
[20.73959819 -1.00902764]
[20.7872335  -0.89650044]
[20.8414572  -0.80869567]
[20.91041877 -0.68254879]
[20.98102079 -0.6063854 ]
[21.05194048 -0.56509482]
[21.12628335 -0.52483398]
[21.20594904 -0.46897823]
[21.29251543 -0.39010603]
[21.40142954 -0.24061977]
[2.15540737e+01 1.37199920e-02]
[21.61044114 -0.14108512]
[21.66795628 -0.26591122]
[21.72956205 -0.32469669]
[21.7700439  -0.36189105]
[21.88375596 -0.16199847]
[21.9991622   0.04132151]
[21.80702164 -0.32391982]
[21.58514152 -0.51088037]
[21.31608528 -0.50296358]
[21.00232158 -0.38229303]
[20.67203905 -0.2603848 ]
[20.36091837 -0.20492711]
[20.12366358 -0.20720688]
[19.94149495 -0.30616006]
[19.81070017 -0.46844101]
[19.71743775 -0.65115109]
[19.68261586 -0.8014591 ]
[19.61197945 -0.93759556]
[19.47410487 -1.04297705]
[19.36598643 -1.0553616 ]
[19.23480227 -0.99240851]
[19.07732005 -0.85479457]
[19.02088743 -0.58451356]
[19.04714592 -0.19537555]
[19.03056824  0.2240214 ]
[18.89613972  0.59022224]
[18.69390025  0.88520824]
[18.46946753  1.10834353]
[18.15947151  1.23358857]
[17.74051824  1.28844046]
[17.25422376  1.34629205]
[16.59746642  1.43889192]
[15.87927455  1.54032261]
[15.29220721  1.62484014]
[15.00610794  1.64095351]
[14.60226833  1.29781558]
[15.75466292  0.2830633 ]
[14.83859517 -1.38862947]
[13.66577947 -2.51156716]
[12.9141401 -3.0332938]
[12.44445653 -3.07772115]
[12.33104652 -2.90075386]
[12.18418096 -3.04387759]
[13.20498066 -3.06454266]
[14.01863782 -3.2000202 ]
[14.6999642  -3.23380849]
[15.02214547 -3.01888354]
[14.21848876 -2.98599683]
[12.31434303 -2.93654349]
[ 9.4450025  -2.77995117]
[ 6.32660624 -2.22038695]
[ 5.17560752 -1.07806236]
[6.29189782 0.36274694]
[9.39983713 1.75257297]
[12.79174579  2.78092123]
[15.62813513  3.53127599]
[17.39512646  4.05065892]
[18.03311128  4.32737025]
[17.74669613  4.27378005]
[16.96031484  3.69746147]
[15.9090938   2.37639121]
[15.58526802  0.24469796]
[14.89004253 -2.27238464]
[14.05349304 -5.04506508]
[13.38362014 -8.00901557]
[ 13.06068002 -11.00149871]
[ 13.06530091 -13.62655158]
[ 13.93062634 -17.29989832]
[ 16.45126898 -15.79683833]
[ 17.24892325 -11.68959399]
[15.93313999 -4.95710823]
[17.83736549  5.31246467]
[17.29448493 11.87706694]
[15.44332222 12.7334048 ]
[12.47417406  8.54077562]
[8.70403811 2.67100938]
[ 5.1046769  -1.59995547]
[ 3.27639067 -3.56195151]
[10.34630145 -9.03720421]
[ 17.16187452 -10.39836843]
[23.40223987 -9.61629212]
[28.73567265 -9.07029363]
[33.22530059 -9.94445271]
[ 37.41996397 -11.16045243]
[ 41.02888634 -10.43672343]
[39.88643058 -3.78362256]
