Person 91
Starting Actual Velocity = [1.10897917 0.45777897]
[17.44283083  7.20068438]
[18.20578802  7.51561744]
[18.39791751  7.59491932]
[18.4589236   7.62010527]
[18.47700365  7.62757   ]
[18.48249495  7.62983748]
[18.48419686  7.63054045]
[18.48475469  7.63077369]
[18.48492445  7.63084579]
[18.48500047  7.63088334]
[18.48498334  7.6308741 ]
[18.48498623  7.6308782 ]
[18.4849741   7.63087436]
[18.48497325  7.63087718]
[18.48500987  7.63090145]
[18.48498058  7.63088822]
[18.48504224  7.63092663]
[18.48531394  7.63108349]
[18.48508645  7.63095882]
[18.48499626  7.63091137]
[18.4850843  7.6309642]
[18.48498093  7.63090962]
[18.48492782  7.63088318]
[18.48489624  7.63086881]
[18.48487732  7.63086154]
[18.48499817  7.63093222]
[18.48500034  7.63093685]
[18.48492339  7.63089747]
[18.48487811  7.63087559]
[18.48484865  7.63086247]
[18.48483555  7.63085839]
[18.48482851  7.63085765]
[18.48482371  7.63085811]
[18.48481973  7.63085899]
[18.48481604  7.63085996]
[18.48480136  7.63085487]
[18.48479356  7.63085347]
[18.48478281  7.63085038]
[18.48490242  7.63091814]
[18.48486173  7.63089869]
[18.4848017   7.63086858]
[18.4847601   7.63084833]
[18.48483466  7.6308907 ]
[18.484763    7.63085404]
[18.4847159   7.63083043]
[18.48468866  7.63081733]
[18.48466939  7.63080834]
[18.48465331  7.63080083]
[18.4846495   7.63079963]
[18.48464525  7.63079789]
[18.48464634  7.63079865]
[18.48461112  7.63077972]
[18.48459285  7.63076942]
[18.48458192  7.63076258]
[18.4845853   7.63076279]
[18.48455078  7.63074247]
[18.48454288  7.6307356 ]
[18.484525    7.63072284]
[18.48450794  7.63070982]
[18.48448565  7.63069331]
[18.48447155  7.63068027]
[18.48445563  7.63066536]
[18.48446651  7.63066324]
[18.4846175   7.63073167]
[18.48453029  7.63067502]
[18.48443961  7.63061585]
[18.48439015  7.63057687]
[18.48443503  7.63058415]
[18.48443094  7.63056391]
[18.48437345  7.63051467]
[18.48431798  7.63046489]
[18.48426784  7.63041614]
[18.48423003  7.63037161]
[18.48420867  7.63033283]
[18.48422379  7.63030866]
[18.48417861  7.63025152]
[18.48414632  7.63019769]
[18.48412015  7.63014328]
[18.48409108  7.63008359]
[18.48405444  7.6300163 ]
[18.48401844  7.62994512]
[18.48399273  7.62987381]
[18.48393971  7.62978529]
[18.4838975   7.62969692]
[18.48386031  7.62960517]
[18.48381955  7.62950569]
[18.48382024  7.62941568]
[18.48378488  7.62930046]
[18.4837195   7.62916504]
[18.48364773  7.62902045]
[18.48358129  7.62887076]
[18.48352679  7.62871667]
[18.4835171   7.62856561]
[18.48357789  7.62841768]
[18.48344098  7.62818058]
[18.48332241  7.62794314]
[18.48322685  7.62770212]
[18.48312668  7.62744686]
[18.48313088  7.62719563]
[18.48314608  7.6269025 ]
[18.48292642  7.62652992]
[18.48274549  7.62616207]
[18.48258883  7.62578712]
[18.48243845  7.62539674]
[18.48228358  7.6249875 ]
[18.48212284  7.6245584 ]
[18.48196883  7.62410441]
[18.48180461  7.6236219 ]
[18.48162976  7.62310958]
[18.4814438  7.6225661]
[18.48125486  7.62198449]
[18.48104413  7.6213675 ]
[18.48081171  7.62072112]
[18.48057766  7.62003245]
[18.48032708  7.61930284]
[18.48005633  7.61853622]
[18.47978174  7.61771112]
[18.47949414  7.61681621]
[18.47917477  7.61586055]
[18.47934565  7.6161207 ]
[18.47934657  7.61597544]
[18.4792135   7.61551783]
[18.47897597  7.61482443]
[18.47866024  7.61394153]
[18.47827423  7.61293126]
[18.47783923  7.61184142]
[18.47736858  7.61065345]
[18.4768566  7.6092806]
[18.47619753  7.60596427]
[18.47549259  7.60157364]
[18.47454068  7.59823363]
[18.47361847  7.5956734 ]
[18.47271151  7.59321206]
[18.47179842  7.59075492]
[18.47084929  7.58818467]
[18.46984152  7.58543819]
[18.46869029  7.58214729]
[18.46754006  7.57916021]
[18.466362   7.5761314]
[18.46504159  7.57261733]
[18.46372467  7.5692681 ]
[18.46233865  7.56573858]
[18.46088816  7.56206269]
[18.45933878  7.55813132]
[18.45772626  7.55408517]
[18.45601861  7.54981508]
[18.45420729  7.54530634]
[18.45232654  7.54067586]
[18.45033614  7.53579501]
[18.44822715  7.53064846]
[18.44599066  7.52522064]
[18.44361771  7.51949561]
[18.44112976  7.51354393]
[18.43852649  7.507365  ]
[18.43580731  7.50095828]
[18.43297156  7.49432345]
[18.42997801  7.48735283]
[18.42685917  7.48014197]
[18.42356899  7.47257287]
[18.42004784  7.46450225]
[18.41395206  7.44946838]
[18.40971204  7.44027112]
[18.40536989  7.43084562]
[18.40084215  7.42101157]
[18.39610498  7.41073282]
[18.39128563  7.4003259 ]
[18.38631615  7.38963321]
[18.38102936  7.37827558]
[18.37548046  7.36640155]
[18.36947275  7.35357387]
[18.36305251  7.33992904]
[18.35495273  7.31233001]
[18.34671806  7.28637809]
[18.33827549  7.26161246]
[18.32969393  7.2380318 ]
[18.3210626   7.21563559]
[18.31207004  7.19335356]
[18.30310573  7.17206875]
[18.29387138  7.15084905]
[18.28449799  7.12991729]
[18.27498223  7.10916619]
[18.26268601  7.08254272]
[18.24930783  7.05426076]
[18.23654918  7.02806869]
[18.22307491  7.00227185]
[18.21103216  6.97931435]
[18.1986062   6.95549529]
[18.18637712  6.93199838]
[18.17412436  6.9083804 ]
[18.16161104  6.8841686 ]
[18.14880906  6.85931987]
[18.13522843  6.83284409]
[18.11916103  6.80121575]
[18.10423832  6.77211403]
[18.08789127  6.74014518]
[18.07284303  6.7109908 ]
[18.05793598  6.68218248]
[18.04319627  6.65375369]
[18.02836385  6.62516043]
[18.01285057  6.59520486]
[17.9972086   6.56501779]
[17.98113538  6.53397981]
[17.96460942  6.5020494 ]
[17.94728244  6.46851938]
[17.92677825  6.42850939]
[17.90862506  6.39350317]
[17.88996206  6.35749917]
[17.87039057  6.31967219]
[17.85022062  6.28065773]
[17.82981171  6.24118798]
[17.80837679  6.19962509]
[17.78666036  6.15751577]
[17.76467522  6.11487711]
[17.74243256  6.07172106]
[17.72039343  6.02900088]
[17.69722454  5.98392425]
[17.67283819  5.93632737]
[17.64618644  5.8840123 ]
[17.62052836  5.83407134]
[17.59350751  5.78143316]
[17.56193804  5.71923137]
[17.53109661  5.65943313]
[17.50129393  5.60256145]
[17.47161863  5.5465387 ]
[17.44092777  5.48895092]
[17.40913174  5.42971478]
[17.37807634  5.37279219]
[17.34526601  5.31294957]
[17.3112074   5.25141895]
[17.27651601  5.18960938]
[17.23973655  5.1246369 ]
[17.20141138  5.0578763 ]
[17.16143345  4.98932639]
[17.11968779  4.91899548]
[17.07518643  4.84514133]
[17.03103193  4.77384186]
[16.98478741  4.70004955]
[16.93531954  4.62171311]
[16.88429008  4.54224357]
[16.82968122  4.45804703]
[16.7733433   4.37303492]
[16.7131172   4.28359419]
[16.6475401   4.18786327]
[16.57960531  4.09230969]
[16.50698109  3.99341614]
[16.43452747  3.90010071]
[16.35744456  3.80455161]
[16.2811659   3.71555118]
[16.20029952  3.62508833]
[16.11603212  3.53554693]
[16.02819658  3.44697539]
[15.94012807  3.36298228]
[15.84882578  3.27935304]
[15.7542248   3.19592657]
[15.65628563  3.11267773]
[15.55498461  3.0296884 ]
[15.45030415  2.94711744]
[15.34222386  2.86517065]
[15.2286845   2.78237162]
[15.09524592  2.68718009]
[14.96118204  2.59907239]
[14.82549272  2.51569455]
[14.6849881   2.43432588]
[14.54640365  2.3587652 ]
[14.4198365   2.27102156]
[14.29094698  2.18987645]
[14.1553139   2.11149858]
[14.01505433  2.03706356]
[13.86774848  1.96472331]
[13.71068653  1.89297312]
[13.55339822  1.82512936]
[13.40067239  1.76154654]
[13.2422765   1.69752886]
[13.08416958  1.63441858]
[12.92387842  1.57072667]
[12.74703851  1.50130139]
[12.56271802  1.4276355 ]
[12.38204184  1.35243612]
[12.20784282  1.27702328]
[11.98185197  1.18082962]
[11.79856257  1.09361854]
[11.61912063  1.00550216]
[11.43651065  0.91309714]
[11.25902315  0.82021577]
[11.08012823  0.72348031]
[10.90449568  0.62511706]
[10.73667835  0.52776965]
[10.57125135  0.42821302]
[10.41875993  0.33317792]
[10.27399998  0.23955744]
[10.13812312  0.14815715]
[10.01225128  0.05982357]
[ 9.89743411 -0.02457995]
[ 9.7946035  -0.10420134]
[ 9.70452817 -0.17823049]
[ 9.62814016 -0.24489982]
[ 9.56475021 -0.30410568]
[ 9.51407667 -0.35725856]
[ 9.4753912  -0.40269669]
[ 9.44976074 -0.44106664]
[ 9.43592253 -0.47183953]
[ 9.43103725 -0.49555074]
[ 9.43800265 -0.51166923]
[ 9.45379594 -0.52086455]
[ 9.47718192 -0.52358924]
[ 9.5068744  -0.52037684]
[ 9.53846781 -0.51330914]
[ 9.57704019 -0.50003792]
[ 9.61817955 -0.48265808]
[ 9.65439867 -0.46545686]
[ 9.69152169 -0.44543363]
[ 9.72879759 -0.42303519]
[ 9.76860797 -0.39662453]
[ 9.80408481 -0.37070174]
[ 9.83806433 -0.34343731]
[ 9.87020018 -0.31505404]
[ 9.90023755 -0.28571404]
[ 9.92800562 -0.25552123]
[ 9.95340844 -0.2245257 ]
[ 9.97641567 -0.19272939]
[ 9.99489151 -0.16239518]
[10.00942586 -0.13337554]
[10.02426186 -0.10097605]
[10.04125573 -0.06244137]
[10.05211395 -0.02788965]
[1.00597192e+01 5.48519003e-03]
[10.06773133  0.04283976]
[10.0727685   0.07903291]
[10.07823473  0.11946294]
[10.08238508  0.16145226]
[10.04930703  0.1730186 ]
[10.01910891  0.18643029]
[9.99234914 0.20720868]
[9.96842602 0.23147927]
[9.94746401 0.26122222]
[9.9298389  0.29910822]
[9.91384595 0.33946113]
[9.90050687 0.38784586]
[9.88764636 0.43757989]
[9.87641331 0.49487961]
[9.86442721 0.55226956]
[9.85282881 0.61652231]
[9.83930913 0.67959153]
[9.82424044 0.74475575]
[9.80815187 0.81953324]
[9.78768312 0.88334947]
[9.76452821 0.94789564]
[9.73824515 1.01668486]
[9.70838155 1.0814189 ]
[9.67486492 1.14572611]
[9.63748999 1.20922995]
[9.59528263 1.27525923]
[9.54849678 1.33946418]
[9.49837857 1.39795552]
[9.44274381 1.45755789]
[9.38433342 1.51096082]
[9.32024437 1.56451894]
[9.25411128 1.61150263]
[9.20996542 1.6600102 ]
[9.16075132 1.7037095 ]
[9.10670821 1.74244457]
[9.04808396 1.77607386]
[8.98512906 1.80446881]
[8.91809085 1.82751244]
[8.84720828 1.84509817]
[8.77270739 1.85712888]
[8.69183271 1.86440445]
[8.61050846 1.86472609]
[8.52615008 1.85925559]
[8.43890515 1.84793509]
[8.34890191 1.83071956]
[8.25625184 1.80757965]
[8.16105364 1.77850551]
[8.06339867 1.74351143]
[7.96337762 1.70264164]
[7.86108842 1.65597683]
[7.75664489 1.60364154]
[7.65018598 1.54581193]
[7.53731842 1.48023368]
[7.43198009 1.41474269]
[7.3254283  1.34518277]
[7.21792429 1.27199158]
[7.09959786 1.20531507]
[6.98792336 1.13894214]
[6.87212613 1.0672104 ]
[6.75825585 0.99371764]
[6.65199814 0.9224844 ]
[6.53317924 0.84076716]
[6.39508669 0.74355235]
[6.27275131 0.65429729]
[6.16545662 0.57393199]
[6.06443454 0.49709649]
[5.97715117 0.42989047]
[5.8921865  0.36441899]
[5.81645656 0.30621905]
[5.73822088 0.24719071]
[5.67926432 0.20325252]
[5.62221991 0.16203579]
[5.57170976 0.12687441]
[5.52295554 0.09477261]
[5.4778649 0.0671388]
[5.43934117 0.04522766]
[5.40166366 0.02603599]
[5.36625872 0.01026974]
[ 5.33414113e+00 -2.04624791e-03]
[ 5.30352678 -0.01168375]
[ 5.27295223 -0.01884833]
[ 5.24467995 -0.02362726]
[ 5.21728772 -0.02629818]
[ 5.18954688 -0.02667492]
[ 5.16250359 -0.02503316]
[ 5.13714239 -0.02200766]
[ 5.11138309 -0.0166605 ]
[ 5.08727027 -0.01020626]
[ 5.06386102e+00 -2.07212048e-03]
[5.04037919 0.00871652]
[5.01872265 0.02043302]
[4.99739836 0.03519429]
[4.97573104 0.05633023]
[4.95579533 0.08224044]
[4.93876145 0.10997873]
[4.92465993 0.1393522 ]
[4.91339423 0.17224082]
[4.90507115 0.20652777]
[4.89948476 0.24189932]
[4.91414889 0.28696124]
[4.9289399  0.33161874]
[4.94514686 0.37885423]
[4.96280332 0.42872364]
[4.98193047 0.48127832]
[5.00253685 0.5365659 ]
[5.02461792 0.59463093]
[5.04815552 0.655515  ]
[5.07518998 0.72371849]
[5.10374107 0.79514114]
[5.1314766  0.86495856]
[5.16043769 0.93771896]
[5.19052291 1.01343336]
[5.22161204 1.09209933]
[5.25356564 1.17369764]
[5.28622508 1.25818866]
[5.31941308 1.34550882]
[5.35293478 1.43556717]
[5.38919978 1.53452393]
[5.42269045 1.62974926]
[5.45583607 1.72723474]
[5.48839856 1.82675551]
[5.51773387 1.92136802]
[5.54618068 2.01735129]
[5.57354592 2.11443293]
[5.59755027 2.20555365]
[5.62234396 2.30394074]
[5.64556082 2.4024837 ]
[5.66707102 2.50082065]
[5.68676825 2.59857325]
[5.70457172 2.69534981]
[5.72042759 2.7907488 ]
[5.73430964 2.88436251]
[5.74621912 2.975781  ]
[5.75618398 3.06459613]
[5.76425726 3.15040587]
[5.77051489 3.23281862]
[5.77384759 3.30596237]
[5.77585242 3.37563154]
[5.77727922 3.45117821]
[5.77683289 3.51253035]
[5.77536014 3.56560012]
[5.77326083 3.61878736]
[5.77050469 3.66751657]
[5.76723288 3.71168683]
[5.76358325 3.75123315]
[5.75946375 3.79953134]
[5.75540155 3.82797861]
[5.75137582 3.85184821]
[5.747471   3.87123642]
[5.74375227 3.8862734 ]
[5.74035581 3.89615316]
[5.73710591 3.90329025]
[5.73409998 3.90663246]
[5.73130937 3.90641868]
[5.72867852 3.90290761]
[5.72612448 3.89637405]
[5.72355814 3.88744862]
[5.72082803 3.87591218]
[5.71777167 3.8622166 ]
[5.71420137 3.84666257]
[5.70990504 3.82954809]
[5.70464781 3.81116495]
[5.69817389 3.79179546]
[5.69020878 3.77170943]
[5.68095707 3.75226141]
[5.66993231 3.73262337]
[5.6568865 3.7129732]
[5.64156657 3.69347428]
[5.62371719 3.6742746 ]
[5.60182098 3.65453132]
[5.57789429 3.63633676]
[5.55067226 3.61879017]
[5.51991952 3.60196777]
[5.485413   3.58592613]
[5.44694495 3.57070155]
[5.40432594 3.55630953]
[5.35738785 3.54274442]
[5.30598681 3.52997923]
[5.25000605 3.51796558]
[5.18935865 3.50663388]
[5.12399007 3.49589366]
[5.05388046 3.48563422]
[4.97904667 3.47572536]
[4.89407157 3.46564814]
[4.80965331 3.45595097]
[4.72081012 3.44609581]
[4.6277202  3.43588644]
[4.53060178 3.42511498]
[4.42971199 3.41356411]
[4.32538182 3.40104046]
[4.21040225 3.38656346]
[4.0999977 3.3712493]
[3.98727094 3.35426938]
[3.87264894 3.3354099 ]
[3.75657684 3.31446366]
[3.63951333 3.29123417]
[3.52192571 3.2655396 ]
[3.40428467 3.2372168 ]
[3.28705901 3.20612521]
[3.17071044 3.17215057]
[3.05568843 3.13520849]
[2.94242551 3.09524763]
[2.83133284 3.05225262]
[2.72279633 3.0062465 ]
[2.61717333 2.95729266]
[2.51478986 2.90549626]
[2.41593853 2.85100502]
[2.32087701 2.79400932]
[2.22982718 2.73474165]
[2.14297476 2.67347535]
[2.06046951 2.61052257]
[1.98242583 2.54623152]
[1.90892371 2.4809831 ]
[1.84001003 2.41518681]
[1.77570003 2.34927607]
[1.71597896 2.28370313]
[1.65693715 2.21440331]
[1.60305822 2.14661512]
[1.55739052 2.08518987]
[1.51597603 2.02604841]
[1.47867361 1.96964835]
[1.44307637 1.9127876 ]
[1.41377033 1.86346293]
[1.38803878 1.81815557]
[1.36567704 1.77722346]
[1.34647007 1.74098949]
[1.32922399 1.7077249 ]
[1.3150757  1.68050203]
[1.30373879 1.65956379]
[1.29492423 1.64509718]
[1.28834336 1.63723333]
[1.28371087 1.63604857]
[1.28074755 1.64156627]
[1.27918285 1.65375938]
[1.27875728 1.67255358]
[1.27922442 1.69783087]
[1.28035262 1.72943347]
[1.2816082  1.76441439]
[1.28310036 1.80454607]
[1.28467917 1.84962703]
[1.29557214 1.96828771]
[1.29618297 2.02780522]
[1.29670379 2.0960264 ]
[1.29673759 2.16845446]
[1.29618804 2.24475398]
[1.29489009 2.31908544]
[1.29297116 2.39622385]
[1.29037991 2.47589728]
[1.28707205 2.55783705]
[1.28300925 2.64177897]
[1.27815788 2.72746422]
[1.27248797 2.8146402 ]
[1.26597222 2.90306113]
[1.25817043 2.99899782]
[1.24931849 3.09579618]
[1.23938832 3.19318375]
[1.228352   3.29089822]
[1.21618182 3.38868727]
[1.2028506  3.48630821]
[1.18924016 3.57698414]
[1.17459331 3.66713882]
[1.1588932  3.75659359]
[1.14097154 3.85154416]
[1.12179644 3.9452703 ]
[1.10152836 4.03770672]
[1.08150749 4.12251827]
[1.05907844 4.21184378]
[1.0356402  4.29931818]
[1.01128152 4.38477455]
[0.98777886 4.46248973]
[0.96194846 4.54356538]
[0.93731565 4.61687866]
[0.91232468 4.68784529]
[0.88712101 4.75631362]
[0.86186884 4.82213197]
[0.83675208 4.88514978]
[0.81197503 4.94521889]
[0.78776272 5.00219482]
[0.76436095 5.05593805]
[0.74203593 5.10631527]
[0.72107359 5.1532005 ]
[0.70177857 5.19647613]
[0.68447275 5.23603364]
[0.66949348 5.27177426]
[0.65719141 5.30360925]
[0.64652181 5.33542246]
[0.64042475 5.36191559]
[0.63962984 5.38034834]
[0.64309817 5.39461012]
[0.65120002 5.40466006]
[0.66429789 5.41046389]
[0.68407864 5.41215517]
[0.70865729 5.40905984]
[0.73925306 5.4016454 ]
[0.77615321 5.38989531]
[0.82279515 5.37274085]
[0.87357439 5.35195189]
[0.93134835 5.32679705]
[1.00102017 5.29528474]
[1.07427571 5.26141292]
[1.16106577 5.22080588]
[1.25677281 5.17551074]
[1.35428989 5.12879104]
[1.45958282 5.07816038]
[1.57257106 5.02369648]
[1.70195996 4.96150203]
[1.8303861  4.89936255]
[1.96589423 4.83368563]
[2.1081762  4.76460171]
[2.25687848 4.6922642 ]
[2.41160625 4.6168522 ]
[2.5719274  4.53857247]
[2.74941757 4.45202377]
[2.91980503 4.36858305]
[3.09426906 4.28308912]
[3.27226241 4.19586395]
[3.45321794 4.10725402]
[3.64981428 4.01132223]
[3.83501355 3.92104179]
[4.02134363 3.8305563 ]
[4.20818474 3.74027283]
[4.39491103 3.65060079]
[4.58089319 3.56194622]
[4.77875643 3.46850381]
[4.96116461 3.383221  ]
[5.15377498 3.29418595]
[5.32994512 3.21381125]
[5.50219064 3.13627171]
[5.68186958 3.05647371]
[5.84409648 2.98562607]
[6.00065441 2.91829525]
[6.1616653  2.84998235]
[6.3048229  2.79034484]
[6.45039171 2.73039344]
[6.57821957 2.67864163]
[6.70646746 2.62706691]
[6.81741402 2.58303327]
[6.91980153 2.54256265]
[7.01990691 2.50269057]
[7.10397791 2.46917994]
[7.17907443 2.43876519]
[7.24969019 2.40910327]
[7.30623709 2.38457174]
[7.35399496 2.36260116]
[7.39315036 2.34303011]
[7.42394672 2.32570997]
[7.44667946 2.31050751]
[7.46169017 2.29730632]
[7.46936015 2.28600714]
[7.47010359 2.27652704]
[7.46436056 2.26879778]
[7.45690084 2.26032158]
[7.44426488 2.2542679 ]
[7.42604954 2.25059213]
[7.4050152  2.25009238]
[7.38095199 2.2524322 ]
[7.35447237 2.2576679 ]
[7.32614418 2.26581325]
[7.29649034 2.276839  ]
[7.26598908 2.2906734 ]
[7.23507457 2.30720369]
[7.2022654 2.3279058]
[7.16986711 2.35131612]
[7.14000633 2.37515485]
[7.1094137  2.40298978]
[7.08173969 2.43034276]
[7.05396277 2.46132309]
[7.02924989 2.49091923]
[7.00493608 2.52360578]
[6.98254675 2.55656791]
[6.96306558 2.58690548]
[6.94447204 2.6192747 ]
[6.92847984 2.64834277]
[6.91408828 2.67632882]
[6.90119586 2.70293113]
[6.88927866 2.72993346]
[6.87903089 2.75273501]
[6.86980836 2.77331643]
[6.8614083  2.79143833]
[6.85360815 2.80687864]
[6.8461677  2.81943278]
[6.83883132 2.82891341]
[6.831138   2.83580884]
[6.82312161 2.83836773]
[6.81435475 2.83738103]
[6.80454271 2.83272562]
[6.79338727 2.82429194]
[6.7805889  2.81198309]
[6.76584917 2.79571389]
[6.74887291 2.77541   ]
[6.72937047 2.75100712]
[6.70705978 2.72245034]
[6.68250124 2.69040675]
[6.65502116 2.6544702 ]
[6.62476756 2.61496491]
[6.59187242 2.57219958]
[6.55645199 2.52646576]
[6.51614888 2.47473572]
[6.47578444 2.42369191]
[6.4331586  2.37045269]
[6.38538502 2.31145707]
[6.33510973 2.25039456]
[6.28236462 2.18745981]
[6.22716318 2.12281609]
[6.17310207 2.06084727]
[6.11690182 1.997602  ]
[6.0585301  1.93313982]
[5.99794078 1.86749675]
[5.93507363 1.80068549]
[5.86541512 1.72796664]
[5.79291049 1.65382839]
[5.72228782 1.58315556]
[5.64898551 1.511126  ]
[5.56757461 1.43243495]
[5.48269665 1.35188415]
[5.39996046 1.27480795]
[5.31387563 1.19581266]
[5.22423926 1.11470872]
[5.13083363 1.03128647]
[5.03342711 0.94531666]
[4.93177531 0.85655117]
[4.81790838 0.75791977]
[4.7066217  0.66249613]
[4.58173595 0.55597796]
[4.45064496 0.44482176]
[4.3225098  0.33681826]
[4.17846728 0.2155405 ]
[4.03775732 0.09746793]
[ 3.89058008 -0.0259944 ]
[ 3.73669461 -0.15518555]
[ 3.56372634 -0.30093359]
[ 3.39528463 -0.44300881]
[ 3.21955097 -0.59178915]
[ 3.03640624 -0.74755102]
[ 2.84577681 -0.91053964]
[ 2.64764115 -1.08096182]
[ 2.44203667 -1.25897815]
[ 2.22906657 -1.44469488]
[ 2.00890667 -1.63815539]
[ 1.78181249 -1.83933133]
[ 1.54812621 -2.04811351]
[ 1.28975479 -2.28155511]
[ 1.02498498 -2.52312089]
[ 0.75462366 -2.77228985]
[ 0.47962001 -3.02838674]
[ 0.20106801 -3.29057204]
[-0.05959091 -3.53795552]
[-0.32120746 -3.7888652 ]
[-0.58256875 -4.04221042]
[-0.84236513 -4.2967619 ]
[-1.0991992  -4.55115374]
[-1.37114039 -4.82427439]
[-1.63594668 -5.09331586]
[-1.87331213 -5.33647514]
[-2.1189138  -5.59161762]
[-2.35159001 -5.83601232]
[-2.56940123 -6.06722685]
[-2.77048341 -6.28280872]
[-2.95308529 -6.48032973]
[-3.11560501 -6.65743379]
[-3.25662459 -6.81188631]
[-3.37494091 -6.94162371]
[-3.46959169 -7.04480066]
[-3.53499509 -7.11405532]
[-3.57903263 -7.158073  ]
[-3.60154862 -7.17603562]
[-3.60259624 -7.16738372]
[-3.58243202 -7.13182554]
[-3.54150591 -7.0693394 ]
[-3.48044751 -6.98016967]
[-3.40004895 -6.86481662]
[-3.30124556 -6.72402072]
[-3.18509473 -6.55874242]
[-3.05275413 -6.37013823]
[-2.90545987 -6.15953415]
[-2.73223358 -5.91084357]
[-2.54488763 -5.64036673]
[-2.34509929 -5.35019069]
[-2.1493672  -5.06414583]
[-1.94562733 -4.76467343]
[-1.71929992 -4.43000845]
[-1.48683372 -4.08405715]
[-1.24973711 -3.72893896]
[-1.00944809 -3.3667041 ]
[-0.76732826 -2.99931699]
[-0.54159564 -2.65455928]
[-0.31632312 -2.3083281 ]
[-0.07564802 -1.93597944]
[ 0.14578244 -1.5909341 ]
[ 0.36415725 -1.24823729]
[ 0.57875538 -0.90895207]
[ 0.78891523 -0.57405211]
[ 0.99475323 -0.24361071]
[1.19529771 0.08114647]
[1.39018696 0.39964404]
[1.5790844  0.71133508]
[1.76168326 1.01570642]
[1.93771019 1.31228261]
[2.10692772 1.60062848]
[2.28132612 1.90119263]
[2.44740566 2.19130931]
[2.59398246 2.45125888]
[2.74366327 2.72025247]
[2.87482481 2.96002011]
[2.99853209 3.18977713]
[3.11479774 3.4093643 ]
[3.23191804 3.63419856]
[3.33286627 3.83225253]
[3.43369765 4.0337388 ]
[3.51967994 4.20990162]
[3.59862561 4.37544667]
[3.67065735 4.53033227]
[3.7359077  4.67452627]
[3.79451788 4.80800487]
[3.84663701 4.93075222]
[3.89242174 5.04276088]
[3.93203615 5.14403301]
[3.96831839 5.24131105]
[3.99567482 5.32034349]
[4.01919328 5.39382539]
[4.03510934 5.45083128]
[4.04583084 5.49736352]
[4.05157444 5.53354664]
[4.05256636 5.55953809]
[4.04892961 5.57679041]
[4.04036691 5.58279022]
[4.02796909 5.57812034]
[4.01080651 5.5634373 ]
[3.99100013 5.54024589]
[3.96804549 5.50873848]
[3.95522772 5.47393243]
[3.93926197 5.43199117]
[3.92065843 5.38373947]
[3.89991526 5.32998878]
[3.87751831 5.27152868]
[3.85394044 5.20911886]
[3.82964039 5.14348173]
[3.80506129 5.07529595]
[3.78062883 5.00519109]
[3.75674914 4.93374331]
[3.73230279 4.85684403]
[3.7107716  4.78418602]
[3.69089519 4.71159595]
[3.67297573 4.63941412]
[3.65635501 4.56343405]
[3.64331878 4.49291618]
[3.63296752 4.42351093]
[3.62546697 4.35534766]
[3.62094683 4.28851374]
[3.61950069 4.22305934]
[3.6211862  4.15900226]
[3.62602578 4.09633281]
[3.63400758 4.0350187 ]
[3.64508685 3.97500958]
[3.65918748 3.91624146]
[3.67771449 3.85513393]
[3.70140628 3.79728583]
[3.72873188 3.74149027]
[3.76010518 3.68854279]
[3.79580134 3.63905321]
[3.83595773 3.59345732]
[3.88057794 3.55203128]
[3.92953857 3.51490803]
[3.9825982 3.4820947]
[4.03940814 3.45349032]
[4.09952437 3.42890326]
[4.15770165 3.40871009]
[4.22268995 3.39111032]
[4.28430486 3.37685812]
[4.35175226 3.36488948]
[4.41440681 3.35520499]
[4.48161727 3.34730702]
[4.5427262  3.34069129]
[4.60688199 3.33523234]
[4.66381398 3.33016606]
[4.71783104 3.32533104]
[4.76835246 3.32039377]
[4.81481947 3.31503207]
[4.86005883 3.30896717]
[4.89936085 3.30164897]
[4.93215689 3.29273245]
[4.95792918 3.28189064]
[4.97621525 3.26881444]
[4.98661198 3.25321219]
[4.98877932 3.2348092 ]
[4.98264517 3.21450545]
[4.96823088 3.18999439]
[4.94498296 3.16196962]
[4.91283906 3.13021881]
[4.87181301 3.09454491]
[4.82515992 3.05722684]
[4.76731761 3.0134894 ]
[4.70108088 2.96534016]
[4.62676877 2.91264461]
[4.55012132 2.85896489]
[4.46719424 2.80116683]
[4.37841446 2.73918256]
[4.28425809 2.67295916]
[4.18524661 2.60245925]
[4.08194245 2.52766148]
[3.9749441  2.44856103]
[3.85710741 2.35931423]
[3.74449867 2.27134367]
[3.63020282 2.179162  ]
[3.51490715 2.08283381]
[3.39930575 1.98244031]
[3.28409351 1.87807874]
[3.16187427 1.76220112]
[3.0555902  1.65430586]
[2.95887932 1.54813756]
[2.86626749 1.43703727]
[2.77322432 1.3129577 ]
[2.68872885 1.18382105]
[2.61449884 1.05008868]
[2.55204463 0.91230809]
[2.50594828 0.78051883]
[2.46964021 0.63674529]
[2.44823426 0.49094564]
[2.44234395 0.34391815]
[2.45169022 0.20632549]
[2.4766518 0.0592998]
[ 2.51766806 -0.08644854]
[ 2.57454075 -0.2300481 ]
[ 2.64690483 -0.37063728]
[ 2.73424844 -0.50737459]
[ 2.83593371 -0.63944804]
[ 2.95121755 -0.76608327]
[ 3.07927199 -0.88655075]
[ 3.2098764  -0.99259601]
[ 3.36004911 -1.09927996]
[ 3.52028749 -1.19794298]
[ 3.68965409 -1.28804928]
[ 3.86723054 -1.3691093 ]
[ 4.05212822 -1.44067827]
[ 4.24349485 -1.50235513]
[ 4.44051771 -1.55378209]
[ 4.62896337 -1.59192039]
[ 4.83476967 -1.62270652]
[ 5.04406553 -1.64244512]
[ 5.25617647 -1.65095666]
[ 5.47045191 -1.64811183]
[ 5.68625988 -1.63383427]
[ 5.90298228 -1.60810317]
[ 6.12001089 -1.57095567]
[ 6.33674458 -1.52248879]
[ 6.55258758 -1.46286062]
[ 6.76694901 -1.39229065]
[ 6.9792436  -1.31105922]
[ 7.18889335 -1.21950591]
[ 7.39533004 -1.11802694]
[ 7.59799832 -1.00707168]
[ 7.7963592  -0.88713831]
[ 7.98989364 -0.75876875]
[ 8.17810605 -0.62254319]
[ 8.36052756 -0.47907413]
[ 8.52497275 -0.33900507]
[ 8.68367221 -0.19374266]
[ 8.84722192 -0.03312393]
[9.00345854 0.13217604]
[9.14216497 0.29018551]
[9.27402691 0.45110218]
[9.39884456 0.61437383]
[9.52484247 0.79124534]
[9.64233934 0.96954228]
[9.743923   1.13667698]
[9.83788443 1.30396701]
[9.92413403 1.47091034]
[10.00259829  1.63701876]
[10.07321782  1.80181844]
[10.13027751  1.95975858]
[10.18457167  2.12800887]
[10.23229604  2.29545072]
[10.27136251  2.45112769]
[10.30584069  2.60632281]
[10.33835012  2.77212392]
[10.36659401  2.93740568]
[10.39100785  3.10211781]
[10.41197213  3.26617159]
[10.42862808  3.4185617 ]
[10.44280457  3.5701554 ]
[10.45470347  3.72081707]
[10.4651991   3.88108263]
[10.4734635   4.03991109]
[10.4796531   4.19710127]
[10.48389852  4.35244672]
[10.48614692  4.49551959]
[10.48691709  4.64671934]
[10.48606342  4.78554521]
[10.48362156  4.9318222 ]
[10.47985401  5.06568564]
[10.47471696  5.19691359]
[10.46775846  5.33452253]
[10.45924832  5.46872596]
[10.44918099  5.59934209]
[10.43831755  5.7177379 ]
[10.61342605  6.0172528 ]
[10.77387878  6.30033382]
[10.92035724  6.5673853 ]
[11.05348861  6.81878069]
[11.18244438  7.07172365]
[11.28967266  7.29168518]
[11.38515896  7.49693317]
[11.47533703  7.70133033]
[11.54776701  7.87676552]
[11.60960406  8.03810421]
[11.66112923  8.18547672]
[11.7025798  8.31898  ]
[11.73640503  8.44722844]
[11.75904637  8.55962439]
[11.76986591  8.64974008]
[11.77124052  8.73152502]
[11.76231494  8.79300575]
[11.74254993  8.84400282]
[11.71382611  8.87661555]
[11.67544257  8.89520671]
[11.62384283  8.90003398]
[11.56082731  8.88859943]
[11.48618701  8.86087679]
[11.40545347  8.81982008]
[11.3141918  8.7646835]
[11.2121858   8.69558902]
[11.09921803  8.61272918]
[10.96621035  8.50949439]
[10.82986772  8.39908957]
[10.68197721  8.27607499]
[10.52240734  8.14104604]
[10.35107417  7.99471995]
[10.16795272  7.83794093]
[9.9730885  7.67168243]
[9.75185993 7.48456768]
[9.51755958 7.28932029]
[9.2870609  7.10105792]
[9.04598993 6.90864046]
[8.7949092  6.71360687]
[8.51589951 6.50354861]
[8.24640692 6.30828509]
[7.96937524 6.11541682]
[7.68584008 5.926576  ]
[7.39693759 5.74334606]
[7.08295968 5.55464218]
[6.76581155 5.3758328 ]
[6.44715915 5.20845175]
[6.14993285 5.06412768]
[5.83313339 4.92224492]
[5.5406273 4.8032979]
[5.25221819 4.69701398]
[5.28489243 5.15483797]
[5.30911886 5.58260533]
[5.32568852 5.98155694]
[5.33534723 6.35286322]
[5.33879802 6.69762798]
[5.33670333 7.01689219]
[5.32918607 7.33266336]
[5.31672144 7.62132086]
[5.30003071 7.88394154]
[5.27996221 8.12153859]
[5.25735843 8.33506684]
[5.23466149 8.51277757]
[5.20945627 8.68233342]
[5.18575045 8.82051401]
[5.16083529 8.94913615]
[5.13713823 9.05767315]
[5.11533576 9.14684495]
[5.09606124 9.21734997]
[5.07989956 9.26987045]
[5.06738178 9.30507791]
[5.0595373  9.32248642]
[5.05561662 9.32597794]
[5.05589963 9.31609349]
[5.06095137 9.29164509]
[5.07059303 9.25579899]
[5.08597421 9.20477154]
[5.10680712 9.14105016]
[5.13306025 9.06538554]
[5.162512   8.98449156]
[5.19643578 8.89454561]
[5.23461433 8.79622098]
[5.27978698 8.68245538]
[5.32910701 8.5607418 ]
[5.38209462 8.43199709]
[5.4382062  8.29716399]
[5.49684057 8.15720774]
[5.55734597 8.01311169]
[5.61902777 7.86587179]
[5.68115671 7.71649011]
[5.73886098 7.57624088]
[5.79569293 7.43578508]
[5.85102165 7.29591207]
[5.90421749 7.15739095]
[5.95465934 7.02096337]
[6.00508749 6.87751203]
[6.04787318 6.74768909]
[6.08612862 6.62198832]
[6.12168927 6.49203327]
[6.14893978 6.37663593]
[6.17024692 6.26686171]
[6.18629532 6.1553511 ]
[6.19420557 6.05831009]
[6.19530633 5.96771514]
[6.18898906 5.87737406]
[6.17558086 5.80044535]
[6.15364889 5.72471326]
[6.12578995 5.66121269]
[6.09118275 5.60388973]
[6.04705968 5.54848593]
[5.99927756 5.50306228]
[5.94177218 5.45958654]
[5.88238403 5.42436612]
[5.81809546 5.39332395]
[5.73944562 5.36129776]
[5.66642107 5.33746949]
[5.59019821 5.31608533]
[5.51136382 5.29655551]
[5.43051147 5.27828317]
[5.34227871 5.25902769]
[5.25913732 5.24148208]
[5.16972944 5.22167991]
[5.08072328 5.20057019]
[4.99868707 5.17942201]
[4.91219666 5.1538974 ]
[4.83353291 5.12753178]
[4.75159714 5.09534851]
[4.67270143 5.05895309]
[4.5972252  5.01788367]
[4.53032447 4.97527121]
[4.46228493 4.92405047]
[4.39842529 4.86713487]
[4.34289906 4.80896897]
[4.28744199 4.74044488]
[4.23984784 4.67122358]
[4.19606498 4.59659072]
[4.15314002 4.51033962]
[4.11703401 4.42468122]
[4.08208862 4.32687408]
[4.05309313 4.23079706]
[4.02537984 4.12233526]
[4.00267167 4.01690871]
[3.98264251 3.90746296]
[3.96503646 3.79439356]
[3.94958322 3.67813788]
[3.93502252 3.55026273]
[3.92226111 3.41995225]
[3.91093499 3.28787238]
[3.90136652 3.16390175]
[3.89243363 3.0395314 ]
[3.88384779 2.91535676]
[3.87532833 2.79197874]
[3.86660514 2.66999762]
[3.85742128 2.55000695]
[3.84753539 2.43258757]
[3.83672395 2.31830182]
[3.82478331 2.20768806]
[3.81057661 2.09363499]
[3.79573212 1.99224923]
[3.77927602 1.89598628]
[3.76110199 1.80523961]
[3.74113025 1.72035853]
[3.71930805 1.64164604]
[3.69389785 1.56438376]
[3.66632775 1.49480085]
[3.63863846 1.43695984]
[3.60916884 1.38602808]
[3.57800207 1.34206233]
[3.54524517 1.30507447]
[3.50855381 1.273241  ]
[3.470367   1.24932757]
[3.43355899 1.23389802]
[3.39582547 1.22507011]
[3.35736957 1.22266658]
[3.31840692 1.22648339]
[3.2763242  1.23745254]
[3.23705282 1.25339956]
[3.19799194 1.27481064]
[3.15658885 1.30380168]
[3.11875505 1.33562434]
[3.08187885 1.37203654]
[3.04361119 1.41616797]
[3.00701559 1.4648608 ]
[2.97471739 1.51373231]
[2.94432167 1.56598255]
[2.91603153 1.62133112]
[2.89003743 1.67950623]
[2.86651588 1.74024625]
[2.8456282 1.803301 ]
[2.82618386 1.87363951]
[2.81121946 1.94071538]
[2.79838421 2.01488842]
[2.78915488 2.09066706]
[2.78361865 2.16783201]
[2.78199956 2.24042897]
[2.78366002 2.31393984]
[2.78860862 2.38823358]
[2.7973714  2.46912584]
[2.80988486 2.55062476]
[2.82609016 2.63262222]
[2.84463703 2.7089849 ]
[2.86622145 2.78567053]
[2.89242964 2.8687194 ]
[2.91997982 2.94588683]
[2.95229511 3.02938056]
[2.98523642 3.1068984 ]
[3.02053079 3.18457776]
[3.06060432 3.26858165]
[3.10022289 3.34653726]
[3.1416281  3.42464471]
[3.18461579 3.50290841]
[3.22897434 3.58133488]
[3.27764254 3.66617666]
[3.32737906 3.7511867 ]
[3.37790489 3.83637444]
