Person 91
Starting Actual Velocity = [1.19026412 0.14873912]
[18.74439405  2.35017468]
[19.55847609  2.44991172]
[19.76166686  2.47336772]
[19.82558082  2.47960717]
[19.84323859  2.47983817]
[19.84720053  2.47814614]
[19.84690924  2.47570944]
[19.84548769  2.47302627]
[19.84331444  2.46995516]
[19.84129577  2.46688164]
[19.8378491  2.4627964]
[19.83480032  2.4588486 ]
[19.83117801  2.45436247]
[19.82749253  2.4497167 ]
[19.82432354  2.4453919 ]
[19.81900397  2.43919107]
[19.81569519  2.43473971]
[19.81956172  2.43623492]
[19.80422538  2.42082222]
[19.79388579  2.40990941]
[19.78934985  2.40516381]
[19.77678842  2.39176135]
[19.76574853  2.38018246]
[19.75493284  2.36911667]
[19.7439177   2.35819336]
[19.73848553  2.3550722 ]
[19.72582073  2.34381182]
[19.70815869  2.32664488]
[19.69169729  2.31162623]
[19.67541874  2.29762697]
[19.65933742  2.28487829]
[19.64279806  2.27263675]
[19.62556072  2.26069646]
[19.60754522  2.2490652 ]
[19.58827728  2.23754922]
[19.56757838  2.22536402]
[19.54695144  2.21485633]
[19.52537383  2.2047957 ]
[19.51802552  2.2165037 ]
[19.48970275  2.20347331]
[19.45872691  2.1885055 ]
[19.42997289  2.17833544]
[19.41750367  2.19271698]
[19.38144873  2.17994824]
[19.34922349  2.1741919 ]
[19.31986982  2.17494218]
[19.2912807   2.17998185]
[19.2625334   2.18847768]
[19.23522113  2.20292724]
[19.20676842  2.22058421]
[19.17822736  2.24316485]
[19.14072231  2.25966686]
[19.10582537  2.28387418]
[19.06747244  2.31397356]
[19.03309078  2.35152615]
[18.9886317   2.38189704]
[18.94981797  2.4228457 ]
[18.90670835  2.46429748]
[18.86214511  2.50894783]
[18.8143833   2.55472454]
[18.76738096  2.60509832]
[18.71822049  2.65690912]
[18.67617906  2.71760934]
[18.68332423  2.8149387 ]
[18.59876817  2.85711008]
[18.51530005  2.89531075]
[18.4498815   2.94052056]
[18.42670111  3.00267193]
[18.38302841  3.05311806]
[18.31569528  3.09064785]
[18.2523019   3.12337007]
[18.19472531  3.1514682 ]
[18.14736321  3.17502546]
[18.113879    3.19316158]
[18.11074788  3.20408832]
[18.06804071  3.2077074 ]
[18.04013289  3.20325095]
[18.02289209  3.19039992]
[18.00874552  3.16987865]
[17.99253989  3.14288732]
[17.98227529  3.10852672]
[18.70032706  2.91368035]
[19.10497164  2.7779222 ]
[19.30658973  2.68142334]
[19.36422048  2.61258674]
[19.39734491  2.53717199]
[19.24018023  2.3988262 ]
[19.01184802  2.32012329]
[18.75777503  2.26197263]
[18.50421067  2.20044745]
[18.26864714  2.1171519 ]
[18.12178559  1.9660435 ]
[18.12868139  1.68954149]
[17.62845905  1.59877925]
[17.16578703  1.45835445]
[16.74068232  1.26950488]
[16.25538162  1.10012405]
[15.86359664  0.87568178]
[15.38516046  0.67240738]
[14.41717472  0.78735178]
[13.89268291  0.59455393]
[13.77937113  0.08049522]
[13.90474289 -0.63351618]
[14.04560203 -1.29062372]
[14.10095101 -1.76836181]
[14.10886515 -2.07457007]
[14.01954424 -2.17670363]
[13.89621417 -2.13278715]
[13.79040189 -1.99368895]
[13.75566717 -1.79759017]
[13.67640036 -1.50803283]
[13.50374103 -1.12887012]
[13.28205685 -0.67408224]
[12.89727172 -0.15248404]
[12.32445598  0.38184161]
[11.67418031  0.88067171]
[11.05632863  1.28343995]
[10.60119315  1.55668536]
[10.40130438  1.73087114]
[10.54294762  1.87367934]
[11.08002723  2.03407468]
[11.86010594  2.18591626]
[12.69638272  2.29475897]
[13.53904702  2.36812197]
[14.20103243  2.35148094]
[14.70881151  2.2769305 ]
[15.24396108  2.23172527]
[15.99413008  2.28911696]
[16.36023528  2.16174691]
[18.86744445  2.4896357 ]
[18.5112438  1.2779581]
[16.74333645  0.50410046]
[15.63645179 -0.10038655]
[15.05712192 -0.4738541 ]
[14.88147074 -0.64606912]
[14.49386019 -0.60557371]
[15.24822602 -1.08856002]
[15.96542472 -1.46906436]
[16.83276584 -1.80623952]
[17.93628608 -2.1199601 ]
[18.4406292  -1.85592597]
[18.78486631 -1.35768524]
[19.05128868 -0.67602622]
[19.37466904  0.2425352 ]
[19.61309745  1.61303207]
[19.60436358  3.31476228]
[19.33248849  5.03479231]
[18.29262485  6.12373584]
[16.91417497  6.55999582]
[15.88777259  6.61338155]
[15.78896716  6.67601957]
[16.72351837  6.93780253]
[21.84872128  6.80458021]
[25.85999799  6.96524691]
[32.19319144  8.8086677 ]
[37.92387236  9.68658473]
[42.99667798  9.49319169]
[46.45781285  8.18936429]
[47.70961677  5.35662898]
[47.00525039  0.92875823]
[46.22274736 -6.27765068]
