Person 91
Starting Actual Velocity = [0.74629966 0.94020045]
[11.73776203 14.78858962]
[12.25281887 15.43702705]
[12.38353283 15.60138307]
[12.42585194 15.65449383]
[12.43912582 15.67108281]
[12.4438189  15.67691235]
[12.44588872 15.67947488]
[12.44715247 15.68105989]
[12.44812645 15.68230337]
[12.44900409 15.68349502]
[12.44969657 15.68442336]
[12.45034483 15.68532598]
[12.45095096 15.68618296]
[12.45156307 15.68707323]
[12.45223089 15.68808494]
[12.45285073 15.68901735]
[12.45358352 15.6902034 ]
[12.45462713 15.69205973]
[12.45525329 15.69301901]
[12.45589436 15.69417108]
[12.45665453 15.69581414]
[12.45719232 15.69705539]
[12.45766381 15.69842297]
[12.45803357 15.6998961 ]
[12.45826963 15.7014993 ]
[12.45832267 15.70383168]
[12.45807989 15.70618545]
[12.45752379 15.70847932]
[12.4564855  15.71114918]
[12.45482503 15.71426689]
[12.45231472 15.71802447]
[12.44869535 15.72259103]
[12.44361851 15.72820856]
[12.4366242  15.73519806]
[12.42711221 15.74397705]
[12.41462401 15.75483953]
[12.39792588 15.76866232]
[12.37612735 15.78606342]
[12.33937734 15.8132853 ]
[12.29946931 15.84372559]
[12.25146363 15.88005525]
[12.19098296 15.9249018 ]
[12.09671732 15.99005959]
[12.00536573 16.05768146]
[11.84715811 16.22639167]
[11.68047227 16.3590522 ]
[11.50015747 16.48161324]
[11.30151428 16.6044743 ]
[11.0909084  16.72802616]
[10.8708359  16.84996149]
[10.66877389 16.96156526]
[10.46753533 17.0603847 ]
[10.2735056  17.14001071]
[10.08349352 17.19293463]
[ 9.92483234 17.20736638]
[ 9.75908863 17.17025892]
[ 9.59845944 17.05356552]
[ 9.42574456 16.81863129]
[ 9.22647943 16.41705872]
[ 8.96128042 15.79868769]
[ 8.5998603  14.93938053]
[ 8.09099485 13.91094118]
[ 7.36335793 12.92795395]
[ 6.80923539 11.89791972]
[ 6.28924967 11.06163339]
[ 5.99696582 10.35181545]
[6.20031588 9.83226251]
[7.26161511 9.73149431]
[8.96762661 9.96537294]
[10.66393696  9.98062528]
[11.80080036  9.69047732]
[12.26508064  8.74575183]
[12.41126592  6.41803138]
[12.59133027  2.07156489]
[11.98942257 -0.31892745]
[10.96194195  0.52804397]
[10.29957041  2.95812279]
[9.90296883 5.20373627]
[9.63647353 6.66938481]
[8.00779966 7.19119575]
[4.65818969 8.02293264]
[ 2.49739233 11.86354146]
[ 2.20967242 16.76812453]
[ 2.83673004 19.4989237 ]
[ 4.98821568 18.82063482]
[ 6.2198724  14.05092309]
[6.62020565 9.33744877]
[6.12942933 5.20791752]
[5.3628401  2.25289003]
[ 3.50205515 -0.24098184]
[ 4.2690221  -3.99572938]
[ 12.49198786 -11.2654758 ]
[ 33.72773547 -26.913503  ]
[ 40.86218883 -16.26705885]
[38.17515238  0.33385687]
[20.5851492   7.57933941]
[-7.59128357 11.23508717]
[-18.86740242  10.9895647 ]
[-5.0804364  19.57578977]
[ 4.41289558 24.11717116]
[10.9320746  25.55389347]
[17.96309967 29.44414846]
[22.62407124 29.46145208]
