Person 91
Starting Actual Velocity = [ 1.1767718 -0.2257568]
[18.50685097 -3.55017651]
[19.30941994 -3.72236653]
[19.50545217 -3.78029124]
[19.56132439 -3.81384249]
[19.57114885 -3.83992852]
[19.56720962 -3.86449278]
[19.55888119 -3.88923325]
[19.54879452 -3.91507143]
[19.53792663 -3.94179741]
[19.52625815 -3.97019867]
[19.51466274 -3.99835326]
[19.50257278 -4.02774864]
[19.49034218 -4.05753003]
[19.47781711 -4.08808905]
[19.46464321 -4.12031007]
[19.45198323 -4.15128673]
[19.43838771 -4.18467528]
[19.42227419 -4.22453448]
[19.41074324 -4.25261267]
[19.39925664 -4.28078959]
[19.38645179 -4.3125022 ]
[19.37556104 -4.3392157 ]
[19.36507987 -4.36500868]
[19.35498408 -4.38988495]
[19.34530252 -4.41374676]
[19.33508261 -4.43927875]
[19.32607178 -4.46143203]
[19.31832382 -4.48013584]
[19.31114842 -4.49747449]
[19.30446249 -4.5135938 ]
[19.29824687 -4.5285344 ]
[19.29255514 -4.54209993]
[19.28742795 -4.55414742]
[19.28288564 -4.56459228]
[19.27893385 -4.57338749]
[19.27553738 -4.58049529]
[19.27270496 -4.58600748]
[19.27038294 -4.58991599]
[19.26963576 -4.59115034]
[19.26855594 -4.59039488]
[19.26773628 -4.58817906]
[19.26732114 -4.58466541]
[19.26885909 -4.57769376]
[19.26869063 -4.57083402]
[19.26902602 -4.56230491]
[19.26976523 -4.55204923]
[19.27074655 -4.53993329]
[19.27190604 -4.52570978]
[19.27350191 -4.50865026]
[19.27524048 -4.48868061]
[19.27727334 -4.46516636]
[19.27808243 -4.44012223]
[19.27925496 -4.41136978]
[19.28042972 -4.37885721]
[19.28190671 -4.34147213]
[19.28128461 -4.30277835]
[19.28132069 -4.25861184]
[19.28021232 -4.2113127 ]
[19.2784054  -4.16030963]
[19.30758802 -4.07143934]
[19.32252655 -3.99717876]
[19.32990324 -3.93186897]
[19.33565281 -3.86790685]
[19.35233727 -3.78775347]
[19.3473953  -3.73456941]
[19.34188918 -3.68658845]
[19.33966448 -3.6378844 ]
[19.34654464 -3.58063101]
[19.34950844 -3.53084973]
[19.34775306 -3.49106545]
[19.34690823 -3.45557816]
[19.34742065 -3.42370706]
[19.3502574  -3.39434428]
[19.35627241 -3.366717  ]
[19.36870779 -3.33851293]
[19.37541927 -3.31924975]
[19.38558717 -3.30148633]
[19.39860131 -3.28516676]
[19.34696965 -3.30273991]
[19.32688438 -3.30247119]
[19.324225   -3.29094746]
[19.33271035 -3.27187939]
[19.34477869 -3.25061856]
[19.36186206 -3.2262324 ]
[19.3825673  -3.19947065]
[19.4054291  -3.17099631]
[19.4365065  -3.13633878]
[19.46603889 -3.10123401]
[19.4937062  -3.06533812]
[19.52218219 -3.02608704]
[19.55321875 -2.98139646]
[19.58833537 -2.92935111]
[19.63416555 -2.86396757]
[19.6988546  -2.77845075]
[19.73576766 -2.71208421]
[19.77783258 -2.63968911]
[19.82749491 -2.55826065]
[19.8808999  -2.47246376]
[19.96268678 -2.3623719 ]
[20.06282277 -2.24600771]
[20.12200607 -2.17893704]
[20.19067122 -2.11274355]
[20.26811367 -2.0467627 ]
[20.35119953 -1.98435074]
[20.43683736 -1.92902803]
[20.52332307 -1.88256586]
[20.61304166 -1.84397072]
[20.7000205 -1.8164998]
[20.78125371 -1.80020781]
[20.85325931 -1.7943195 ]
[20.91440668 -1.79694801]
[20.95596847 -1.80804015]
[20.97353829 -1.82523294]
[20.96590759 -1.84525878]
[20.92599099 -1.8669239 ]
[20.85002773 -1.88839791]
[20.73233887 -1.90668273]
[20.56564769 -1.91973012]
[20.35033649 -1.92660891]
[20.09346943 -1.92646463]
[19.79544067 -1.91672706]
[19.4504447  -1.89396278]
[19.06711495 -1.8589789 ]
[18.65988631 -1.81445672]
[18.23073011 -1.84196104]
[17.82017682 -1.8377821 ]
[17.44220533 -1.8141256 ]
[17.08561403 -1.77514209]
[16.73328027 -1.71591437]
[16.44937185 -1.67479669]
[16.10327865 -1.51458638]
[16.01105099 -1.49768062]
[15.97627216 -1.55012909]
[15.92308838 -1.61211601]
[15.82733546 -1.68073104]
[15.6786128  -1.75010023]
[15.47686516 -1.81431097]
[14.93387578 -1.4496215 ]
[14.5992546  -1.36037299]
[14.36225254 -1.38525871]
[14.18148886 -1.47484789]
[14.10489989 -1.6120905 ]
[14.09003218 -1.75636181]
[14.12118395 -1.89042102]
[14.17549259 -2.0057075 ]
[14.21951151 -2.09869478]
[14.2235601  -2.17024693]
[14.16609195 -2.22115683]
[14.04773187 -2.254572  ]
[13.88421783 -2.26500655]
[13.70365053 -2.24307997]
[13.53482502 -2.17836844]
[13.3955889  -2.06570364]
[13.28926353 -1.91363713]
[13.20176856 -1.73967169]
[13.11456711 -1.5671849 ]
[13.01491983 -1.41794219]
[12.89616237 -1.30462563]
[12.76631048 -1.23689632]
[12.6348087  -1.20784427]
[12.51326279 -1.20204313]
[12.28053603 -1.2022255 ]
[12.49452511 -1.00855001]
[12.60509091 -0.76446114]
[12.50416852 -0.50015312]
[12.18954562 -0.26127241]
[11.78108691 -0.12433228]
[11.42256685 -0.13334461]
[11.22636826 -0.30553473]
[11.27493225 -0.62043733]
[11.56308579 -1.02485374]
[12.02864293 -1.43290645]
[12.52418978 -1.74506319]
[12.9865156  -1.95243964]
[13.34874932 -2.04722687]
[13.57140237 -2.05981801]
[13.64484012 -2.04671974]
[13.55845922 -2.06185908]
[13.29085868 -2.1265192 ]
[12.79296563 -2.23881458]
[11.9529793  -2.71206983]
[10.91274678 -3.00850555]
[ 9.40292982 -3.14637425]
[ 7.96268425 -2.82108654]
[ 7.00227769 -2.13344624]
[ 6.30346966 -1.33082633]
[ 5.84347608 -0.71174155]
[ 5.51126348 -0.28616518]
[ 5.41145977 -0.15462027]
[ 5.62780377 -0.30582153]
[ 6.22746969 -0.70337313]
[ 7.21216736 -1.28137138]
[ 8.59289131 -1.96714692]
[10.54242463 -2.79220077]
[12.4314857  -3.41615051]
[14.33152027 -3.91886986]
[15.72029796 -4.18291343]
[16.7385914  -4.34169936]
[17.47954282 -4.49511391]
[17.98083891 -4.67186306]
[18.22575254 -4.8564707 ]
[18.15709281 -4.95904008]
[17.74267668 -4.93890367]
[16.94245793 -4.77090446]
[15.6790071  -4.46404674]
[13.59491717 -4.04132656]
[11.82660216 -3.36458675]
[10.12519969 -2.46016419]
[ 8.85978241 -1.49095256]
[ 8.31239557 -0.70311586]
[ 8.44407664 -0.27324389]
[ 9.01882902 -0.22066448]
[ 9.78023039 -0.46557532]
[11.4470579  -1.02152569]
[12.55787132 -1.64033995]
[13.11964004 -2.48490585]
[13.37905706 -3.70674059]
[13.50318274 -5.26591272]
[13.64126739 -7.05188148]
[13.87584668 -8.55474553]
[14.23437256 -9.77818302]
[ 14.79708476 -10.72460234]
[ 15.52400089 -10.99566953]
[ 18.38544157 -11.84442559]
[ 20.41148728 -11.98548777]
[ 21.74106421 -11.63932373]
[ 22.44230115 -10.81494328]
[28.04213217 -6.72081233]
[32.60657626 -3.01343893]
[36.24930038 -0.19483092]
[39.2206651   1.38669825]
[41.94610434  1.69204475]
[44.44841613  0.80002615]
[46.68142812 -0.92071672]
[48.39101593 -3.13949219]
[48.63960046 -6.21813462]
