Person 91
Starting Actual Velocity = [0.87891278 0.5482358 ]
[13.82422218  8.6248317 ]
[14.92158429  9.73593203]
[15.35486629 10.25997937]
[15.57562002 10.56241844]
[15.69391263 10.74362083]
[15.76495953 10.86401801]
[15.81137817 10.95110027]
[15.84382847 11.01942434]
[15.86657032 11.07480696]
[15.88273951 11.12270793]
[15.89281134 11.1625762 ]
[15.89836249 11.19832712]
[15.89973015 11.23016088]
[15.89729628 11.25947494]
[15.89096295 11.28781398]
[15.88129206 11.31342597]
[15.86696877 11.33949858]
[15.8444506  11.37013506]
[15.82374861 11.39387141]
[15.79876211 11.41535126]
[15.76549085 11.4377208 ]
[15.73197835 11.45613456]
[15.69492643 11.47295006]
[15.65422937 11.48825565]
[15.60974833 11.50212259]
[15.55446979 11.51627118]
[15.49638745 11.5280643 ]
[15.43812966 11.53692733]
[15.37514569 11.54364707]
[15.30629967 11.54816482]
[15.22979844 11.55036544]
[15.14444288 11.54991471]
[15.04887781 11.54632043]
[14.94173287 11.53885477]
[14.82188227 11.52648042]
[14.69044718 11.50804898]
[14.54596935 11.48190734]
[14.39064949 11.44648379]
[14.20289055 11.39369386]
[14.03107327 11.32841743]
[13.85981793 11.25210412]
[13.67959347 11.16351918]
[13.46791349 11.05010538]
[13.28790906 10.93215459]
[13.09926995 10.80240004]
[12.89780529 10.63177522]
[12.69035828 10.45496412]
[12.48615484 10.26535838]
[12.28328833 10.0569326 ]
[12.07182761  9.82691636]
[11.81509352  9.56572363]
[11.4858083   9.27443223]
[11.12784684  8.95160702]
[10.81681987  8.59789892]
[10.52350329  8.17516551]
[10.28260373  7.69152228]
[10.17732162  7.13740905]
[9.81154929 6.36420234]
[9.82773017 5.62338385]
[10.4419582   5.04238004]
[11.51511288  4.68992117]
[12.72164641  4.57676697]
[14.20025685  4.95692115]
[15.70517506  5.37933732]
[16.57517633  4.86917619]
[17.02157336  3.36948879]
[16.98719573  1.6331272 ]
[16.85217157  0.59955625]
[17.26152187  2.5962634 ]
[18.12805447  6.09157267]
[17.23898525  8.26908775]
[15.54700682 11.33336827]
[12.27932549 16.11372443]
[ 9.95669176 23.24848648]
[14.08485317 34.43807345]
[20.64297036 38.52563931]
[30.15821067 28.72098792]
[37.69752626 10.11855143]
[45.66593823  0.90854994]
