Person 91
Starting Actual Velocity = [ 1.09990928 -0.4609754 ]
[17.3261222  -7.32989115]
[18.07929293 -7.63927653]
[18.26704002 -7.71301847]
[18.32583921 -7.73537373]
[18.34197252 -7.73970267]
[18.34558347 -7.73877574]
[18.34541963 -7.73630521]
[18.34437685 -7.73418052]
[18.34284046 -7.73167289]
[18.34165537 -7.73049138]
[18.33942126 -7.72662882]
[18.33779639 -7.72451337]
[18.33593227 -7.72183372]
[18.33431718 -7.71990575]
[18.33350343 -7.72022848]
[18.33121657 -7.71670493]
[18.33100689 -7.71876788]
[18.33621632 -7.73465249]
[18.3284906  -7.71788371]
[18.32445342 -7.71031093]
[18.32505329 -7.71469165]
[18.32056487 -7.706161  ]
[18.31746938 -7.70113488]
[18.31496543 -7.69764394]
[18.31280445 -7.69507793]
[18.3145959  -7.70257517]
[18.31288338 -7.70149856]
[18.30884814 -7.6946474 ]
[18.30579929 -7.6902096 ]
[18.30324079 -7.68700951]
[18.30118248 -7.6850935 ]
[18.29930776 -7.68368871]
[18.29749847 -7.68250437]
[18.29571058 -7.68143111]
[18.29392778 -7.68042782]
[18.29177608 -7.67859217]
[18.28985767 -7.6773576 ]
[18.28783563 -7.67592861]
[18.29049567 -7.68543676]
[18.2872276  -7.68147727]
[18.28330182 -7.67594744]
[18.28009695 -7.67204472]
[18.28130619 -7.67820648]
[18.27684561 -7.67172059]
[18.27338609 -7.66742739]
[18.27072222 -7.66492588]
[18.26838242 -7.66318113]
[18.26617507 -7.66176931]
[18.26446342 -7.66149727]
[18.26273349 -7.66123683]
[18.26122489 -7.66150689]
[18.25820384 -7.65853571]
[18.25591078 -7.65714304]
[18.25393709 -7.65646975]
[18.25258332 -7.65716115]
[18.24958366 -7.65440908]
[18.24776543 -7.65415795]
[18.24551022 -7.65303173]
[18.24330219 -7.65202983]
[18.24086914 -7.65058665]
[18.23882169 -7.64996132]
[18.23670007 -7.64921632]
[18.2358358  -7.65106152]
[18.24179479 -7.66646259]
[18.23603143 -7.65898707]
[18.23022792 -7.65123672]
[18.2264916  -7.64749306]
[18.22742845 -7.65291941]
[18.22592763 -7.65373725]
[18.22177597 -7.64945755]
[18.21778483 -7.64543016]
[18.21411586 -7.6419885 ]
[18.21111398 -7.63981535]
[18.24085139 -7.69396731]
[18.25215098 -7.71617021]
[18.25717564 -7.72738727]
[18.25886916 -7.73275998]
[18.25858387 -7.73467384]
[18.25706347 -7.73444376]
[18.25508936 -7.7334146 ]
[18.25325649 -7.73260165]
[18.25031229 -7.72995742]
[18.24774102 -7.72791278]
[18.24536707 -7.72619486]
[18.24289002 -7.72432078]
[18.24207168 -7.72512041]
[18.23990697 -7.72381807]
[18.23663271 -7.72075779]
[18.23319133 -7.71741307]
[18.23005892 -7.71453816]
[18.22752043 -7.71258662]
[18.22699584 -7.71375421]
[18.24954163 -7.7467217 ]
[18.26126929 -7.76433626]
[18.26759871 -7.77421888]
[18.27010955 -7.77862191]
[18.27409065 -7.78480858]
[18.2772062  -7.78956862]
[18.27247463 -7.78378248]
[18.26869036 -7.77913636]
[18.26560224 -7.77531945]
[18.26277674 -7.77177079]
[18.25994704 -7.76814706]
[18.25710807 -7.76444231]
[18.2547286  -7.76124315]
[18.25230224 -7.75789896]
[18.24984135 -7.75441878]
[18.24735415 -7.75080628]
[18.22314143 -7.71927503]
[18.20660253 -7.69762815]
[18.19468969 -7.68192343]
[18.18638778 -7.67083071]
[18.18009867 -7.66225611]
[18.1748877  -7.65497835]
[18.17137859 -7.64973922]
[18.16906784 -7.64584091]
[18.16670508 -7.64169196]
[18.16375843 -7.63664301]
[18.16100998 -7.63164282]
[18.15927288 -7.62761798]
[18.15793834 -7.62378472]
[18.15657077 -7.61959578]
[18.15552077 -7.61541625]
[18.15340951 -7.60968841]
[18.15036659 -7.60264059]
[18.14792494 -7.59596543]
[18.14826873 -7.59185853]
[18.14608841 -7.58461512]
[18.16688225 -7.60049802]
[18.16567207 -7.5912715 ]
[18.15609522 -7.5736492 ]
[18.148318   -7.55794918]
[18.14219894 -7.54387321]
[18.1380742  -7.53150246]
[18.13577812 -7.52046897]
[18.1389672  -7.51357984]
[18.13541664 -7.50020222]
[18.13200767 -7.48678904]
[18.13261123 -7.47609077]
[18.12993079 -7.46238487]
[18.12819473 -7.44910383]
[18.12683355 -7.43576435]
[18.12650625 -7.42272163]
[18.12585539 -7.4090179 ]
[18.12573957 -7.39521819]
[18.12606195 -7.38119301]
[18.12597441 -7.36645708]
[18.12638794 -7.35156584]
[18.12722542 -7.33641767]
[18.12843221 -7.32093711]
[18.12996989 -7.30506826]
[18.13138405 -7.28859928]
[18.13274775 -7.27163409]
[18.15375301 -7.27010482]
[18.17035792 -7.26424684]
[18.18314088 -7.25479496]
[18.19361142 -7.24275229]
[18.20282093 -7.22868898]
[18.24423067 -7.22606649]
[18.24302337 -7.20084754]
[18.24269057 -7.17634621]
[18.24335679 -7.15228986]
[18.24482464 -7.12848706]
[18.24620698 -7.10494586]
[18.24786493 -7.08164472]
[18.25048541 -7.05839975]
[18.25352382 -7.03513926]
[18.25774847 -7.0117126 ]
[18.26255998 -6.98800622]
[18.26569564 -6.96423509]
[18.26961312 -6.94046963]
[18.27419311 -6.91662363]
[18.27887196 -6.89267903]
[18.28317601 -6.86872   ]
[18.28808923 -6.84476021]
[18.2921045  -6.82088325]
[18.29629898 -6.79718154]
[18.30016481 -6.77370941]
[18.30374436 -6.75054774]
[18.31568186 -6.72815328]
[18.32777011 -6.7048513 ]
[18.33388875 -6.67979149]
[18.33757877 -6.65478308]
[18.33777463 -6.63058544]
[18.33910427 -6.60736566]
[18.34001869 -6.58504887]
[18.34095964 -6.56360175]
[18.3422829 -6.5429421]
[18.35825081 -6.5287797 ]
[18.37700116 -6.51450446]
[18.38753875 -6.4982688 ]
[18.39818823 -6.48194632]
[18.40315572 -6.46493998]
[18.40631397 -6.44819716]
[18.40803968 -6.43186326]
[18.40896375 -6.41600367]
[18.40989149 -6.40060778]
[18.41002339 -6.38560554]
[18.40979532 -6.37102976]
[18.4091932  -6.35685773]
[18.40854442 -6.34311633]
[18.38405397 -6.30591541]
[18.36306759 -6.27524222]
[18.34527342 -6.24845996]
[18.33023447 -6.22501055]
[18.31725674 -6.20448874]
[18.30562638 -6.18636989]
[18.29553801 -6.17051723]
[18.2860019  -6.15625465]
[18.27689969 -6.14310426]
[18.2680056  -6.13073087]
[18.25892304 -6.11874197]
[18.25045762 -6.10762255]
[18.24236002 -6.09715003]
[18.23511369 -6.08772834]
[18.22579369 -6.07694771]
[18.21643152 -6.06652733]
[18.20913238 -6.05845598]
[18.19845203 -6.04791363]
[18.18525003 -6.03571513]
[18.17090953 -6.02295366]
[18.15593837 -6.01015322]
[18.14018368 -5.99720432]
[18.1231364  -5.98344163]
[18.10551684 -5.96979802]
[18.08698079 -5.95592078]
[18.06735009 -5.94155144]
[18.0467761  -5.92709103]
[18.02495776 -5.91218046]
[18.00180103 -5.89676141]
[17.97721341 -5.88077637]
[17.95109888 -5.86438394]
[17.92336762 -5.84662512]
[17.89427306 -5.82836798]
[17.86356781 -5.80968851]
[17.8312506 -5.7900613]
[17.79704769 -5.76985048]
[17.76105271 -5.74852821]
[17.72287769 -5.72644776]
[17.68195799 -5.70358897]
[17.63843594 -5.67896195]
[17.5918786  -5.65304425]
[17.54340662 -5.62503039]
[17.49200376 -5.59583972]
[17.43944027 -5.56505394]
[17.38399718 -5.53314603]
[17.32592846 -5.49985695]
[17.26510479 -5.46508859]
[17.20301617 -5.42893732]
[17.13846363 -5.39151231]
[17.0713269  -5.35271585]
[17.00149543 -5.31245664]
[16.92886886 -5.27064972]
[16.85335797 -5.22721665]
[16.77488614 -5.1820861 ]
[16.69222597 -5.13496858]
[16.59774229 -5.08599785]
[16.49964634 -5.03148434]
[16.39887498 -4.97384634]
[16.29408372 -4.91358973]
[16.1896614  -4.85172215]
[16.08576923 -4.78916771]
[15.98157715 -4.72601921]
[15.87389708 -4.66130445]
[15.76432024 -4.59540174]
[15.65124995 -4.5278283 ]
[15.53304233 -4.45809322]
[15.41580608 -4.38740726]
[15.30266132 -4.3174488 ]
[15.18700547 -4.24643147]
[15.07255164 -4.17552026]
[14.95769737 -4.10429054]
[14.8340014  -4.03046848]
[14.70724063 -3.95485447]
[14.58330907 -3.87837342]
[14.46411692 -3.80283247]
[14.32448878 -3.73107099]
[14.20004339 -3.6490889 ]
[14.0784719  -3.56863636]
[13.9553133 -3.4878296]
[13.8347058 -3.4082565]
[13.71234237 -3.32819444]
[13.59012873 -3.24826778]
[13.4701756  -3.16927921]
[13.34840037 -3.08972983]
[13.23110827 -3.01197204]
[13.1144327  -2.93471248]
[12.99849762 -2.85801735]
[12.88348461 -2.78199457]
[12.76963465 -2.70679522]
[12.65724788 -2.63261351]
[12.54668101 -2.55968503]
[12.4402617  -2.48896315]
[12.33843509 -2.4208368 ]
[12.23785567 -2.35428661]
[12.14244413 -2.29069626]
[12.0493912 -2.22945  ]
[11.96072775 -2.17124504]
[11.87802278 -2.11651311]
[11.79940861 -2.06532419]
[11.72635713 -2.01797076]
[11.65917933 -1.97466213]
[11.5981249  -1.93556313]
[11.54343178 -1.9001656 ]
[11.49506625 -1.86982665]
[11.45312293 -1.84385622]
[11.41643278 -1.82013872]
[11.38551461 -1.80042929]
[11.3601861  -1.78456611]
[11.34131117 -1.77372763]
[11.32637488 -1.76481397]
[11.31614737 -1.75900075]
[11.31024031 -1.75596137]
[11.30822864 -1.75533806]
[11.3096572  -1.75674664]
[11.31404758 -1.75978161]
[11.32090498 -1.76402141]
[11.32780557 -1.76722384]
[11.334422   -1.76924767]
[11.3441028  -1.77325866]
[11.35849693 -1.78066737]
[11.36865615 -1.78327565]
[11.37678846 -1.78329275]
[11.38628009 -1.78369155]
[11.39307438 -1.78095605]
[11.40042479 -1.77784645]
[11.40610829 -1.77242792]
[11.40984622 -1.76446229]
[11.4088401  -1.75187754]
[11.40726162 -1.73792991]
[11.40247426 -1.72069528]
[11.39573583 -1.70114685]
[11.38781563 -1.67972601]
[11.37680311 -1.65526961]
[11.3644004 -1.6288256]
[11.34920061 -1.5997432 ]
[11.33258832 -1.56877348]
[11.3136285  -1.53573081]
[11.29342757 -1.50113099]
[11.27145397 -1.46516546]
[11.24841883 -1.42831901]
[11.22496192 -1.3907989 ]
[11.20037147 -1.35318804]
[11.17575019 -1.31589212]
[11.15141662 -1.27907412]
[11.12748697 -1.24335437]
[11.10435371 -1.20900524]
[11.08226406 -1.17637159]
[11.06165856 -1.14593699]
[11.04256271 -1.11796199]
[11.02482592 -1.09238193]
[11.00933981 -1.07028715]
[10.99533717 -1.05083807]
[10.98395589 -1.03560889]
[10.97402623 -1.02308047]
[10.96695641 -1.01536406]
[10.96039546 -1.00899259]
[10.95577551 -1.00615061]
[10.95302904 -1.00681759]
[10.95206711 -1.01093828]
[10.95278152 -1.01842392]
[10.955047   -1.02915373]
[10.95872356 -1.04297676]
[10.9636588 -1.0597139]
[10.97094176 -1.08152651]
[10.97785053 -1.10342864]
[10.98550605 -1.12755586]
[10.99372889 -1.1536391 ]
[11.00233797 -1.18139314]
[11.01115212 -1.21051898]
[11.01999155 -1.2407062 ]
[11.02867899 -1.27163517]
[11.03704058 -1.30297914]
[11.04490652 -1.33440615]
[11.05211136 -1.36558072]
[11.05849405 -1.39616525]
[11.0648755 -1.4284812]
[11.06821138 -1.4541689 ]
[11.07049652 -1.47850893]
[11.07161644 -1.50120258]
[11.07090287 -1.51988506]
[11.06858113 -1.53481819]
[11.06552506 -1.54968633]
[11.06110201 -1.56218971]
[11.0550447 -1.5706268]
[11.04805837 -1.58090903]
[11.03988742 -1.59527491]
[11.02757729 -1.59932091]
[11.01225973 -1.59509378]
[10.99419719 -1.58564547]
[10.97434637 -1.57017051]
[10.95154354 -1.55040612]
[10.9269162  -1.52585651]
[10.8972411  -1.49595301]
[10.86967491 -1.46321086]
[10.83904543 -1.42613484]
[10.80775383 -1.38659814]
[10.77329686 -1.3426528 ]
[10.73700397 -1.29546215]
[10.70230981 -1.24869891]
[10.66469765 -1.19808826]
[10.6259053  -1.14550208]
[10.58797059 -1.09331546]
[10.54937733 -1.04010674]
[10.50846381 -0.98420535]
[10.46920159 -0.93005132]
[10.42999939 -0.87610394]
[10.38928818 -0.82084753]
[10.34925193 -0.76676897]
[10.31193481 -0.71613004]
[10.27417166 -0.66587563]
[10.23957641 -0.61971827]
[10.2067225  -0.57637658]
[10.1745755  -0.53514844]
[10.14605695 -0.49861388]
[10.11900725 -0.46527359]
[10.09278334 -0.43612698]
[10.07037188 -0.41349869]
[10.05293844 -0.3968287 ]
[10.04007539 -0.3855743 ]
[10.03148325 -0.38022745]
[10.02680772 -0.37931154]
[10.0255108  -0.38211755]
[10.02842861 -0.39137082]
[10.03335875 -0.40157681]
[10.04034693 -0.41372434]
[10.04996165 -0.42924626]
[10.06210678 -0.44795048]
[10.07667551 -0.46963559]
[10.09355229 -0.49409463]
[10.11261462 -0.52111869]
[10.13373478 -0.55050019]
[10.15867417 -0.58509311]
[10.18558055 -0.62177695]
[10.21219992 -0.65707192]
[10.24032829 -0.6939492 ]
[10.26983085 -0.73224826]
[10.30057372 -0.77182252]
[10.33242418 -0.81253994]
[10.36525079 -0.85428321]
[10.39892333 -0.89694963]
[10.43331262 -0.94045058]
[10.47082897 -0.98845003]
[10.50625619 -1.03336112]
[10.54200943 -1.07891566]
[10.57799217 -1.12509621]
[10.61154395 -1.16811881]
[10.64511929 -1.21173076]
[10.67862272 -1.25592814]
[10.70951166 -1.29697885]
[10.74261446 -1.34237259]
[10.77534084 -1.38835009]
[10.80758065 -1.4349105 ]
[10.83922101 -1.48204997]
[10.87014689 -1.52975992]
[10.90024194 -1.57802544]
[10.92938937 -1.62682373]
[10.95747302 -1.67612283]
[10.98437854 -1.72588052]
[11.00999467 -1.77604358]
[11.03421451 -1.82654725]
[11.05523832 -1.87324584]
[11.07489642 -1.92017151]
[11.09615034 -1.97552238]
[11.11262206 -2.02252639]
[11.12630747 -2.0655549 ]
[11.13974547 -2.11245508]
[11.1515492  -2.15912755]
[11.16169381 -2.20547159]
[11.17016403 -2.25138621]
[11.18063155 -2.31718318]
[11.18507835 -2.36132985]
[11.18786531 -2.40473966]
[11.18901014 -2.44732553]
[11.18853508 -2.48900636]
[11.18644266 -2.52632756]
[11.18292077 -2.56610452]
[11.17785596 -2.60477769]
[11.17127421 -2.64229541]
[11.163199   -2.67861447]
[11.15365016 -2.7137002 ]
[11.14325811 -2.7446942 ]
[11.13090764 -2.77737472]
[11.11711097 -2.80876773]
[11.10186524 -2.83887113]
[11.08516055 -2.86769034]
[11.06697991 -2.89523774]
[11.0472992  -2.92153201]
[11.02608741 -2.94659735]
[11.004851   -2.96845227]
[10.98226594 -2.98938407]
[10.9583244  -3.00945596]
[10.93300832 -3.02872629]
[10.90629043 -3.04724794]
[10.87616001 -3.06683523]
[10.84641208 -3.08391258]
[10.81513354 -3.10036376]
[10.78227144 -3.11621371]
[10.74776963 -3.13147952]
[10.71157004 -3.1461702 ]
[10.67361391 -3.16028661]
[10.63384305 -3.17382144]
[10.59220097 -3.18675935]
[10.54863405 -3.19907717]
[10.50309264 -3.21074421]
[10.45553207 -3.22172268]
[10.4059136  -3.23196814]
[10.35420538 -3.24143006]
[10.29648038 -3.2510906 ]
[10.24037423 -3.25871366]
[10.18213227 -3.26536723]
[10.12175813 -3.2709828 ]
[10.05926563 -3.27548914]
[ 9.99467921 -3.27881309]
[ 9.92794009 -3.28088275]
[ 9.85422147 -3.28209513]
[ 9.78347498 -3.2814177 ]
[ 9.71092247 -3.27936345]
[ 9.63665858 -3.2758857 ]
[ 9.56078521 -3.27093502]
[ 9.48341137 -3.26445938]
[ 9.40465298 -3.25640421]
[ 9.32463268 -3.24671251]
[ 9.24347957 -3.23532487]
[ 9.16132891 -3.22217953]
[ 9.0783218  -3.20721248]
[ 8.99460488 -3.1903575 ]
[ 8.91032991 -3.17154636]
[ 8.82565336 -3.15070902]
[ 8.74073603 -3.1277738 ]
[ 8.65574253 -3.10266778]
[ 8.57084081 -3.07531712]
[ 8.48620161 -3.04564755]
[ 8.40199794 -3.01358486]
[ 8.31840442 -2.9790555 ]
[ 8.2355967  -2.94198727]
[ 8.15375072 -2.90231005]
[ 8.07304201 -2.85995664]
[ 7.99364493 -2.81486366]
[ 7.91573187 -2.76697249]
[ 7.83947236 -2.71623038]
[ 7.75966092 -2.65880376]
[ 7.68215524 -2.59796695]
[ 7.61218316 -2.53797528]
[ 7.54451817 -2.47500264]
[ 7.47930056 -2.40904612]
[ 7.41217558 -2.33512476]
[ 7.35245128 -2.2630315 ]
[ 7.29554925 -2.18803982]
[ 7.24156962 -2.1102141 ]
[ 7.19060063 -2.02963934]
[ 7.13933385 -1.94030625]
[ 7.09170601 -1.84807798]
[ 7.0477749  -1.75315109]
[ 7.00757858 -1.65575656]
[ 6.97113447 -1.55616067]
[ 6.93843856 -1.45466523]
[ 6.90946462 -1.35160708]
[ 6.88416342 -1.24735682]
[ 6.86246197 -1.14231655]
[ 6.84426283 -1.03691673]
[ 6.8294434  -0.93161203]
[ 6.81850732 -0.83413135]
[ 6.81023939 -0.73753127]
[ 6.80447829 -0.64221158]
[ 6.80165612 -0.42444908]
[ 6.80238326 -0.33711696]
[ 6.80507744 -0.2463003 ]
[ 6.80934428 -0.15919005]
[ 6.81482947 -0.07616844]
[ 6.82062390e+00 -3.08057174e-03]
[6.8268405  0.06594078]
[6.8331443  0.13069788]
[6.83918854 0.19103472]
[6.84461634 0.24683832]
[6.8490625  0.29803899]
[6.85215522 0.34460991]
[6.85351792 0.38656591]
[6.85277575 0.42694269]
[6.84912179 0.46216463]
[6.84208864 0.49239164]
[6.83121158 0.51782359]
[6.81603074 0.53869506]
[6.79609336 0.55526974]
[6.77262507 0.566658  ]
[6.74429813 0.57482972]
[6.7107719  0.58004184]
[6.66891753 0.58312761]
[6.62031114 0.58341098]
[6.56497746 0.58080238]
[6.5065909  0.57581444]
[6.43713528 0.56890261]
[6.36014883 0.56004589]
[6.27554431 0.54947183]
[6.18946061 0.5378368 ]
[6.09010851 0.524658  ]
[5.99038432 0.51104169]
[5.88426117 0.49679558]
[5.77193535 0.48212175]
[5.65366412 0.4672184 ]
[5.52976578 0.45227831]
[5.40061842 0.43748746]
[5.26665728 0.42302398]
[5.12837102 0.40905709]
[4.9862967  0.39574622]
[4.84101386 0.38324009]
[4.69313754 0.37167589]
[4.5433105 0.3611786]
[4.3921949  0.35186023]
[4.2404634  0.34381931]
[4.06672383 0.33695081]
[3.89407005 0.33190322]
[3.74521225 0.32851144]
[3.59853347 0.32665573]
[3.45461225 0.32635669]
[3.31398511 0.32761955]
[3.16709218 0.33094627]
[3.03483592 0.33538285]
[2.9072012  0.34130253]
[2.78450002 0.34865036]
[2.65826094 0.35825483]
[2.54655292 0.36831767]
[2.44034384 0.3795578 ]
[2.33213525 0.39299463]
[2.22663528 0.4060648 ]
[2.11973346 0.42108217]
[2.01982871 0.43670576]
[1.93338647 0.45145974]
[1.85275228 0.46635626]
[1.7777248  0.48119183]
[1.70265478 0.49692908]
[1.63846333 0.51095152]
[1.57902202 0.52424295]
[1.52399555 0.53657204]
[1.47303249 0.54770266]
[1.4257713  0.55739531]
[1.38184599 0.56540894]
[1.33748622 0.57189055]
[1.29934293 0.57566048]
[1.26343766 0.57702378]
[1.22943397 0.57575598]
[1.19701181 0.57164286]
[1.16315348 0.56375974]
[1.13309406 0.5531312 ]
[1.10375994 0.53908803]
[1.07491689 0.5214814 ]
[1.04635398 0.50018342]
[1.01788355 0.47508861]
[0.98683527 0.44364053]
[0.95807397 0.41046082]
[0.92644237 0.37019449]
[0.89687431 0.32880017]
[0.86677627 0.2834501 ]
[0.83347999 0.23013936]
[0.80211234 0.17679223]
[0.77006669 0.11970631]
[0.73461419 0.05407952]
[ 0.70112189 -0.01032365]
[ 0.66414193 -0.08348128]
[ 0.62920545 -0.15451279]
[ 0.59074438 -0.23436704]
[ 0.55444501 -0.31117858]
[ 0.51753355 -0.3904536 ]
[ 0.47712518 -0.4783882 ]
[ 0.43910563 -0.56194206]
[ 0.40063749 -0.64717728]
[ 0.35881731 -0.74059902]
[ 0.31967172 -0.82838387]
[ 0.28033376 -0.91696973]
[ 0.24090971 -1.00605029]
[ 0.20151749 -1.0953099 ]
[ 0.16228653 -1.18442325]
[ 0.12335715 -1.2730547 ]
[ 0.0848795  -1.36085763]
[ 0.04701202 -1.44747352]
[ 0.00991944 -1.53253118]
[-0.02599982 -1.61599925]
[-0.06066933 -1.69732388]
[-0.09627142 -1.78211456]
[-0.12761271 -1.85788817]
[-0.15703909 -1.93042549]
[-0.1843699  -1.99931579]
[-0.20944681 -2.06413004]
[-0.2321366  -2.12442743]
[-0.25233335 -2.17976278]
[-0.26996001 -2.22969482]
[-0.28610956 -2.27690094]
[-0.29922527 -2.31684807]
[-0.30855981 -2.347064  ]
[-0.31590954 -2.37178324]
[-0.31995518 -2.38720683]
[-0.32184701 -2.39547799]
[-0.3209856  -2.39524033]
[-0.31790997 -2.38647629]
[-0.31248229 -2.36891989]
[-0.30516891 -2.34477525]
[-0.29567197 -2.31082112]
[-0.28480962 -2.27200617]
[-0.27241957 -2.22671483]
[-0.25859348 -2.17547118]
[-0.24259346 -2.11462405]
[-0.22595775 -2.05312195]
[-0.20801575 -1.98781034]
[-0.18875212 -1.91952977]
[-0.16812086 -1.84917183]
[-0.14604575 -1.77766528]
[-0.12242166 -1.70596092]
[-0.0955657  -1.63010925]
[-0.06825579 -1.56106234]
[-0.03892487 -1.49470849]
[-0.00738614 -1.43192401]
[ 0.02655457 -1.37352902]
[ 0.06309272 -1.32027474]
[ 0.10241893 -1.27283266]
[ 0.14471279 -1.23178571]
[ 0.19013706 -1.19762166]
[ 0.23883226 -1.17072864]
[ 0.29240357 -1.14301109]
[ 0.3490705  -1.12312793]
[ 0.40901182 -1.11145576]
[ 0.4723563  -1.10822308]
[ 0.5391812  -1.11351824]
[ 0.61461103 -1.12923662]
[ 0.68867843 -1.15191257]
[ 0.76614211 -1.18262358]
[ 0.85277716 -1.22473217]
[ 0.94297688 -1.27507101]
[ 1.03647133 -1.3329913 ]
[ 1.1329428  -1.39777457]
[ 1.225253   -1.46303133]
[ 1.31951694 -1.53297499]
[ 1.41539473 -1.60693139]
[ 1.5125287  -1.68421636]
[ 1.61054755 -1.76414358]
[ 1.71630652 -1.85272447]
[ 1.82215676 -1.94266645]
[ 1.92040567 -2.02640111]
[ 2.01794007 -2.11005349]
[ 2.12144652 -2.19966938]
[ 2.22319665 -2.2877031 ]
[ 2.31593384 -2.3671384 ]
[ 2.40640079 -2.44415881]
[ 2.49424322 -2.51827667]
[ 2.57911819 -2.58903639]
[ 2.66069505 -2.6560149 ]
[ 2.73865611 -2.7188218 ]
[ 2.81811556 -2.78177284]
[ 2.88759812 -2.83477684]
[ 2.95733326 -2.88649578]
[ 3.02154282 -2.9318931 ]
[ 3.07594603 -2.96772219]
[ 3.12868599 -3.0002198 ]
[ 3.17191481 -3.02366443]
[ 3.20946269 -3.0409453 ]
[ 3.24115306 -3.05196495]
[ 3.26872509 -3.05731175]
[ 3.28776148 -3.05513488]
[ 3.30051153 -3.04658625]
[ 3.30687412 -3.03169002]
[ 3.30676863 -3.01049995]
[ 3.30013574 -2.98309928]
[ 3.28693837 -2.94960073]
[ 3.26716252 -2.91014636]
[ 3.24081816 -2.86490747]
[ 3.20794001 -2.81408444]
[ 3.16858829 -2.7579065 ]
[ 3.11962642 -2.69244908]
[ 3.06344801 -2.62145386]
[ 3.0002308  -2.54531332]
[ 2.93018829 -2.46445566]
[ 2.8535695  -2.37934366]
[ 2.77611152 -2.2962212 ]
[ 2.69344214 -2.21027266]
[ 2.60584269 -2.1219472 ]
[ 2.5136181  -2.03171533]
[ 2.41709529 -1.9400671 ]
[ 2.30959309 -1.84113429]
[ 2.19800081 -1.74179797]
[ 2.09029351 -1.64907067]
[ 1.97214459 -1.55083803]
[ 1.85132601 -1.45417562]
[ 1.72834023 -1.3597662 ]
[ 1.60369116 -1.26828854]
[ 1.47787881 -1.18041065]
[ 1.35139378 -1.09678228]
[ 1.22471186 -1.0180269 ]
[ 1.09828893 -0.94473337]
[ 0.97255619 -0.87744725]
[ 0.85583456 -0.8201637 ]
[ 0.7403628  -0.76887712]
[ 0.62642162 -0.72389572]
[ 0.51426498 -0.68547279]
[ 0.40411981 -0.65380295]
[ 0.29618661 -0.62901954]
[ 0.19064084 -0.61119324]
[ 0.08763506 -0.60033208]
[-0.01269829 -0.59638292]
[-0.11024353 -0.59923422]
[-0.20489803 -0.60872029]
[-0.29656832 -0.62462658]
[-0.39098985 -0.64912   ]
[-0.48179083 -0.68031502]
[-0.56886689 -0.71780791]
[-0.64701225 -0.75748196]
[-0.72170232 -0.80192793]
[-0.79742722 -0.8551282 ]
[-0.86891617 -0.91292456]
[-0.93600869 -0.97487766]
[-0.99853292 -1.04056025]
[-1.05630858 -1.10955919]
[-1.10604149 -1.17589254]
[-1.15131829 -1.24448094]
[-1.1944624  -1.32089958]
[-1.2300348  -1.39315125]
[-1.26072181 -1.46672622]
[-1.28640679 -1.54131947]
[-1.30699036 -1.61661905]
[-1.32012974 -1.69663746]
[-1.32758286 -1.77765665]
[-1.32909442 -1.85966885]
[-1.32449845 -1.94249151]
[-1.31370918 -2.02579729]
[-1.29671211 -2.10914319]
[-1.27355562 -2.19199812]
[-1.24187872 -2.28046675]
[-1.20344272 -2.36684058]
[-1.16180649 -2.44402506]
[-1.11103391 -2.52410946]
[-1.05839293 -2.59407163]
[-1.00085789 -2.65962581]
[-0.93872446 -2.72020381]
[-0.86730738 -2.77976979]
[-0.79664396 -2.82838704]
[-0.71683239 -2.8740839 ]
[-0.63902185 -2.90900083]
[-0.55825541 -2.93686625]
[-0.47485497 -2.95746539]
[-0.389139   -2.97064754]
[-0.3014214  -2.97632551]
[-0.21201085 -2.97447443]
[-0.12121037 -2.96512999]
[-0.02931723 -2.94838622]
[ 0.0700994  -2.92289598]
[ 0.16331818 -2.89133199]
[ 0.26350969 -2.85043643]
[ 0.35684536 -2.80514763]
[ 0.44982423 -2.7537494 ]
[ 0.54217507 -2.69662125]
[ 0.63362839 -2.63417424]
[ 0.73042343 -2.56216157]
[ 0.82553377 -2.48507491]
[ 0.91237605 -2.40884398]
[ 1.0033189  -2.32364322]
[ 1.08568115 -2.240954  ]
[ 1.16548139 -2.15591329]
[ 1.24245167 -2.06901695]
[ 1.31655573 -1.98110482]
[ 1.3874559  -1.89248578]
[ 1.45496181 -1.80368962]
[ 1.51888624 -1.71521043]
[ 1.5790512 -1.6275061]
[ 1.63529448 -1.54099858]
[ 1.68747632 -1.45607493]
[ 1.73548585 -1.37308892]
[ 1.77924734 -1.29236323]
[ 1.8187257  -1.21419201]
[ 1.85649847 -1.13354114]
[ 1.88717503 -1.06150501]
[ 1.91376334 -0.9927806 ]
[ 1.93643211 -0.92757697]
[ 1.95680312 -0.86176217]
[ 1.9721132  -0.80448011]
[ 1.98435551 -0.75129096]
[ 1.99390527 -0.70236543]
[ 2.00117971 -0.65786989]
[ 2.00663258 -0.61796747]
[ 2.01074781 -0.5828187 ]
[ 2.01403255 -0.55258168]
[ 2.01700971 -0.52741174]
[ 2.02021026 -0.50746068]
[ 2.02416533 -0.49287557]
[ 2.02979298 -0.483177  ]
[ 2.0491224  -0.49353644]
[ 2.07287602 -0.51089004]
[ 2.10228385 -0.53575707]
[ 2.13833039 -0.56857023]
[ 2.1817641  -0.60966964]
[ 2.23311062 -0.65929896]
[ 2.29268897 -0.71760368]
[ 2.36063011 -0.78463148]
[ 2.43689701 -0.86033461]
[ 2.51568024 -0.93896031]
[ 2.60737978 -1.03094491]
[ 2.69991832 -1.12429373]
[ 2.80554593 -1.23145341]
[ 2.91013258 -1.33824385]
[ 3.02761841 -1.45898451]
[ 3.14213857 -1.57753612]
[ 3.26908609 -1.70989371]
[ 3.39121893 -1.8382382 ]
[ 3.51617508 -1.97054874]
[ 3.64340557 -2.10631057]
[ 3.77237092 -2.24500133]
[ 3.91183994 -2.39617045]
[ 4.05208586 -2.54946525]
[ 4.19250468 -2.70424393]
[ 4.33251848 -2.85987296]
[ 4.47157639 -3.01573021]
[ 4.60915464 -3.17120754]
[ 4.74475599 -3.32571265]
[ 4.86903413 -3.46847295]
[ 4.99951517 -3.61950515]
[ 5.12669944 -3.76792725]
[ 5.25017909 -3.91321837]
[ 5.36956382 -4.05487593]
[ 5.47681863 -4.18324217]
[ 5.58726322 -4.31654734]
[ 5.69254974 -4.44484727]
[ 5.79233895 -4.56771086]
[ 5.88003518 -4.67691585]
[ 5.9624124  -4.78072147]
[ 6.0392119  -4.87881512]
[ 6.11017843 -4.97089564]
[ 6.17505963 -5.05667305]
[ 6.23360566 -5.1358683 ]
[ 6.28556914 -5.20821334]
[ 6.33393346 -5.27812323]
[ 6.37144881 -5.33543569]
[ 6.40164122 -5.38514884]
[ 6.42427761 -5.42704432]
[ 6.43913073 -5.46091837]
[ 6.4459804  -5.48658329]
[ 6.44452194 -5.5051148 ]
[ 6.43595551 -5.52377039]
[ 6.42036788 -5.53475061]
[ 6.39700525 -5.53916775]
[ 6.36744328 -5.5366721 ]
[ 6.33261008 -5.52822753]
[ 6.29339739 -5.51477611]
[ 6.25350746 -5.4984073 ]
[ 6.20819378 -5.47784777]
[ 6.16088286 -5.45491414]
[ 6.11229964 -5.43045391]
[ 6.06639921 -5.40696199]
[ 6.01721053 -5.38181163]
[ 5.96858935 -5.35742903]
[ 5.92105982 -5.33451738]
[ 5.87509171 -5.3137319 ]
[ 5.83110006 -5.29567522]
[ 5.7894452  -5.28089312]
[ 5.75043336 -5.26987055]
[ 5.71431783 -5.26302844]
[ 5.68350163 -5.26087484]
[ 5.65349628 -5.26303053]
[ 5.62684211 -5.2702104 ]
[ 5.60360373 -5.28256621]
[ 5.5838045  -5.30018083]
[ 5.56742987 -5.32306971]
[ 5.5544308  -5.35118318]
[ 5.5447274  -5.38440942]
[ 5.53864679 -5.42003343]
[ 5.53497924 -5.46259734]
[ 5.53422903 -5.5096218 ]
[ 5.53622954 -5.56078937]
[ 5.54080046 -5.61574133]
[ 5.54775088 -5.67408243]
[ 5.5568822  -5.73538553]
[ 5.56799076 -5.79919605]
[ 5.58087033 -5.86503631]
[ 5.59531426 -5.93240948]
[ 5.61111748 -6.00080334]
[ 5.62807819 -6.06969376]
[ 5.64599942 -6.13854776]
[ 5.66469027 -6.20682648]
[ 5.68396705 -6.27398781]
[ 5.70365417 -6.33948884]
[ 5.72358489 -6.40278819]
[ 5.74360187 -6.46334824]
[ 5.76355764 -6.52063725]
[ 5.78199772 -6.5705653 ]
[ 5.80015995 -6.61677974]
[ 5.81921891 -6.66187751]
[ 5.83774068 -6.70173815]
[ 5.85443502 -6.73361408]
[ 5.87050521 -6.76016596]
[ 5.8858857  -6.78104197]
[ 5.90156259 -6.79697119]
[ 5.91631236 -6.80559887]
[ 5.92916022 -6.80650959]
[ 5.94111231 -6.80051639]
[ 5.95212997 -6.78738752]
[ 5.96217759 -6.76692145]
[ 5.97122171 -6.73894912]
[ 6.16288444 -6.88895858]
[ 6.355579   -7.02824504]
[ 6.53518438 -7.1443677 ]
[ 6.69106272 -7.23106323]
[ 6.83638906 -7.29756287]
[ 6.98115651 -7.34718959]
[ 7.11454087 -7.37365339]
[ 7.23689037 -7.37710071]
[ 7.34851536 -7.35775778]
[ 7.44294459 -7.31872982]
[ 7.52849822 -7.2605159 ]
[ 7.60534462 -7.18353934]
[ 7.67850732 -7.08151559]
[ 7.74196312 -6.95926037]
[ 7.79584639 -6.81767971]
[ 7.84027371 -6.65782437]
[ 7.8730104  -6.49268736]
[ 7.89946719 -6.30101575]
[ 7.91560181 -6.10872569]
[ 7.92443956 -5.89072582]
[ 7.92430923 -5.67686154]
[ 7.91647481 -5.45478719]
[ 7.89993889 -5.20970223]
[ 7.87480329 -4.958902  ]
[ 7.8412407  -4.70438099]
[ 7.80223506 -4.46522602]
[ 7.76493224 -4.24478716]
[ 7.72017593 -4.02792968]
[ 7.66765416 -3.81831228]
[ 7.60714191 -3.61932312]
[ 7.53360567 -3.4207948 ]
[ 7.4562034  -3.25333839]
[ 7.37071831 -3.10474924]
[ 7.27064103 -2.96777196]
[ 7.16900268 -2.863914  ]
[ 7.0600457  -2.78336834]
[ 6.94416679 -2.72675902]
[ 6.8218171  -2.69433816]
[ 6.68432424 -2.68542116]
[ 6.54058124 -2.70379787]
[ 6.40121807 -2.74562551]
[ 6.24732575 -2.81399873]
[ 6.09972854 -2.90019693]
[ 5.93823957 -3.01345445]
[ 5.78475555 -3.1385723 ]
[ 5.62922959 -3.28024281]
[ 5.46093111 -3.44814394]
[ 5.29140118 -3.63150757]
[ 5.121175   -3.82844547]
[ 4.96211163 -4.02319026]
[ 4.80325942 -4.22661956]
[ 4.64496253 -4.4373215 ]
[ 4.48753763 -4.6539467 ]
[ 4.32011336 -4.89102037]
[ 4.16539508 -5.11591236]
[ 4.01236284 -5.34304222]
[ 3.86123559 -5.5713685 ]
[ 3.71221261 -5.79993033]
[ 3.56547545 -6.02784694]
[ 3.42118988 -6.25431642]
[ 3.26938772 -6.49463505]
[ 3.12074768 -6.73165304]
[ 2.98511723 -6.94913313]
[ 2.85250047 -7.16264106]
[ 2.72301412 -7.37174174]
[ 2.58775426 -7.59065604]
[ 2.46511884 -7.78947016]
[ 2.34596043 -7.98291356]
[ 2.23039565 -8.17078014]
[ 2.11854637 -8.35291084]
[ 2.00282736 -8.54178143]
[ 1.89169706 -8.72381206]
[ 1.785343   -8.89896168]
[ 1.69073191 -9.05601671]
[ 1.59421823 -9.21794388]
[ 1.50925787 -9.3627963 ]
[ 1.42937115 -9.50197952]
[ 1.49712537 -9.89958209]
[  1.56326125 -10.26996609]
[  1.6280688 -10.6142542]
[  1.69183566 -10.93348146]
[  1.75484818 -11.22859835]
[  1.81739245 -11.50047373]
[  1.8842097  -11.76771358]
[  1.95116171 -12.00997173]
[  2.01860708 -12.22803402]
[  2.08690843 -12.42259285]
[  2.1564331  -12.59425093]
[  2.22281234 -12.73357372]
[  2.29576222 -12.86239443]
[  2.36602469 -12.96245504]
[  2.4438306  -13.04979582]
[  2.52472135 -13.11602568]
[  2.60909139 -13.16131371]
[  2.69733557 -13.18577563]
[  2.78984617 -13.18948207]
[  2.88700911 -13.17246789]
[  2.98238649 -13.1372579 ]
[  3.08244696 -13.08403132]
[  3.18760799 -13.01278179]
[  3.30641893 -12.91713714]
[  3.42409345 -12.80857101]
[  3.55755366 -12.67304721]
[  3.69946235 -12.51707001]
[  3.850288   -12.34087201]
[  3.99970787 -12.15786412]
[  4.15740146 -11.95792811]
[  4.32343125 -11.74154728]
[  4.51018324 -11.49274192]
[  4.70615196 -11.22666072]
[  4.91088896 -10.94441808]
[  5.12373897 -10.64732865]
[  5.34383158 -10.33691074]
[  5.57007706 -10.01488357]
[ 5.80116697 -9.68315765]
[ 6.03558029 -9.34381783]
[ 6.25586137 -9.02208024]
[ 6.47602408 -8.69756166]
[ 6.69440567 -8.37223338]
[ 6.90924422 -8.04810077]
[ 7.11870388 -7.72717075]
[ 7.33534599 -7.38886393]
[ 7.52754128 -7.08087952]
[ 7.70857075 -6.78190857]
[ 7.88861486 -6.47302268]
[ 8.04068675 -6.19794335]
[ 8.17630344 -5.93644489]
[ 8.30240825 -5.67199454]
[ 8.39935406 -5.4419761 ]
[ 8.47592152 -5.22820531]
[ 8.53519035 -5.01701292]
[ 8.56691567 -4.83803999]
[ 8.57697432 -4.66428935]
[ 8.56215281 -4.51992817]
[ 8.52490151 -4.39165815]
[ 8.46128236 -4.27081211]
[ 8.37870487 -4.17382016]
[ 8.26790252 -4.0846572 ]
[ 8.14312556 -4.01512944]
[ 7.99957851 -3.9572236 ]
[ 7.81547798 -3.90301943]
[ 7.63595353 -3.86615122]
[ 7.44189476 -3.83718797]
[ 7.2348377  -3.81490497]
[ 7.01637055 -3.79808305]
[ 6.77180824 -3.78462337]
[ 6.53488625 -3.77531692]
[ 6.27415319 -3.76735203]
[ 6.00796422 -3.76022925]
[ 5.75620265 -3.75318115]
[ 5.4847425  -3.74416973]
[ 5.23126505 -3.73326931]
[ 4.9609797  -3.71819072]
[ 4.69358422 -3.69852658]
[ 4.43044208 -3.67342   ]
[ 4.18995199 -3.64419594]
[ 3.93831139 -3.60651616]
[ 3.6940867  -3.56142854]
[ 3.47379657 -3.51198595]
[ 3.24594918 -3.45132924]
[ 3.04196999 -3.38674866]
[ 2.8463524  -3.31458671]
[ 2.64592955 -3.22905435]
[ 2.46818649 -3.14097616]
[ 2.28702952 -3.03844154]
[ 2.12718032 -2.93471042]
[ 1.9649337 -2.8157711]
[ 1.82230374 -2.69725115]
[ 1.68756219 -2.57206849]
[ 1.56037004 -2.44061073]
[ 1.44034513 -2.30331908]
[ 1.31897857 -2.15049573]
[ 1.20484579 -1.99218461]
[ 1.09736878 -1.82909729]
[ 1.00271276 -1.67312858]
[ 0.91281967 -1.51430253]
[ 0.82719817 -1.35327709]
[ 0.74536166 -1.19072271]
[ 0.66683331 -1.02731559]
[ 0.59115053 -0.86373082]
[ 0.51786894 -0.70063561]
[ 0.44656585 -0.53868273]
[ 0.37684323 -0.3785042 ]
[ 0.30343636 -0.20943401]
[ 0.23583401 -0.05485376]
[0.16876776 0.09620203]
[0.10196031 0.24324176]
[0.03516671 0.38581902]
[-0.03182554  0.52353544]
[-0.10400873  0.66550772]
[-0.17680963  0.80111424]
[-0.24546489  0.92146571]
[-0.31486074  1.03585587]
[-0.38505096  1.14415236]
[-0.45606217  1.24627316]
[-0.53302636  1.34903557]
[-0.61090983  1.44466055]
[-0.68440566  1.52732004]
[-0.75858179  1.60395499]
[-0.83335336  1.67470397]
[-0.90862007  1.73973853]
[-0.98967176  1.80351104]
[-1.06558748  1.85736413]
[-1.14161683  1.90619787]
[-1.2230471   1.95342829]
[-1.29885148  1.9927245 ]
[-1.37432275  2.02786458]
[-1.454667    2.06138283]
[-1.53427148  2.09083316]
[-1.60771078  2.11487548]
[-1.68021005  2.13601697]
[-1.75163343  2.15455485]
[-1.82185222  2.1707794 ]
[-1.89074606  2.18497194]
[-1.95820399  2.19740305]
[-2.02883398  2.20911157]
[-2.09300069  2.21870688]
[-2.15991993  2.22790347]
[-2.22479117  2.23619964]
[-2.2875517   2.24383722]
[-2.34411514  2.25055553]
[-2.39878183  2.25704851]
[-2.45153918  2.26345706]
[-2.50601856  2.27036545]
[-2.55831181  2.27745505]
[-2.60844805  2.28483636]
[-2.65326853  2.29208082]
[-2.69629807  2.29970654]
[-2.74053872  2.30832778]
[-2.78003115  2.31686131]
[-2.82062465  2.32649742]
[-2.85687123  2.33599045]
[-2.89167036  2.34593028]
[-2.92749227  2.35703375]
[-2.95955636  2.367821  ]
[-2.99043277  2.3789563 ]
[-3.02020844  2.39039113]
[-3.04896999  2.40207099]
[-3.07879081  2.41478389]
[-3.10764569  2.42763991]
[-3.13563411  2.44055808]
