Person 91
Starting Actual Velocity = [ 1.0961548  -0.25465356]
[18.06157563 -4.07526973]
[18.8047347  -4.24729675]
[18.99380122 -4.29006323]
[19.07534226 -4.30527184]
[19.11061708 -4.31028733]
[19.13086982 -4.3121891 ]
[19.14549709 -4.31306552]
[19.16187412 -4.31408305]
[19.17507064 -4.31473339]
[19.19347128 -4.3160893 ]
[19.1980749  -4.31573496]
[19.20940696 -4.31630295]
[19.21748285 -4.31648532]
[19.22774236 -4.31700478]
[19.24564994 -4.31863206]
[19.24885932 -4.31823381]
[19.27046966 -4.32053612]
[19.33473196 -4.32979297]
[19.29685667 -4.32286274]
[19.28624369 -4.32036921]
[19.30982764 -4.32323326]
[19.29740214 -4.32052183]
[19.29416116 -4.31930336]
[19.29477552 -4.31871894]
[19.29754533 -4.3184939 ]
[19.32451287 -4.32210992]
[19.33069433 -4.32240452]
[19.32325575 -4.32056944]
[19.32101037 -4.31961244]
[19.32132076 -4.31909477]
[19.32420753 -4.31900811]
[19.3279773  -4.31908153]
[19.33199829 -4.31921441]
[19.336038   -4.31937016]
[19.34001384 -4.31953634]
[19.34221609 -4.31945063]
[19.34535987 -4.31953591]
[19.34798023 -4.31956732]
[19.3700599  -4.32259761]
[19.36812368 -4.32194923]
[19.36329337 -4.32093629]
[19.361112   -4.32037983]
[19.37570943 -4.32228972]
[19.36924284 -4.32122799]
[19.36621892 -4.32072334]
[19.36596928 -4.32066627]
[19.36681981 -4.32082019]
[19.36808795 -4.3210918 ]
[19.37101236 -4.32163759]
[19.37384832 -4.32223731]
[19.37737994 -4.32299029]
[19.37593619 -4.32324069]
[19.37672025 -4.32383282]
[19.37845875 -4.3246238 ]
[19.38209023 -4.32571414]
[19.38062485 -4.32639508]
[19.38263989 -4.3275305 ]
[19.38330011 -4.3286656 ]
[19.38402582 -4.32993941]
[19.3840171  -4.33129221]
[19.38503927 -4.33287835]
[19.38577925 -4.33460589]
[19.39000971 -4.3367603 ]
[19.41343799 -4.34029097]
[19.40435157 -4.34235142]
[19.39487004 -4.34450447]
[19.39079068 -4.34709462]
[19.39923458 -4.35050205]
[19.40117283 -4.35403488]
[19.39592947 -4.35761194]
[19.39088828 -4.36141402]
[19.38649208 -4.36546381]
[19.38365071 -4.3698103 ]
[19.38291244 -4.37450718]
[19.3869954 -4.379611 ]
[19.38299943 -4.38497351]
[19.3806431  -4.39060507]
[19.37904995 -4.39655675]
[19.37702091 -4.40285999]
[19.37393007 -4.40951705]
[19.37088465 -4.41652311]
[19.36921455 -4.42391164]
[19.36381599 -4.43171019]
[19.35988151 -4.43981895]
[19.3566669  -4.44830679]
[19.35301006 -4.45721486]
[19.35531867 -4.4665596 ]
[19.35264579 -4.47669501]
[19.34579706 -4.48735669]
[19.33817523 -4.49831802]
[19.33151289 -4.5095509 ]
[19.3268603  -4.52113179]
[19.32937788 -4.53322595]
[19.34398114 -4.54614039]
[19.32789253 -4.56075537]
[19.31513392 -4.57505848]
[19.30664096 -4.58926585]
[19.29815618 -4.60355227]
[19.3083521 -4.618053 ]
[19.32315793 -4.63392529]
[19.29787797 -4.65114223]
[19.27996888 -4.66761511]
[19.26739096 -4.68371465]
[19.25727144 -4.6996369 ]
[19.24779453 -4.71543211]
[19.23875434 -4.7310999 ]
[19.23280612 -4.74680636]
[19.22697494 -4.76256351]
[19.2212831  -4.77835301]
[19.21575146 -4.7941533 ]
[19.22091146 -4.78395751]
[19.22124053 -4.78306453]
[19.21752085 -4.78801646]
[19.21556456 -4.79656358]
[19.21263118 -4.80764394]
[19.20805137 -4.82029428]
[19.20693298 -4.83427531]
[19.20836522 -4.84940843]
[19.20793098 -4.86514449]
[19.20403876 -4.88091835]
[19.20039887 -4.89679629]
[19.20071968 -4.91319007]
[19.20268713 -4.92992316]
[19.20460141 -4.94677189]
[19.20801347 -4.96389834]
[19.20712838 -4.98039333]
[19.20243174 -4.99596647]
[19.20038854 -5.01149131]
[19.21037948 -5.02869213]
[19.20992598 -5.04413823]
[19.30995784 -5.07531026]
[19.31378843 -5.09525413]
[19.28165628 -5.10726716]
[19.25700523 -5.11883986]
[19.23934595 -5.13025889]
[19.23013963 -5.14219821]
[19.22872338 -5.15480537]
[19.25046878 -5.17158326]
[19.24408418 -5.18210409]
[19.23803116 -5.19178603]
[19.24828592 -5.20433753]
[19.24483223 -5.21327463]
[19.24486513 -5.22227526]
[19.24605555 -5.23088511]
[19.17144854 -5.2649056 ]
[19.11893786 -5.29003269]
[19.08441557 -5.30926174]
[19.06348825 -5.3238088 ]
[19.04968254 -5.33410012]
[19.04404187 -5.34169765]
[19.04455944 -5.34716426]
[19.0496834  -5.35095046]
[19.05820992 -5.35341214]
[19.0641342  -5.35327967]
[19.07120737 -5.35271359]
[19.07893976 -5.35176482]
[19.08699578 -5.35035556]
[19.09694355 -5.34860067]
[19.10630277 -5.34621   ]
[19.11685809 -5.34336182]
[19.13006448 -5.34017366]
[19.30860032 -5.35932   ]
[19.27906021 -5.34694695]
[19.25703013 -5.33535956]
[19.2418708  -5.32425232]
[19.23183433 -5.31327322]
[19.22234391 -5.3019335 ]
[19.21454104 -5.29022707]
[19.21099772 -5.2781479 ]
[19.2089198  -5.26529927]
[19.21127285 -5.25163549]
[19.21500515 -5.23663667]
[19.21034477 -5.21971894]
[19.20781404 -5.20147233]
[19.20662049 -5.1815583 ]
[19.20421532 -5.15961407]
[19.19864769 -5.13547114]
[19.19379265 -5.10897938]
[19.18368493 -5.07999879]
[19.17264518 -5.04845846]
[19.15875661 -5.01430249]
[19.14230639 -4.97753098]
[19.15546427 -4.93561183]
[19.16420591 -4.88619364]
[19.14462564 -4.82949386]
[19.1132421  -4.76842956]
[19.06893998 -4.70684422]
[19.02741105 -4.64172701]
[18.98376572 -4.57457604]
[18.93939333 -4.50508823]
[18.89509338 -4.43265361]
[18.85016691 -4.35719134]
[18.80637314 -4.27709568]
[18.77376228 -4.18798488]
[18.72060805 -4.09692698]
[18.66892542 -4.00007927]
[18.51892202 -3.93584095]
[18.38448007 -3.86447974]
[18.26219104 -3.78820611]
[18.14941426 -3.70811056]
[18.04435951 -3.62381949]
[17.9442872  -3.53766267]
[17.84818111 -3.45006134]
[17.75456095 -3.36196085]
[17.66276609 -3.27364774]
[17.57629306 -3.1031085 ]
[17.4737849  -2.96458824]
[17.37086901 -2.84050966]
[17.26746311 -2.7293693 ]
[17.16169491 -2.63172827]
[17.05250568 -2.54696209]
[16.94177739 -2.47362318]
[16.78281391 -2.42140206]
[16.76112807 -2.45491377]
[16.7170708  -2.47404555]
[16.65982874 -2.48650039]
[16.58965186 -2.49115787]
[16.50998268 -2.49077714]
[16.41088276 -2.47114102]
[16.30423363 -2.44374515]
[16.1993812  -2.41687967]
[16.07615237 -2.37278447]
[15.9459926  -2.31535472]
[15.81627128 -2.25115966]
[15.69037269 -2.18317045]
[15.56922891 -2.11235384]
[15.45129603 -2.03953861]
[15.34067923 -1.96677961]
[15.23634436 -1.89455879]
[15.136884   -1.82352188]
[15.04481007 -1.75472774]
[14.95778802 -1.68837945]
[14.87508022 -1.62496411]
[14.79581919 -1.56489941]
[14.74608121 -1.44227503]
[14.68551735 -1.33910333]
[14.62272766 -1.25234264]
[14.55891956 -1.18229558]
[14.48835924 -1.12849763]
[14.41523904 -1.09113056]
[14.33436782 -1.06715039]
[14.24993785 -1.05764082]
[14.16292439 -1.06359155]
[14.06550735 -1.07663966]
[13.96290923 -1.099238  ]
[13.84844602 -1.11924922]
[13.73154944 -1.1449336 ]
[13.60787419 -1.16509095]
[13.48445052 -1.18818028]
[13.36062515 -1.21048264]
[13.26699383 -1.16505436]
[13.1662587  -1.12854824]
[13.0639245  -1.10161187]
[12.96109701 -1.08403462]
[12.85908483 -1.07500658]
[12.75934518 -1.07317159]
[12.66341743 -1.07670727]
[12.57284781 -1.08342848]
[12.49152091 -1.09224563]
[12.45421311 -1.11216645]
[12.40239121 -1.11466352]
[12.35150057 -1.10341896]
[12.3120168  -1.07916192]
[12.27093836 -1.04280713]
[12.23457609 -0.99606509]
[12.2069386  -0.94067497]
[12.1958644  -0.87544501]
[12.19577128 -0.80170326]
[12.21038377 -0.71841084]
[12.24380285 -0.62380546]
[12.26921137 -0.5270754 ]
[12.28180647 -0.43374011]
[12.30187809 -0.33640749]
[12.31702007 -0.24196493]
[12.33099083 -0.1500504 ]
[12.3671975  -0.05218359]
[12.39805612  0.03723941]
[12.40120342  0.10762634]
[12.38356972  0.15901724]
[12.46695277  0.1872028 ]
[12.41205698  0.19378602]
[12.35269455  0.18102692]
[12.29440248  0.14457072]
[12.23417181  0.08728951]
[1.21778060e+01 2.35857133e-03]
[12.12423111 -0.10765468]
[12.07219191 -0.23593502]
[12.02769516 -0.39307977]
[11.98299132 -0.55566334]
[11.94381133 -0.7347833 ]
[11.90991041 -0.92784106]
[11.88079574 -1.13184062]
[11.85579078 -1.34348704]
[11.83411391 -1.55929369]
[11.81492028 -1.77569607]
[11.79408013 -1.97921266]
[11.7715841  -2.16772978]
[11.75382826 -2.35848001]
[11.7335665  -2.52952321]
[11.71780678 -2.69754472]
[11.7027943  -2.85053023]
[11.6852024 -2.9791534]
[11.67283261 -3.09802089]
[11.66202049 -3.19729646]
[11.65311451 -3.27600346]
[11.64641543 -3.33345597]
[11.63806568 -3.36542948]
[11.63671199 -3.38065636]
[11.6378728  -3.37424904]
[11.63286216 -3.34383518]
[11.63069074 -3.29631678]
[11.63110927 -3.23232769]
[11.63827101 -3.15190201]
[11.642398   -3.05664049]
[11.64800274 -2.94787221]
[11.65462973 -2.82705251]
[11.66178711 -2.69593198]
[11.66894565 -2.55659558]
[11.67553369 -2.41149214]
[11.68123657 -2.26348658]
[11.68123684 -2.11940243]
[11.67603792 -1.98250536]
[11.67342833 -1.84867054]
[11.67682666 -1.71968122]
[11.6676906  -1.61014771]
[11.65169575 -1.51889889]
[11.63574938 -1.44525541]
[11.61213331 -1.3934594 ]
[11.58720879 -1.36534981]
[11.55666521 -1.3626698 ]
[11.52036366 -1.38639563]
[11.4736577  -1.42729375]
[11.4246316 -1.4958967]
[11.36908346 -1.58084765]
[11.30991609 -1.68556513]
[11.24911156 -1.81647375]
[11.18321624 -1.95520114]
[11.11584746 -2.1168216 ]
[11.04334723 -2.27962247]
[10.96792697 -2.46095393]
[10.88554603 -2.63707762]
[10.79631176 -2.82700548]
[10.69637642 -3.0062471 ]
[10.5840836  -3.18395018]
[10.41221241 -3.40459391]
[10.23476002 -3.58099641]
[10.04203225 -3.74888608]
[ 9.82540295 -3.91700968]
[ 9.59458    -4.06266501]
[ 9.34296634 -4.19566898]
[ 9.06999274 -4.31473431]
[ 8.76535443 -4.4261702 ]
[ 8.43930689 -4.51878585]
[ 8.10758226 -4.58497273]
[ 7.75084161 -4.63612966]
[ 7.39975597 -4.6595719 ]
[ 7.03548423 -4.66300424]
[ 6.69097317 -4.6385923 ]
[ 6.3501623  -4.59051394]
[ 6.05421042 -4.51767493]
[ 5.78522394 -4.42418142]
[ 5.54865722 -4.31135374]
[ 5.34886475 -4.18099262]
[ 5.18901988 -4.03533483]
[ 5.07107559 -3.87696923]
[ 4.99576331 -3.70872033]
[ 4.96262511 -3.53351048]
[ 4.97545355 -3.34808508]
[ 5.02214715 -3.16710715]
[ 5.10304348 -2.98714612]
[ 5.21370152 -2.81012437]
[ 5.34898675 -2.63745745]
[ 5.50320825 -2.47001339]
[ 5.67026282 -2.30810848]
[ 5.8437849  -2.15154034]
[ 6.0173013  -1.99965818]
[ 6.18439036 -1.85146909]
[ 6.33884469 -1.70577743]
[ 6.47483639 -1.56135225]
[ 6.55461415 -1.43780288]
[ 6.59853477 -1.31822777]
[ 6.62251443 -1.19412037]
[ 6.62535567 -1.06556589]
[ 6.6053268  -0.93931995]
[ 6.56565321 -0.81711503]
[ 6.51111388 -0.69024753]
[ 6.44112655 -0.56675956]
[ 6.35936375 -0.45442651]
[ 6.26731419 -0.33949163]
[ 6.17437493 -0.23033506]
[ 6.08244596 -0.15532262]
[ 6.00278815 -0.11280752]
[ 5.94695249 -0.10292172]
[ 5.91445639 -0.12055607]
[ 5.92091302 -0.17393447]
[ 5.95989829 -0.25363431]
[ 6.07270879 -0.3895768 ]
[ 6.17373477 -0.50950824]
[ 6.32208873 -0.66045816]
[ 6.49044115 -0.81925109]
[ 6.70577986 -1.00575251]
[ 6.95529109 -1.20537476]
[ 7.1917911  -1.38666964]
[ 7.46853529 -1.58683321]
[ 7.76227514 -1.78973551]
[ 8.04601033 -1.9788863 ]
[ 8.33682961 -2.16671842]
[ 8.6528686  -2.36563513]
[ 8.94392014 -2.54588335]
[ 9.22888006 -2.721001  ]
[ 9.52489177 -2.90359463]
[ 9.80464166 -3.07891886]
[10.04516782 -3.23409911]
[10.28282867 -3.39530651]
[10.47750315 -3.53732726]
[10.6464566 -3.6737199]
[10.80080936 -3.81674268]
[10.91053555 -3.9431764 ]
[10.99913899 -4.07741874]
[11.07769473 -4.24488937]
[11.11214072 -4.42092353]
[11.08501146 -4.58025337]
[11.00589646 -4.72570507]
[10.88381121 -4.87157489]
[10.72398318 -5.00707674]
[10.53593821 -5.13383028]
[10.33050971 -5.27755796]
[10.11890352 -5.40063089]
[ 9.90632916 -5.51580376]
[ 9.69167905 -5.63423486]
[ 9.47908688 -5.75578255]
[ 9.27212894 -5.88013997]
[ 9.07378275 -6.00685227]
[ 8.88640841 -6.13533378]
[ 8.71175212 -6.26488421]
[ 8.54799675 -6.40618257]
[ 8.40003449 -6.54630768]
[ 8.26913415 -6.67301734]
[ 8.15240312 -6.79695025]
[ 8.04914569 -6.91697224]
[ 7.95839187 -7.0318606 ]
[ 7.87897277 -7.14029352]
[ 7.80959455 -7.24083667]
[ 7.74890863 -7.33192792]
[ 7.69557628 -7.41186178]
[ 7.65154561 -7.48512699]
[ 7.6089548  -7.53576521]
[ 7.57020869 -7.5690309 ]
[ 7.57074357 -7.57593499]
[ 7.58852677 -7.55546559]
[ 7.63537258 -7.50658119]
[ 7.71457841 -7.42525568]
[ 7.81230558 -7.3152761 ]
[ 7.95441247 -7.16174057]
[ 8.12471916 -6.96714299]
[ 8.31836646 -6.72995597]
[ 8.52953582 -6.44947535]
[ 8.75191852 -6.12585591]
[ 8.97914384 -5.76013342]
[ 9.20514906 -5.35423504]
[ 9.42448104 -4.91097844]
[ 9.63252444 -4.4340574 ]
[ 9.82565527 -3.9280104 ]
[10.00132212 -3.39816779]
[10.16885175 -2.89754297]
[10.32886071 -2.39518604]
[10.52147954 -1.83905408]
[10.67890981 -1.36414442]
[10.82380615 -0.94182917]
[10.99312057 -0.52173733]
[11.17201841 -0.13892607]
[11.36194969  0.20214667]
[11.5636074   0.49822658]
[11.89523581  0.80230365]
[12.12025211  0.98739097]
[12.35436936  1.12465541]
[12.59567671  1.21516086]
[12.84190203  1.26064609]
[13.06787475  1.2671811 ]
[13.31672411  1.23228904]
[13.56266678  1.16013703]
[13.80291234  1.05390698]
[14.03472565  0.91688514]
[14.25547991  0.75238086]
[14.44374281  0.57977089]
[14.63670728  0.37103529]
[14.81188482  0.14406941]
[14.96738716 -0.09825977]
[15.10155536 -0.35327673]
[15.21296383 -0.61850833]
[15.30042039 -0.8916862 ]
[15.47075231 -1.15721105]
[15.59271017 -1.40939269]
[15.68431304 -1.66964349]
[15.74673597 -1.93858107]
[15.78161455 -2.21682173]
[15.79104325 -2.50492948]
[15.78032002 -2.82911056]
[15.74530418 -3.13858967]
[15.69390162 -3.45866008]
[15.62977452 -3.78900664]
[15.55682368 -4.12893177]
[15.4791075  -4.47730512]
[15.40075348 -4.83252789]
[15.32586554 -5.19251521]
[15.25843105 -5.55469881]
[15.2022312  -5.91605116]
[15.16075856 -6.27313089]
[15.13714475 -6.62214817]
[15.13410087 -6.95904731]
[15.15387217 -7.27960314]
[15.20687659 -7.60450639]
[15.27867602 -7.87719181]
[15.37704173 -8.12061527]
[15.50216972 -8.33097789]
[15.65378844 -8.50483397]
[15.83117939 -8.63913489]
[16.57016734 -8.75557188]
[17.32415792 -8.82485676]
[17.99049266 -8.83184936]
[18.62363592 -8.78832041]
[19.22424669 -8.69611935]
[19.79257079 -8.5573243 ]
[20.32842452 -8.37417613]
[20.83118648 -8.14900134]
[21.29979978 -7.88412673]
[21.73278716 -7.58179043]
[22.12828129 -7.24405482]
[22.48407232 -6.87272823]
[22.79767465 -6.46930365]
[23.06641469 -6.03492471]
[23.28753968 -5.57038547]
[23.45834671 -5.0761703 ]
[23.5763303  -4.55253882]
[23.63934518 -3.99965766]
[23.64577929 -3.4177776 ]
[23.59472987 -2.80745   ]
[23.48617345 -2.16977162]
[23.3211183  -1.50664209]
[23.10172626 -0.82101351]
[22.83138991 -0.11710826]
[22.51475179  0.59942049]
[22.1576547   1.32140993]
[21.76701663  2.04021048]
[21.32191781  2.79387195]
[20.85752916  3.51860965]
[20.41510239  4.15654935]
[19.97382001  4.74458089]
[19.54178897  5.27087058]
[19.09771085  5.75452064]
[18.70724888  6.11859119]
[18.34498753  6.39138687]
[18.01451501  6.56692002]
[17.71805615  6.64143331]
[17.43881886  6.60941878]
[17.19955991  6.46089279]
[16.99873035  6.20015652]
[16.83386554  5.83437027]
[16.70194859  5.37329184]
[16.59977115  4.82896777]
[16.52426528  4.21539461]
[16.47278443  3.54816161]
[16.44331656  2.84407949]
[16.43462078  2.12078907]
[16.44628591  1.39634566]
[16.47506115  0.73625098]
[16.52275408  0.10463927]
[16.59076676 -0.48492813]
[16.86962416 -1.63776488]
[17.01618863 -1.98928258]
[17.20711387 -2.27572895]
[17.43460688 -2.46134912]
[17.70136328 -2.54416885]
[17.98682776 -2.52853786]
[18.31041835 -2.42833459]
[18.67358457 -2.24925975]
[19.07738493 -1.99913316]
[19.52240156 -1.68766925]
[20.00864921 -1.32620012]
[20.53548232 -0.92736212]
[21.10150181 -0.50476759]
[21.74983089 -0.03951859]
[22.43663019  0.41863167]
[23.15651418  0.85123212]
[23.90235397  1.23946616]
[24.66467472  1.56365462]
[25.43034991  1.8020552 ]
[26.12818523  1.91861799]
[26.78416853  1.90999571]
[27.34856051  1.74098722]
[27.75326961  1.35354466]
[27.75411811  0.77555488]
