Person 91
Starting Actual Velocity = [0.54916254 0.89265071]
[ 8.64595448 14.03723177]
[10.70867781 14.46923866]
[11.74867689 14.51576654]
[12.3505699  14.49557749]
[12.70024794 14.46601701]
[12.92300655 14.43982634]
[13.07780531 14.41807634]
[13.19533139 14.39944024]
[13.28805097 14.38320514]
[13.83710337 14.4194888 ]
[14.0312109  14.42642447]
[14.09506438 14.42241189]
[14.11599451 14.41438909]
[14.12273543 14.40432786]
[14.12538304 14.39391988]
[14.12787779 14.38216894]
[14.1331925  14.36737141]
[14.14353716 14.35635739]
[14.1528441  14.34495073]
[14.16302131 14.33161061]
[14.17395751 14.31992205]
[14.18512031 14.30832088]
[14.19665522 14.29687935]
[14.20882727 14.28570466]
[14.22365419 14.27342676]
[14.24086282 14.26262117]
[14.25814756 14.25377644]
[14.27522572 14.24612351]
[14.29206103 14.23982073]
[14.30892147 14.23503783]
[14.32593718 14.23207649]
[14.34317769 14.23122181]
[14.36066048 14.2327399 ]
[14.37838737 14.23687537]
[14.39614604 14.24375747]
[14.41407388 14.25354925]
[14.43217902 14.26631459]
[14.45322202 14.28434155]
[14.47586586 14.30531669]
[14.49837681 14.32863063]
[14.5207158  14.35441829]
[14.54599787 14.38595741]
[14.57200896 14.41758519]
[14.59874778 14.45087561]
[14.62591834 14.4856995 ]
[14.6541637  14.52181885]
[14.68408665 14.55898103]
[14.71652553 14.59747367]
[14.75177113 14.6369033 ]
[14.79021835 14.67738629]
[14.83000042 14.71685264]
[14.87147435 14.75649504]
[14.91437018 14.79613207]
[14.95912918 14.83622671]
[15.00322352 14.87457172]
[15.04768316 14.91293218]
[15.09093016 14.95018774]
[15.13242423 14.9864419 ]
[15.17102023 15.02129453]
[15.2062269  15.05506744]
[15.23688068 15.08744118]
[15.26276605 15.11944288]
[15.28551804 15.15572879]
[15.3022451  15.18871304]
[15.30506483 15.21685897]
[15.28960265 15.23970029]
[15.24815803 15.25688256]
[15.18073593 15.26442668]
[15.08775866 15.25968948]
[14.9629169  15.23965157]
[14.8035216  15.20172891]
[14.60718181 15.14361911]
[14.37077625 15.06192567]
[14.07890832 14.94541764]
[13.74614353 14.78761592]
[13.30864995 14.54363452]
[12.7183836  14.16997621]
[11.98346385 13.66067307]
[11.20372173 13.07568429]
[10.51999361 12.50623636]
[10.0244094  12.01173811]
[ 9.72971797 11.61890053]
[ 9.56965339 11.29314146]
[ 9.67224532 11.105339  ]
[10.17990252 11.0997912 ]
[11.06882359 11.19863049]
[12.03248463 11.25744357]
[12.7023057  11.13170412]
[12.89854009 10.74550251]
[12.53866478 10.05404333]
[11.54231924  9.02600922]
[9.67821487 7.57918004]
[6.12599759 5.54764965]
[1.2426915  3.19211694]
[1.83453443 2.0472957 ]
[7.56844217 2.46505614]
[12.71740278  3.68257766]
[13.33372429  5.34318984]
[12.55000901  5.11339382]
[12.48488656  4.02402928]
[12.91194843  2.5822373 ]
[14.10358476  1.66520961]
[15.59520191  1.94235377]
[16.67309492  3.56260431]
[16.18575284  5.55213691]
[14.06272554  7.20644002]
[11.34071424  8.01621364]
[9.40051727 7.79666658]
[8.57801275 6.74555898]
[8.00787934 5.29028094]
[6.86259711 3.86636735]
[6.20048991 2.59358996]
[5.87845495 0.74071793]
[ 6.85761858 -0.98269576]
[ 9.26478562 -1.43458273]
[12.09165752 -0.04250539]
[13.71955805  3.03943735]
[13.15370328  6.43909736]
[10.92207391  8.54122149]
[8.26811141 8.97238886]
[6.41787122 8.31534339]
[6.34993203 7.93360277]
[7.732071   8.91390294]
[ 9.297411   11.31947595]
[15.82245595 22.30238303]
[17.85829258 25.93981034]
[16.67434438 22.70523572]
[13.35991188 13.38874227]
[7.1590016  8.26811981]
[-5.79032858  9.77136039]
[-5.21517643  7.51958101]
[ 0.71180951 17.30391255]
[ 7.4866537  21.34340996]
[14.01260989 20.75442857]
[19.40313465 15.23925507]
[22.23661128  4.04010049]
