Person 91
Starting Actual Velocity = [0.28400048 1.16562874]
[ 4.48033217 18.34998943]
[ 4.67510048 19.15063607]
[ 4.72493096 19.35181663]
[ 4.74247343 19.41590616]
[ 4.74916167 19.43466955]
[ 4.75278279 19.43999801]
[ 4.75561355 19.44112251]
[ 4.75867798 19.441021  ]
[ 4.76182216 19.44013808]
[ 4.76585265 19.43921301]
[ 4.76907241 19.43692678]
[ 4.77338477 19.43471089]
[ 4.77786139 19.43170298]
[ 4.7831665  19.42825599]
[ 4.79030132 19.42473824]
[ 4.79614334 19.41880723]
[ 4.80595209 19.41371055]
[ 4.82783295 19.41287292]
[ 4.82853915 19.39516588]
[ 4.83550855 19.38041576]
[ 4.85193495 19.367936  ]
[ 4.86056074 19.34756935]
[ 4.87213704 19.32642611]
[ 4.8856415  19.30301263]
[ 4.90087806 19.27646065]
[ 4.92649002 19.24749602]
[ 4.94790957 19.20786217]
[ 4.96558074 19.16068788]
[ 4.98651979 19.10803234]
[ 5.01031383 19.04747119]
[ 5.03764117 18.97649291]
[ 5.06832074 18.89215194]
[ 5.10236786 18.79141812]
[ 5.13961987 18.67111709]
[ 5.17937881 18.5281678 ]
[ 5.21870718 18.36145143]
[ 5.25677023 18.16894558]
[ 5.28831292 17.95158729]
[ 5.32367487 17.68869759]
[ 5.31009126 17.42450867]
[ 5.26861978 17.15454068]
[ 5.2031068  16.87065277]
[ 5.11173781 16.55149946]
[ 4.95585344 16.26704694]
[ 4.77287773 15.97293302]
[ 4.56606302 15.66354568]
[ 4.32816207 15.35362697]
[ 4.05303274 15.06395062]
[ 3.74030089 14.81136043]
[ 3.39777434 14.61136415]
[ 3.04972748 14.46220082]
[ 2.69634828 14.39123505]
[ 2.37349761 14.40798778]
[ 2.11233159 14.50919936]
[ 1.93790857 14.75886779]
[ 1.80983102 15.12071995]
[ 1.80933272 15.56704038]
[ 1.84115052 15.9963118 ]
[ 1.88106209 16.42183104]
[ 1.87399055 17.15070527]
[ 1.80872379 17.86368859]
[ 1.60654806 18.02543948]
[ 1.44849531 18.0666368 ]
[ 1.69447485 18.16466199]
[ 4.10386399 20.623178  ]
[ 4.80130951 18.90838678]
[ 6.54525472 15.21655652]
[ 9.69492841 11.74059552]
[12.74905937 13.00304497]
[10.71443553 11.82317326]
[4.84066994 9.65645586]
[-0.58293395  7.06092238]
[-4.07943407  7.24064309]
[-7.71344896 11.18583742]
[-8.12444356 16.51312884]
[-6.12141022 18.56217856]
[-2.28013274 14.68047453]
[ 9.53669672 22.35358119]
[19.04250371 23.07384654]
[23.86675766 20.4273823 ]
[26.17898808 20.5262988 ]
