Person 91
Starting Actual Velocity = [0.51793624 1.06635032]
[ 8.25247756 16.86184574]
[ 8.59623347 17.58785021]
[ 8.67487772 17.76636151]
[ 8.69582276 17.82182071]
[ 8.69590159 17.83557332]
[ 8.68955808 17.83701214]
[ 8.68101526 17.83469836]
[ 8.67261644 17.83207289]
[ 8.66324578 17.82876705]
[ 8.65528482 17.82690175]
[ 8.64299873 17.82188642]
[ 8.63290539 17.81895468]
[ 8.62161014 17.81533336]
[ 8.61111049 17.81268409]
[ 8.60350583 17.81313088]
[ 8.59010936 17.80820666]
[ 8.58460384 17.8114028 ]
[ 8.59528563 17.83774008]
[ 8.56568856 17.80871508]
[ 8.55043844 17.79346422]
[ 8.55236445 17.79760816]
[ 8.54420348 17.77292562]
[ 8.54553431 17.75041062]
[ 8.55559362 17.72470721]
[ 8.57539677 17.69279044]
[ 8.61371    17.67131067]
[ 8.66468217 17.61146229]
[ 8.73129275 17.52023931]
[ 8.81325842 17.41870543]
[ 8.90959292 17.30335585]
[ 9.01666166 17.17575472]
[ 9.12925494 17.03759883]
[ 9.23944024 16.89481294]
[ 9.33757576 16.75594301]
[ 9.41406113 16.6301412 ]
[ 9.46926486 16.51770237]
[ 9.48786163 16.4333972 ]
[ 9.47897261 16.36575837]
[ 9.26297942 16.47599272]
[ 9.26792882 16.31616246]
[ 9.26250396 16.10446952]
[ 9.17109536 15.90828947]
[ 8.77498331 15.94610342]
[ 8.6854055  15.48439601]
[ 8.49670408 15.11408737]
[ 8.28805997 14.91449673]
[ 8.13751011 14.85849869]
[ 8.0590106  14.87389309]
[ 8.01297904 14.91393126]
[ 8.02975278 14.81452919]
[ 8.38314999 15.10334998]
[ 8.89382577 15.19819755]
[ 9.1070166  15.08071441]
[ 9.23296901 15.31559645]
[ 9.15152808 15.60354085]
[ 8.71316991 15.12811848]
[ 8.47433442 14.85640474]
[ 7.89207755 14.82189548]
[ 8.55654508 17.68869507]
[ 8.38748292 17.17264203]
[ 7.14615755 13.93817164]
[ 7.13642899 15.1797509 ]
[ 7.95983313 13.85562919]
[ 6.65186129 13.2264905 ]
[ 2.37976288 10.38747441]
[ 3.49631776 10.68201877]
[ 6.20502204 13.55650627]
[ 9.53425274 17.00995032]
[14.63259962 15.28291373]
